/*--------------------------------*- C++ -*----------------------------------*\
| =========                 |                                                 |
| \\      /  F ield         | OpenFOAM: The Open Source CFD Toolbox           |
|  \\    /   O peration     | Version:  v1906                                 |
|   \\  /    A nd           | Web:      www.OpenFOAM.com                      |
|    \\/     M anipulation  |                                                 |
\*---------------------------------------------------------------------------*/
FoamFile
{
    version     2.0;
    format      ascii;
    class       volScalarField;
    location    "10368000";
    object      err;
}
// * * * * * * * * * * * * * * * * * * * * * * * * * * * * * * * * * * * * * //

dimensions      [0 1 0 0 0 0 0];


internalField   nonuniform List<scalar> 
4250
(
-0.00022992
-0.000233356
-0.000236374
-0.000238361
-0.000239215
-0.000239045
-0.000238047
-0.000236441
-0.00023444
-0.000232232
-0.000229969
-0.000227766
-0.0002257
-0.000223811
-0.000222109
-0.000220576
-0.000219175
-0.000217847
-0.000216526
-0.00021513
-0.000213575
-0.000211768
-0.000209616
-0.000207025
-0.000203903
-0.000200167
-0.000195742
-0.000190563
-0.000184573
-0.000177727
-0.000170015
-0.00016153
-0.000152577
-0.000143749
-0.000135627
-0.000126072
-0.000100841
-5.30796e-05
-3.98234e-05
-0.000109546
-0.000136762
-0.000134303
-0.000129457
-0.000123438
-0.000118279
-0.000114395
-0.000111806
-0.000110457
-0.000109477
-0.000109043
-0.000229588
-0.000233044
-0.000236093
-0.00023811
-0.000238993
-0.000238848
-0.000237869
-0.000236278
-0.000234287
-0.000232086
-0.000229827
-0.000227626
-0.000225559
-0.00022367
-0.000221967
-0.000220434
-0.000219033
-0.000217708
-0.000216389
-0.000214998
-0.00021345
-0.000211652
-0.000209511
-0.000206932
-0.000203825
-0.000200106
-0.000195699
-0.000190539
-0.000184569
-0.000177744
-0.00017005
-0.000161577
-0.00015262
-0.000143763
-0.000135601
-0.000126204
-0.000101655
-5.07054e-05
-6.686e-05
-0.00010946
-0.00013684
-0.000134533
-0.000129683
-0.000123607
-0.000118395
-0.000114467
-0.000111843
-0.000110483
-0.000109488
-0.000109043
-0.000228976
-0.000232498
-0.000235591
-0.000237647
-0.000238563
-0.000238447
-0.000237492
-0.00023592
-0.000233944
-0.000231754
-0.000229503
-0.000227308
-0.000225247
-0.000223361
-0.000221662
-0.000220133
-0.000218736
-0.000217416
-0.000216105
-0.000214723
-0.000213185
-0.0002114
-0.000209274
-0.000206712
-0.000203625
-0.000199927
-0.000195544
-0.00019041
-0.000184468
-0.000177671
-0.000170006
-0.000161556
-0.000152608
-0.00014374
-0.000135578
-0.000126474
-0.000103257
-4.95453e-05
-4.56484e-05
-0.000109469
-0.000137347
-0.000134817
-0.000129931
-0.000123769
-0.000118496
-0.000114525
-0.000111865
-0.000110504
-0.000109493
-0.000109038
-0.000228092
-0.000231717
-0.000234868
-0.000236971
-0.000237926
-0.000237843
-0.000236916
-0.000235368
-0.000233411
-0.000231237
-0.000228999
-0.000226814
-0.000224761
-0.000222884
-0.000221192
-0.000219671
-0.000218283
-0.000216972
-0.000215672
-0.000214302
-0.000212779
-0.00021101
-0.000208903
-0.000206363
-0.0002033
-0.000199628
-0.000195274
-0.000190171
-0.000184263
-0.000177503
-0.000169874
-0.000161457
-0.000152529
-0.000143661
-0.000135516
-0.000126757
-0.000105196
-5.04167e-05
-4.00432e-05
-0.000146948
-0.000138985
-0.000135178
-0.000130203
-0.000123925
-0.000118585
-0.000114569
-0.000111873
-0.000110522
-0.000109492
-0.000109028
-0.000226945
-0.000230705
-0.000233928
-0.000236084
-0.000237083
-0.000237037
-0.000236143
-0.000234622
-0.000232689
-0.000230535
-0.000228314
-0.000226144
-0.000224104
-0.000222239
-0.000220558
-0.000219049
-0.000217673
-0.000216376
-0.000215089
-0.000213736
-0.00021223
-0.000210482
-0.000208398
-0.000205883
-0.000202848
-0.000199208
-0.000194887
-0.000189821
-0.000183954
-0.000177236
-0.000169652
-0.000161275
-0.000152375
-0.000143516
-0.000135396
-0.000126996
-0.00010721
-5.22887e-05
-3.17869e-05
-0.000144186
-0.000141057
-0.00013562
-0.000130501
-0.000124076
-0.000118661
-0.0001146
-0.000111867
-0.000110535
-0.000109485
-0.000109013
-0.000225547
-0.000229467
-0.000232774
-0.000234989
-0.000236037
-0.000236033
-0.000235175
-0.000233685
-0.00023178
-0.00022965
-0.00022745
-0.000225299
-0.000223277
-0.000221427
-0.000219763
-0.000218268
-0.000216908
-0.000215627
-0.000214358
-0.000213024
-0.00021154
-0.000209816
-0.000207758
-0.000205273
-0.00020227
-0.000198665
-0.000194382
-0.000189359
-0.000183537
-0.000176869
-0.000169336
-0.000161007
-0.000152144
-0.0001433
-0.000135208
-0.000127158
-0.000109186
-5.52942e-05
-2.24627e-05
-0.000144863
-0.000181792
-0.000136649
-0.00013083
-0.000124222
-0.000118724
-0.000114618
-0.000111845
-0.000110545
-0.000109473
-0.000108992
-0.000223909
-0.000228011
-0.000231412
-0.000233692
-0.000234793
-0.000234834
-0.000234015
-0.000232561
-0.000230688
-0.000228586
-0.000226412
-0.000224284
-0.000222283
-0.000220452
-0.000218807
-0.000217331
-0.000215989
-0.000214728
-0.000213481
-0.000212169
-0.00021071
-0.000209012
-0.000206984
-0.000204531
-0.000201564
-0.000197999
-0.00019376
-0.000188783
-0.000183012
-0.0001764
-0.000168925
-0.000160652
-0.000151832
-0.000143011
-0.000134949
-0.000127224
-0.000111042
-5.93102e-05
-1.3148e-05
-0.000146186
-0.000183838
-0.000185864
-0.000131738
-0.000124367
-0.000118775
-0.000114623
-0.000111809
-0.000110553
-0.000109455
-0.000108967
-0.000222046
-0.000226344
-0.000229848
-0.000232199
-0.000233356
-0.000233445
-0.00023267
-0.000231255
-0.000229417
-0.000227347
-0.000225202
-0.000223101
-0.000221125
-0.000219318
-0.000217694
-0.00021624
-0.000214921
-0.000213682
-0.000212458
-0.000211172
-0.00020974
-0.000208073
-0.000206077
-0.000203661
-0.000200734
-0.000197211
-0.000193019
-0.000188094
-0.000182379
-0.000175829
-0.000168419
-0.000160209
-0.000151439
-0.000142648
-0.000134614
-0.000127182
-0.000112719
-6.40717e-05
-5.06054e-06
-0.000148013
-0.000186608
-0.000177295
-0.000132683
-0.00012451
-0.000118814
-0.000114616
-0.000111758
-0.000110558
-0.000109432
-0.000108937
-0.000219972
-0.000224476
-0.00022809
-0.000230516
-0.000231732
-0.000231874
-0.000231145
-0.000229773
-0.000227974
-0.00022594
-0.000223827
-0.000221756
-0.000219808
-0.000218027
-0.000216429
-0.000215
-0.000213706
-0.000212493
-0.000211295
-0.000210037
-0.000208635
-0.000207001
-0.000205041
-0.000202664
-0.00019978
-0.000196304
-0.000192163
-0.000187293
-0.00018164
-0.000175156
-0.000167817
-0.000159676
-0.000150965
-0.000142209
-0.000134205
-0.000127028
-0.000114171
-6.92628e-05
7.73361e-07
-0.000149887
-0.000189401
-0.000177645
-0.000167669
-0.000124988
-0.000118843
-0.000114598
-0.000111691
-0.000110561
-0.000109405
-0.000108902
-0.0002177
-0.000222418
-0.000226148
-0.000228652
-0.000229931
-0.000230127
-0.000229448
-0.000228121
-0.000226364
-0.000224369
-0.000222292
-0.000220255
-0.000218337
-0.000216587
-0.000215017
-0.000213616
-0.000212349
-0.000211164
-0.000209995
-0.000208768
-0.000207398
-0.000205799
-0.000203878
-0.000201543
-0.000198705
-0.000195279
-0.000191193
-0.000186383
-0.000180795
-0.000174383
-0.000167121
-0.000159056
-0.000150411
-0.000141697
-0.000133722
-0.000126761
-0.000115372
-7.45805e-05
3.69485e-06
-0.00015146
-0.000191492
-0.000178048
-0.000163291
-0.000125506
-0.000118862
-0.000114569
-0.000111608
-0.000110563
-0.000109372
-0.000108862
-0.000215248
-0.000220182
-0.000224032
-0.000226617
-0.000227961
-0.000228213
-0.000227585
-0.000226307
-0.000224595
-0.000222641
-0.000220604
-0.000218603
-0.00021672
-0.000215002
-0.000213463
-0.000212092
-0.000210855
-0.0002097
-0.000208563
-0.000207368
-0.000206034
-0.000204472
-0.000202592
-0.000200302
-0.000197512
-0.00019414
-0.000190112
-0.000185365
-0.000179847
-0.000173511
-0.000166331
-0.00015835
-0.000149776
-0.000141112
-0.000133167
-0.000126386
-0.000116308
-7.97722e-05
3.47046e-06
-0.000152483
-0.000192503
-0.000178111
-0.000162269
-0.000154159
-0.000119132
-0.000114532
-0.000111508
-0.000110566
-0.000109334
-0.000108818
-0.000212629
-0.000217781
-0.000221752
-0.00022442
-0.00022583
-0.00022614
-0.000225567
-0.000224339
-0.000222675
-0.000220766
-0.000218771
-0.000216809
-0.000214963
-0.00021328
-0.000211774
-0.000210436
-0.00020923
-0.000208108
-0.000207004
-0.000205844
-0.000204546
-0.000203024
-0.000201187
-0.000198944
-0.000196206
-0.00019289
-0.000188923
-0.000184243
-0.000178799
-0.000172544
-0.000165451
-0.000157558
-0.000149063
-0.000140455
-0.000132543
-0.00012591
-0.000116978
-8.4649e-05
2.5196e-07
-0.000152809
-0.000192233
-0.000177512
-0.000161135
-0.000150457
-0.000119439
-0.000114488
-0.000111391
-0.000110569
-0.000109292
-0.000108769
-0.000209861
-0.000215226
-0.00021932
-0.000222073
-0.000223549
-0.00022392
-0.000223402
-0.000222226
-0.000220612
-0.000218751
-0.0002168
-0.00021488
-0.000213073
-0.000211427
-0.000209957
-0.000208653
-0.000207482
-0.000206393
-0.000205324
-0.0002042
-0.000202941
-0.000201461
-0.000199669
-0.000197475
-0.00019479
-0.000191533
-0.00018763
-0.000183021
-0.000177653
-0.000171483
-0.000164482
-0.000156683
-0.000148274
-0.000139728
-0.000131852
-0.000125339
-0.000117391
-8.90842e-05
-5.52198e-06
-0.000152383
-0.000190637
-0.000176132
-0.000159782
-0.000148939
-0.00014525
-0.000114664
-0.000111257
-0.000110574
-0.000109245
-0.000108716
-0.000206959
-0.000212533
-0.000216749
-0.000219585
-0.00022113
-0.00022156
-0.000221099
-0.000219978
-0.000218416
-0.000216604
-0.0002147
-0.000212824
-0.000211059
-0.000209451
-0.000208019
-0.000206751
-0.000205615
-0.000204563
-0.00020353
-0.000202444
-0.000201225
-0.000199788
-0.000198042
-0.000195899
-0.000193271
-0.000190074
-0.000186238
-0.000181701
-0.000176414
-0.000170332
-0.000163427
-0.000155728
-0.000147411
-0.000138934
-0.000131097
-0.000124682
-0.000117565
-9.30051e-05
-1.3244e-05
-0.000151227
-0.000187789
-0.000173955
-0.000158069
-0.000147349
-0.000141467
-0.000114874
-0.000111106
-0.000110583
-0.000109194
-0.000108659
-0.000203937
-0.000209714
-0.00021405
-0.000216969
-0.000218581
-0.000219073
-0.00021867
-0.000217605
-0.000216097
-0.000214336
-0.000212481
-0.00021065
-0.000208928
-0.000207361
-0.000205968
-0.000204738
-0.000203639
-0.000202623
-0.000201628
-0.000200582
-0.000199404
-0.000198011
-0.000196314
-0.000194223
-0.000191652
-0.000188519
-0.000184751
-0.00018029
-0.000175085
-0.000169095
-0.000162291
-0.000154695
-0.000146476
-0.000138074
-0.000130282
-0.000123946
-0.000117522
-9.6381e-05
-2.22481e-05
-0.000149422
-0.000183857
-0.000171038
-0.000155968
-0.000145678
-0.000139783
-0.000140484
-0.000111153
-0.000110597
-0.000109137
-0.000108597
-0.000200813
-0.000206783
-0.000211235
-0.000214236
-0.000215916
-0.000216469
-0.000216125
-0.000215117
-0.000213663
-0.000211955
-0.00021015
-0.000208367
-0.000206689
-0.000205165
-0.000203812
-0.000202621
-0.00020156
-0.000200583
-0.000199626
-0.00019862
-0.000197485
-0.000196137
-0.000194489
-0.000192452
-0.00018994
-0.000186871
-0.000183175
-0.000178791
-0.000173672
-0.000167776
-0.000161075
-0.000153588
-0.000145472
-0.000137153
-0.00012941
-0.00012314
-0.000117284
-9.92118e-05
-3.18957e-05
-0.000147081
-0.000179062
-0.000167489
-0.000153502
-0.00014384
-0.000138096
-0.000135761
-0.000111212
-0.000110619
-0.000109077
-0.000108531
-0.0001976
-0.000203753
-0.000208318
-0.000211399
-0.000213144
-0.000213759
-0.000213473
-0.000212523
-0.000211126
-0.000209472
-0.000207718
-0.000205984
-0.000204352
-0.000202871
-0.00020156
-0.000200408
-0.000199387
-0.000198448
-0.000197531
-0.000196566
-0.000195474
-0.000194172
-0.000192574
-0.000190592
-0.000188141
-0.000185138
-0.000181514
-0.00017721
-0.000172178
-0.000166379
-0.000159785
-0.00015241
-0.000144403
-0.000136171
-0.000128483
-0.00012227
-0.000116877
-0.000101518
-4.16323e-05
-0.000144335
-0.000173647
-0.000163446
-0.000150722
-0.000141827
-0.000136428
-0.000133953
-0.000141822
-0.000110904
-0.000109013
-0.000108461
-0.000194314
-0.000200638
-0.00020531
-0.000208468
-0.000210278
-0.000210953
-0.000210727
-0.000209835
-0.000208494
-0.000206895
-0.000205194
-0.000203509
-0.000201925
-0.000200489
-0.000199219
-0.000198109
-0.000197127
-0.000196228
-0.000195351
-0.000194426
-0.000193378
-0.000192124
-0.000190577
-0.000188651
-0.00018626
-0.000183325
-0.000179774
-0.000175551
-0.000170609
-0.000164909
-0.000158424
-0.000151166
-0.000143271
-0.000135133
-0.000127505
-0.000121342
-0.000116322
-0.000103335
-5.10172e-05
-0.000141311
-0.000167849
-0.000159057
-0.000147696
-0.000139654
-0.000134696
-0.000132206
-0.000131754
-0.000111197
-0.000108947
-0.000108387
-0.000190967
-0.000197451
-0.000202224
-0.000205455
-0.000207328
-0.000208063
-0.000207895
-0.000207062
-0.000205778
-0.000204235
-0.000202587
-0.000200953
-0.000199416
-0.000198026
-0.000196799
-0.00019573
-0.000194788
-0.000193929
-0.000193092
-0.00019221
-0.000191206
-0.000189998
-0.000188503
-0.000186633
-0.000184304
-0.000181437
-0.000177962
-0.000173821
-0.00016897
-0.000163371
-0.000156997
-0.000149858
-0.00014208
-0.000134042
-0.000126478
-0.000120362
-0.000115643
-0.000104703
-5.97308e-05
-0.000138128
-0.000161884
-0.000154465
-0.000144498
-0.000137352
-0.000132889
-0.000130592
-0.000129762
-0.000111364
-0.000108875
-0.00010831
-0.000187573
-0.000194203
-0.000199071
-0.000202373
-0.000204306
-0.000205099
-0.00020499
-0.000204214
-0.000202988
-0.000201501
-0.000199907
-0.000198324
-0.000196836
-0.000195491
-0.000194308
-0.00019328
-0.000192379
-0.00019156
-0.000190764
-0.000189923
-0.000188963
-0.000187803
-0.000186359
-0.000184546
-0.00018228
-0.000179482
-0.000176082
-0.000172025
-0.000167266
-0.000161769
-0.000155508
-0.000148491
-0.000140834
-0.0001329
-0.000125407
-0.000119336
-0.000114857
-0.000105668
-6.75668e-05
-0.000134886
-0.000155932
-0.000149801
-0.000141202
-0.000134958
-0.000131013
-0.00012897
-0.000128265
-0.000129695
-0.000108938
-0.00010823
-0.000184144
-0.000190908
-0.000195864
-0.000199231
-0.000201223
-0.000202072
-0.00020202
-0.000201302
-0.000200134
-0.000198703
-0.000197163
-0.000195632
-0.000194192
-0.000192893
-0.000191754
-0.000190768
-0.000189907
-0.000189128
-0.000188372
-0.000187574
-0.000186658
-0.000185546
-0.000184153
-0.000182397
-0.000180193
-0.000177464
-0.000174141
-0.000170168
-0.000165502
-0.000160109
-0.000153963
-0.000147069
-0.000139537
-0.000131712
-0.000124294
-0.000118269
-0.000113981
-0.000106275
-7.4416e-05
-0.000131662
-0.000150137
-0.000145172
-0.000137875
-0.000132507
-0.000129082
-0.000127321
-0.000126725
-0.000127338
-0.000109036
-0.000108148
-0.000180692
-0.000187576
-0.000192612
-0.00019604
-0.000198088
-0.000198992
-0.000198996
-0.000198336
-0.000197225
-0.00019585
-0.000194364
-0.000192884
-0.000191493
-0.000190241
-0.000189145
-0.000188201
-0.00018738
-0.000186641
-0.000185926
-0.000185169
-0.000184297
-0.000183232
-0.000181892
-0.000180192
-0.000178051
-0.000175392
-0.000172145
-0.000168257
-0.000163684
-0.000158395
-0.000152365
-0.000145596
-0.000138192
-0.000130479
-0.000123143
-0.000117164
-0.000113029
-0.000106568
-8.02459e-05
-0.000128517
-0.000144599
-0.000140666
-0.000134573
-0.000130036
-0.000127116
-0.000125643
-0.000125216
-0.000125813
-0.000131401
-0.000108232
-0.000177228
-0.000184218
-0.000189326
-0.000192812
-0.000194911
-0.000195869
-0.000195928
-0.000195324
-0.00019427
-0.000192951
-0.000191519
-0.000190091
-0.000188749
-0.000187542
-0.000186489
-0.000185587
-0.000184807
-0.000184107
-0.000183432
-0.000182717
-0.000181888
-0.00018087
-0.000179581
-0.000177938
-0.00017586
-0.00017327
-0.0001701
-0.000166297
-0.000161818
-0.000156633
-0.000150719
-0.000144078
-0.000136802
-0.000129207
-0.000121956
-0.000116025
-0.000112013
-0.000106589
-8.50809e-05
-0.00012549
-0.000139388
-0.000136346
-0.000131343
-0.000127575
-0.000125132
-0.000123943
-0.000123707
-0.000124299
-0.000126216
-0.000108354
-0.000173761
-0.000180845
-0.000186017
-0.000189554
-0.000191703
-0.000192712
-0.000192825
-0.000192276
-0.000191278
-0.000190014
-0.000188636
-0.000187259
-0.000185965
-0.000184804
-0.000183795
-0.000182934
-0.000182193
-0.000181533
-0.000180897
-0.000180223
-0.000179438
-0.000178466
-0.000177227
-0.000175641
-0.000173625
-0.000171104
-0.000168011
-0.000164293
-0.000159909
-0.000154829
-0.000149031
-0.000142517
-0.000135373
-0.000127898
-0.000120736
-0.000114856
-0.000110945
-0.000106377
-8.89832e-05
-0.000122604
-0.00013454
-0.000132252
-0.000128218
-0.00012515
-0.000123149
-0.000122229
-0.00012219
-0.000122884
-0.000124487
-0.0001084
-0.000170301
-0.000177465
-0.000182694
-0.000186278
-0.000188473
-0.00018953
-0.000189695
-0.0001892
-0.000188257
-0.000187048
-0.000185723
-0.000184397
-0.000183152
-0.000182036
-0.00018107
-0.000180249
-0.000179548
-0.000178926
-0.000178329
-0.000177695
-0.000176952
-0.000176026
-0.000174838
-0.000173307
-0.000171353
-0.000168901
-0.000165885
-0.000162251
-0.000157961
-0.000152986
-0.000147305
-0.000140919
-0.000133908
-0.000126556
-0.000119487
-0.00011366
-0.000109831
-0.000105966
-9.20382e-05
-0.000119872
-0.000130068
-0.000128408
-0.000125221
-0.00012278
-0.00012118
-0.000120511
-0.000120664
-0.000121497
-0.000123147
-0.000126451
-0.000166856
-0.000174087
-0.000179365
-0.000182991
-0.000185228
-0.000186332
-0.000186547
-0.000186105
-0.000185217
-0.000184062
-0.000182789
-0.000181513
-0.000180315
-0.000179244
-0.00017832
-0.000177539
-0.000176877
-0.000176293
-0.000175734
-0.000175139
-0.000174439
-0.000173558
-0.000172419
-0.000170943
-0.00016905
-0.000166666
-0.000163726
-0.000160177
-0.00015598
-0.000151109
-0.000145545
-0.000139288
-0.000132411
-0.000125184
-0.000118212
-0.000112441
-0.000108681
-0.000105387
-9.43422e-05
-0.000117294
-0.000125967
-0.000124822
-0.000122368
-0.000120479
-0.000119239
-0.000118797
-0.000119134
-0.00012012
-0.000121793
-0.000123785
-0.000163435
-0.00017072
-0.000176039
-0.000179701
-0.000181978
-0.000183125
-0.000183388
-0.000182998
-0.000182163
-0.000181061
-0.00017984
-0.000178614
-0.000177462
-0.000176435
-0.000175552
-0.000174811
-0.000174187
-0.00017364
-0.000173119
-0.000172563
-0.000171903
-0.000171066
-0.000169976
-0.000168554
-0.000166721
-0.000164405
-0.000161541
-0.000158075
-0.000153972
-0.000149205
-0.000143757
-0.000137627
-0.000130884
-0.000123785
-0.000116913
-0.000111202
-0.0001075
-0.000104668
-9.59942e-05
-0.000114866
-0.00012222
-0.000121491
-0.000119663
-0.000118257
-0.000117335
-0.000117096
-0.000117604
-0.000118749
-0.000120506
-0.000122355
-0.000160043
-0.000167371
-0.000172723
-0.000176417
-0.000178729
-0.000179917
-0.000180227
-0.000179887
-0.000179103
-0.000178053
-0.000176883
-0.000175706
-0.0001746
-0.000173616
-0.000172774
-0.000172071
-0.000171484
-0.000170974
-0.000170489
-0.000169971
-0.000169351
-0.000168557
-0.000167515
-0.000166146
-0.000164373
-0.000162124
-0.000159334
-0.000155952
-0.00015194
-0.000147277
-0.000141944
-0.000135942
-0.000129334
-0.000122363
-0.000115594
-0.000109944
-0.000106293
-0.000103832
-9.70896e-05
-0.000112578
-0.000118801
-0.000118404
-0.000117106
-0.000116118
-0.000115474
-0.000115414
-0.000116079
-0.000117383
-0.000119247
-0.000121157
-0.000156687
-0.000164046
-0.000169424
-0.000173145
-0.000175489
-0.000176716
-0.00017707
-0.000176778
-0.000176045
-0.000175046
-0.000173925
-0.000172795
-0.000171735
-0.000170794
-0.000169991
-0.000169326
-0.000168775
-0.0001683
-0.000167851
-0.000167369
-0.000166788
-0.000166037
-0.000165041
-0.000163724
-0.00016201
-0.000159826
-0.00015711
-0.00015381
-0.000149891
-0.000145329
-0.00014011
-0.000134235
-0.000127762
-0.000120921
-0.000114258
-0.000108672
-0.000105065
-0.000102901
-9.77169e-05
-0.000110419
-0.000115679
-0.000115545
-0.000114692
-0.000114065
-0.000113662
-0.000113755
-0.000114562
-0.00011602
-0.000118006
-0.000120034
-0.000153372
-0.000160751
-0.000166148
-0.000169891
-0.000172264
-0.000173527
-0.000173923
-0.000173678
-0.000172994
-0.000172044
-0.000170972
-0.000169889
-0.000168873
-0.000167973
-0.000167209
-0.000166581
-0.000166064
-0.000165624
-0.000165209
-0.000164763
-0.00016422
-0.00016351
-0.00016256
-0.000161294
-0.000159637
-0.000157519
-0.000154875
-0.000151656
-0.000147827
-0.000143366
-0.000138261
-0.000132511
-0.000126172
-0.000119461
-0.000112906
-0.000107387
-0.000103821
-0.000101891
-9.79553e-05
-0.000108376
-0.000112821
-0.000112894
-0.000112413
-0.000112095
-0.000111899
-0.000112125
-0.000113058
-0.000114664
-0.000116776
-0.00011894
-0.000150104
-0.000157493
-0.000162901
-0.000166661
-0.000169059
-0.000170356
-0.000170792
-0.000170592
-0.000169956
-0.000169054
-0.00016803
-0.000166992
-0.000166019
-0.000165159
-0.000164434
-0.00016384
-0.000163358
-0.000162951
-0.00016257
-0.000162158
-0.000161652
-0.000160982
-0.000160076
-0.00015886
-0.00015726
-0.000155205
-0.000152632
-0.000149494
-0.000145754
-0.000141393
-0.0001364
-0.000130774
-0.000124568
-0.000117988
-0.000111542
-0.000106092
-0.000102565
-0.000100819
-9.78745e-05
-0.000106436
-0.000110198
-0.00011043
-0.000110259
-0.000110205
-0.000110187
-0.000110525
-0.000111569
-0.000113316
-0.000115554
-0.000117858
-0.000146886
-0.000154275
-0.000159688
-0.000163461
-0.000165881
-0.000167209
-0.000167683
-0.000167527
-0.000166936
-0.000166081
-0.000165103
-0.00016411
-0.000163179
-0.000162358
-0.000161669
-0.00016111
-0.000160661
-0.000160286
-0.000159938
-0.000159559
-0.000159089
-0.000158458
-0.000157595
-0.000156427
-0.000154882
-0.000152889
-0.000150387
-0.000147327
-0.000143675
-0.000139413
-0.00013453
-0.000129027
-0.000122953
-0.000116504
-0.000110168
-0.000104789
-0.000101298
-9.96968e-05
-9.75344e-05
-0.000104586
-0.000107777
-0.000108132
-0.00010822
-0.00010839
-0.000108525
-0.000108956
-0.000110099
-0.000111978
-0.000114342
-0.000116783
-0.000143722
-0.000151102
-0.000156514
-0.000160296
-0.000162735
-0.00016409
-0.000164601
-0.000164485
-0.000163939
-0.00016313
-0.000162196
-0.000161246
-0.000160356
-0.000159573
-0.00015892
-0.000158395
-0.000157978
-0.000157634
-0.000157316
-0.00015697
-0.000156534
-0.00015594
-0.00015512
-0.000153999
-0.000152508
-0.000150576
-0.000148143
-0.00014516
-0.000141595
-0.000137429
-0.000132655
-0.000127273
-0.000121331
-0.000115012
-0.000108787
-0.000103481
-0.000100025
-9.85356e-05
-9.69859e-05
-0.000102815
-0.000105531
-0.000105981
-0.000106282
-0.000106646
-0.000106911
-0.00010742
-0.000108648
-0.000110651
-0.000113139
-0.00011571
-0.000140616
-0.000147977
-0.000153383
-0.000157169
-0.000159623
-0.000161004
-0.000161549
-0.000161473
-0.00016097
-0.000160204
-0.000159314
-0.000158406
-0.000157555
-0.00015681
-0.000156191
-0.000155698
-0.000155312
-0.000154998
-0.00015471
-0.000154395
-0.000153992
-0.000153435
-0.000152655
-0.000151581
-0.000150141
-0.000148269
-0.000145903
-0.000142997
-0.000139517
-0.000135446
-0.000130778
-0.000125516
-0.000119703
-0.000113514
-0.000107401
-0.000102169
-9.8748e-05
-9.73446e-05
-9.62714e-05
-0.000101114
-0.000103437
-0.000103958
-0.000104437
-0.000104966
-0.000105343
-0.000105917
-0.000107218
-0.000109337
-0.000111944
-0.000114641
-0.000137568
-0.000144905
-0.000150297
-0.000154084
-0.000156551
-0.000157956
-0.000158532
-0.000158494
-0.000158032
-0.000157309
-0.000156461
-0.000155593
-0.000154781
-0.000154071
-0.000153486
-0.000153024
-0.000152667
-0.000152382
-0.000152123
-0.000151838
-0.000151467
-0.000150945
-0.000150204
-0.000149175
-0.000147786
-0.000145972
-0.000143672
-0.00014084
-0.000137444
-0.000133467
-0.000128904
-0.000123759
-0.000118073
-0.000112013
-0.000106012
-0.000100856
-9.74692e-05
-9.61317e-05
-9.54262e-05
-9.94729e-05
-0.000101471
-0.000102047
-0.000102673
-0.000103345
-0.000103818
-0.000104445
-0.000105809
-0.000108036
-0.00011076
-0.000113575
-0.000134583
-0.000141886
-0.000147262
-0.000151045
-0.000153522
-0.000154947
-0.000155554
-0.000155552
-0.000155129
-0.000154447
-0.00015364
-0.000152811
-0.000152036
-0.000151361
-0.000150808
-0.000150376
-0.000150047
-0.00014979
-0.000149559
-0.000149303
-0.000148962
-0.000148474
-0.000147771
-0.000146785
-0.000145445
-0.000143688
-0.000141453
-0.000138694
-0.000135379
-0.000131494
-0.000127034
-0.000122004
-0.000116444
-0.000110511
-0.000104622
-9.95433e-05
-9.61908e-05
-9.49033e-05
-9.44794e-05
-9.78851e-05
-9.96153e-05
-0.000100232
-0.000100982
-0.000101777
-0.000102334
-0.000103003
-0.000104422
-0.00010675
-0.000109586
-0.000112513
-0.000131661
-0.000138925
-0.000144278
-0.000148054
-0.000150538
-0.000151983
-0.000152617
-0.000152649
-0.000152264
-0.000151621
-0.000150854
-0.000150063
-0.000149324
-0.000148682
-0.00014816
-0.000147757
-0.000147456
-0.000147224
-0.00014702
-0.000146791
-0.00014648
-0.000146024
-0.000145358
-0.000144414
-0.000143123
-0.00014142
-0.000139248
-0.00013656
-0.000133326
-0.00012953
-0.000125171
-0.000120255
-0.000114818
-0.000109011
-0.000103234
-9.82327e-05
-9.4915e-05
-9.3665e-05
-9.34547e-05
-9.63441e-05
-9.78539e-05
-9.85008e-05
-9.93539e-05
-0.000100257
-0.000100887
-0.000101592
-0.000103057
-0.000105478
-0.000108423
-0.000111456
-0.000128804
-0.000136022
-0.000141348
-0.000145114
-0.000147603
-0.000149064
-0.000149724
-0.000149788
-0.00014944
-0.000148835
-0.000148106
-0.000147352
-0.000146647
-0.000146037
-0.000145545
-0.000145169
-0.000144895
-0.000144689
-0.00014451
-0.000144307
-0.000144024
-0.0001436
-0.000142969
-0.000142065
-0.00014082
-0.000139172
-0.000137061
-0.000134442
-0.000131286
-0.000127579
-0.000123319
-0.000118513
-0.000113198
-0.000107515
-0.000101849
-9.6926e-05
-9.36433e-05
-9.24214e-05
-9.23713e-05
-9.48447e-05
-9.61734e-05
-9.68427e-05
-9.77825e-05
-9.87803e-05
-9.94751e-05
-0.000100208
-0.000101713
-0.000104222
-0.000107271
-0.000110405
-0.000126012
-0.000133179
-0.000138474
-0.000142227
-0.000144718
-0.000146194
-0.000146878
-0.000146973
-0.000146659
-0.000146091
-0.000145398
-0.000144679
-0.000144008
-0.000143429
-0.000142965
-0.000142616
-0.000142367
-0.000142185
-0.00014203
-0.000141853
-0.000141597
-0.000141202
-0.000140605
-0.00013974
-0.000138541
-0.000136944
-0.000134893
-0.000132343
-0.000129264
-0.000125642
-0.000121479
-0.000116781
-0.000111585
-0.000106024
-0.000100469
-9.56247e-05
-9.23775e-05
-9.11765e-05
-9.12449e-05
-9.33826e-05
-9.45624e-05
-9.52481e-05
-9.62612e-05
-9.73428e-05
-9.80954e-05
-9.88522e-05
-0.00010039
-0.000102981
-0.000106131
-0.000109361
-0.000123287
-0.000130397
-0.000135658
-0.000139395
-0.000141886
-0.000143374
-0.00014408
-0.000144204
-0.000143924
-0.000143391
-0.000142733
-0.000142048
-0.000141409
-0.00014086
-0.000140423
-0.0001401
-0.000139874
-0.000139716
-0.000139584
-0.00013943
-0.0001392
-0.000138834
-0.00013827
-0.000137443
-0.000136287
-0.000134741
-0.000132748
-0.000130264
-0.000127259
-0.000123722
-0.000119653
-0.000115061
-0.000109982
-0.000104541
-9.90956e-05
-9.43302e-05
-9.11191e-05
-8.99334e-05
-9.0088e-05
-9.19545e-05
-9.30119e-05
-9.37094e-05
-9.47846e-05
-9.5941e-05
-9.67458e-05
-9.7522e-05
-9.90883e-05
-0.000101754
-0.000105002
-0.000108323
-0.000120628
-0.000127678
-0.0001329
-0.000136619
-0.000139107
-0.000140606
-0.000141333
-0.000141485
-0.000141235
-0.000140736
-0.000140112
-0.00013946
-0.000138851
-0.000138331
-0.000137921
-0.000137622
-0.000137419
-0.000137282
-0.000137172
-0.000137042
-0.000136836
-0.000136498
-0.000135965
-0.000135174
-0.000134061
-0.000132564
-0.000130627
-0.000128207
-0.000125276
-0.000121821
-0.000117844
-0.000113356
-0.00010839
-0.000103068
-9.77304e-05
-9.30439e-05
-8.98694e-05
-8.8695e-05
-8.89107e-05
-9.05575e-05
-9.15141e-05
-9.222e-05
-9.3348e-05
-9.45717e-05
-9.54241e-05
-9.62165e-05
-9.78069e-05
-0.000100544
-0.000103884
-0.000107293
-0.000118035
-0.000125021
-0.000130202
-0.0001339
-0.000136384
-0.000137892
-0.000138638
-0.000138815
-0.000138596
-0.000138129
-0.000137537
-0.000136916
-0.000136337
-0.000135844
-0.000135459
-0.000135184
-0.000135002
-0.000134887
-0.000134798
-0.000134689
-0.000134507
-0.000134195
-0.000133692
-0.000132936
-0.000131864
-0.000130414
-0.000128532
-0.000126175
-0.000123315
-0.00011994
-0.000116053
-0.000111666
-0.000106811
-0.000101605
-9.63748e-05
-9.17671e-05
-8.86296e-05
-8.74637e-05
-8.77213e-05
-8.91896e-05
-9.00631e-05
-9.07745e-05
-9.19478e-05
-9.32322e-05
-9.41286e-05
-9.49347e-05
-9.65454e-05
-9.93477e-05
-0.000102778
-0.000106271
-0.000115509
-0.000122426
-0.000127564
-0.000131239
-0.000133717
-0.000135232
-0.000135995
-0.000136196
-0.000136006
-0.00013557
-0.000135009
-0.000134419
-0.000133868
-0.000133402
-0.000133041
-0.000132787
-0.000132626
-0.000132531
-0.000132462
-0.000132373
-0.000132214
-0.000131927
-0.000131453
-0.00013073
-0.000129697
-0.000128293
-0.000126465
-0.000124169
-0.000121378
-0.000118081
-0.000114282
-0.000109993
-0.000105247
-0.000100155
-9.50301e-05
-9.05008e-05
-8.74009e-05
-8.62413e-05
-8.65263e-05
-8.78489e-05
-8.86539e-05
-8.93687e-05
-9.05809e-05
-9.19204e-05
-9.28577e-05
-9.36756e-05
-9.53034e-05
-9.81668e-05
-0.000101683
-0.000105257
-0.00011305
-0.000119895
-0.000124987
-0.000128636
-0.000131106
-0.000132627
-0.000133406
-0.00013363
-0.000133467
-0.00013306
-0.000132529
-0.000131968
-0.000131444
-0.000131003
-0.000130665
-0.000130433
-0.000130292
-0.000130215
-0.000130165
-0.000130096
-0.000129958
-0.000129695
-0.000129249
-0.000128558
-0.000127563
-0.000126204
-0.000124427
-0.000122191
-0.000119467
-0.000116246
-0.000112533
-0.00010834
-0.0001037
-9.87188e-05
-9.36975e-05
-8.92463e-05
-8.61842e-05
-8.50296e-05
-8.53308e-05
-8.65341e-05
-8.72824e-05
-8.79991e-05
-8.92446e-05
-9.06345e-05
-9.16101e-05
-9.24385e-05
-9.40805e-05
-9.70007e-05
-0.0001006
-0.000104252
-0.000110655
-0.000117426
-0.00012247
-0.000126093
-0.000128553
-0.000130078
-0.000130871
-0.000131117
-0.00013098
-0.000130601
-0.000130098
-0.000129565
-0.000129068
-0.00012865
-0.000128335
-0.000128122
-0.000128
-0.000127941
-0.000127908
-0.000127858
-0.00012774
-0.0001275
-0.00012708
-0.000126421
-0.000125462
-0.000124146
-0.000122419
-0.000120241
-0.000117583
-0.000114436
-0.000110806
-0.000106706
-0.00010217
-9.72973e-05
-9.23781e-05
-8.80043e-05
-8.49805e-05
-8.38301e-05
-8.41392e-05
-8.52443e-05
-8.59454e-05
-8.66627e-05
-8.79369e-05
-8.9373e-05
-9.03849e-05
-9.12226e-05
-9.28764e-05
-9.58492e-05
-9.95275e-05
-0.000103254
-0.000108326
-0.00011502
-0.000120013
-0.000123608
-0.000126058
-0.000127585
-0.000128391
-0.000128657
-0.000128544
-0.000128192
-0.000127717
-0.00012721
-0.000126738
-0.000126344
-0.000126049
-0.000125856
-0.000125751
-0.000125709
-0.000125693
-0.000125661
-0.000125562
-0.000125344
-0.000124949
-0.00012432
-0.000123396
-0.000122122
-0.000120443
-0.000118321
-0.000115727
-0.000112652
-0.000109103
-0.000105094
-0.000100658
-9.58919e-05
-9.10729e-05
-8.67758e-05
-8.37905e-05
-8.26438e-05
-8.29547e-05
-8.39786e-05
-8.46404e-05
-8.53573e-05
-8.66562e-05
-8.81347e-05
-8.91809e-05
-9.00273e-05
-9.16908e-05
-9.47123e-05
-9.84661e-05
-0.000102265
-0.00010606
-0.000112676
-0.000117617
-0.000121182
-0.00012362
-0.000125148
-0.000125966
-0.000126251
-0.000126161
-0.000125835
-0.000125386
-0.000124904
-0.000124456
-0.000124084
-0.000123809
-0.000123634
-0.000123547
-0.00012352
-0.000123521
-0.000123505
-0.000123424
-0.000123226
-0.000122856
-0.000122255
-0.000121366
-0.000120131
-0.0001185
-0.000116431
-0.000113899
-0.000110895
-0.000107425
-0.000103504
-9.91664e-05
-9.45036e-05
-8.97828e-05
-8.55615e-05
-8.26151e-05
-8.1472e-05
-8.178e-05
-8.27364e-05
-8.33653e-05
-8.4081e-05
-8.54012e-05
-8.69186e-05
-8.79976e-05
-8.88522e-05
-9.05235e-05
-9.35899e-05
-9.74156e-05
-0.000101285
-0.000103858
-0.000110392
-0.000115281
-0.000118815
-0.000121239
-0.000122768
-0.000123596
-0.000123898
-0.000123831
-0.000123529
-0.000123105
-0.000122648
-0.000122223
-0.000121871
-0.000121616
-0.000121458
-0.000121386
-0.000121375
-0.00012139
-0.00012139
-0.000121327
-0.000121149
-0.000120801
-0.000120228
-0.000119371
-0.000118175
-0.000116589
-0.000114574
-0.000112102
-0.000109166
-0.000105772
-0.000101938
-9.76951e-05
-9.31332e-05
-8.85086e-05
-8.43623e-05
-8.14547e-05
-8.03153e-05
-8.06173e-05
-8.15172e-05
-8.21186e-05
-8.28325e-05
-8.41709e-05
-8.57241e-05
-8.68344e-05
-8.76967e-05
-8.93742e-05
-9.2482e-05
-9.6376e-05
-0.000100313
-0.000101717
-0.00010817
-0.000113004
-0.000116506
-0.000118916
-0.000120444
-0.000121281
-0.0001216
-0.000121553
-0.000121274
-0.000120874
-0.00012044
-0.000120037
-0.000119706
-0.000119468
-0.000119327
-0.00011927
-0.000119274
-0.000119303
-0.000119317
-0.00011927
-0.000119111
-0.000118786
-0.000118239
-0.000117413
-0.000116255
-0.000114713
-0.000112748
-0.000110335
-0.000107465
-0.000104146
-0.000100395
-9.62452e-05
-9.17816e-05
-8.7251e-05
-8.31787e-05
-8.03101e-05
-7.91745e-05
-7.94684e-05
-8.03206e-05
-8.08989e-05
-8.16104e-05
-8.29643e-05
-8.45505e-05
-8.56907e-05
-8.65606e-05
-8.82428e-05
-9.13884e-05
-9.53472e-05
-9.93487e-05
-9.96375e-05
-0.000106007
-0.000110787
-0.000114256
-0.000116649
-0.000118176
-0.000119021
-0.000119355
-0.000119328
-0.000119071
-0.000118694
-0.000118282
-0.0001179
-0.000117588
-0.000117368
-0.000117242
-0.000117199
-0.000117216
-0.000117259
-0.000117287
-0.000117255
-0.000117114
-0.00011681
-0.000116288
-0.000115493
-0.00011437
-0.000112871
-0.000110955
-0.000108599
-0.000105793
-0.000102547
-9.88775e-05
-9.48173e-05
-9.04493e-05
-8.60108e-05
-8.20112e-05
-7.91816e-05
-7.80503e-05
-7.83345e-05
-7.91464e-05
-7.97051e-05
-8.04139e-05
-8.1781e-05
-8.33974e-05
-8.45663e-05
-8.54436e-05
-8.71292e-05
-9.03092e-05
-9.43291e-05
-9.83931e-05
-9.76175e-05
-0.000103903
-0.000108627
-0.000112062
-0.000114439
-0.000115962
-0.000116815
-0.000117163
-0.000117155
-0.000116919
-0.000116563
-0.000116173
-0.000115811
-0.000115517
-0.000115313
-0.000115202
-0.000115173
-0.000115203
-0.000115258
-0.000115299
-0.000115282
-0.000115158
-0.000114873
-0.000114376
-0.000113609
-0.000112521
-0.000111063
-0.000109196
-0.000106894
-0.000104152
-0.000100975
-9.73849e-05
-9.3412e-05
-8.91371e-05
-8.47884e-05
-8.08604e-05
-7.80698e-05
-7.69432e-05
-7.72168e-05
-7.79944e-05
-7.85364e-05
-7.92423e-05
-8.06203e-05
-8.22645e-05
-8.34608e-05
-8.43454e-05
-8.60333e-05
-8.92445e-05
-9.33219e-05
-9.74458e-05
-9.5656e-05
-0.000101857
-0.000106524
-0.000109925
-0.000112285
-0.000113804
-0.000114663
-0.000115024
-0.000115033
-0.000114817
-0.000114483
-0.000114113
-0.000113769
-0.000113493
-0.000113305
-0.000113208
-0.000113192
-0.000113233
-0.0001133
-0.000113354
-0.000113351
-0.000113242
-0.000112977
-0.000112502
-0.000111763
-0.000110709
-0.00010929
-0.000107469
-0.000105222
-0.00010254
-9.94316e-05
-9.59178e-05
-9.20298e-05
-8.78454e-05
-8.35843e-05
-7.97267e-05
-7.69749e-05
-7.58535e-05
-7.61161e-05
-7.68642e-05
-7.73922e-05
-7.80948e-05
-7.94819e-05
-8.11515e-05
-8.2374e-05
-8.32659e-05
-8.49551e-05
-8.81941e-05
-9.23254e-05
-9.65068e-05
-9.37516e-05
-9.98676e-05
-0.000104477
-0.000107843
-0.000110186
-0.0001117
-0.000112564
-0.000112937
-0.000112963
-0.000112766
-0.000112451
-0.000112101
-0.000111776
-0.000111516
-0.000111343
-0.000111259
-0.000111255
-0.000111307
-0.000111385
-0.000111451
-0.00011146
-0.000111367
-0.00011112
-0.000110667
-0.000109955
-0.000108933
-0.000107553
-0.000105777
-0.000103581
-0.000100958
-9.79163e-05
-9.44768e-05
-9.06711e-05
-8.65746e-05
-8.2399e-05
-7.86104e-05
-7.58973e-05
-7.47815e-05
-7.5033e-05
-7.57557e-05
-7.62717e-05
-7.6971e-05
-7.83654e-05
-8.00582e-05
-8.13057e-05
-8.22049e-05
-8.38944e-05
-8.71583e-05
-9.13398e-05
-9.55761e-05
-9.1903e-05
-9.79335e-05
-0.000102486
-0.000105816
-0.00010814
-0.00010965
-0.000110518
-0.000110902
-0.000110944
-0.000110765
-0.000110469
-0.000110137
-0.000109829
-0.000109585
-0.000109426
-0.000109355
-0.000109362
-0.000109425
-0.000109513
-0.00010959
-0.000109612
-0.000109533
-0.000109303
-0.000108871
-0.000108185
-0.000107194
-0.000105851
-0.000104118
-0.000101972
-9.94065e-05
-9.64294e-05
-9.30621e-05
-8.93363e-05
-8.5325e-05
-8.12327e-05
-7.75119e-05
-7.48372e-05
-7.37276e-05
-7.39681e-05
-7.46688e-05
-7.51746e-05
-7.58703e-05
-7.72705e-05
-7.89845e-05
-8.02558e-05
-8.11622e-05
-8.28512e-05
-8.6137e-05
-9.03651e-05
-9.46538e-05
-9.01089e-05
-9.60538e-05
-0.000100549
-0.000103844
-0.000106149
-0.000107652
-0.000108523
-0.000108918
-0.000108974
-0.000108813
-0.000108535
-0.00010822
-0.000107929
-0.000107701
-0.000107555
-0.000107496
-0.000107513
-0.000107586
-0.000107684
-0.000107771
-0.000107804
-0.000107739
-0.000107526
-0.000107114
-0.000106452
-0.000105491
-0.000104183
-0.000102493
-0.000100396
-9.78857e-05
-9.49711e-05
-9.16738e-05
-8.80255e-05
-8.40971e-05
-8.00858e-05
-7.64314e-05
-7.37949e-05
-7.26919e-05
-7.29217e-05
-7.36032e-05
-7.41003e-05
-7.47925e-05
-7.61971e-05
-7.79301e-05
-7.92241e-05
-8.01378e-05
-8.18255e-05
-8.51304e-05
-8.94015e-05
-9.37398e-05
-8.83678e-05
-9.42273e-05
-9.86651e-05
-0.000101924
-0.000104209
-0.000105706
-0.00010658
-0.000106984
-0.000107055
-0.000106909
-0.000106648
-0.000106351
-0.000106076
-0.000105861
-0.000105728
-0.00010568
-0.000105708
-0.00010579
-0.000105897
-0.000105993
-0.000106038
-0.000105985
-0.000105787
-0.000105395
-0.000104757
-0.000103824
-0.000102551
-0.000100902
-9.88521e-05
-9.63954e-05
-9.35416e-05
-9.03121e-05
-8.67389e-05
-8.28909e-05
-7.89586e-05
-7.5369e-05
-7.27704e-05
-7.16746e-05
-7.18942e-05
-7.25588e-05
-7.30486e-05
-7.37372e-05
-7.51449e-05
-7.6895e-05
-7.82106e-05
-7.91315e-05
-8.08173e-05
-8.41384e-05
-8.84489e-05
-9.28343e-05
-8.66785e-05
-9.24527e-05
-9.68332e-05
-0.000100056
-0.000102321
-0.000103811
-0.000104687
-0.0001051
-0.000105183
-0.000105054
-0.000104809
-0.000104528
-0.000104267
-0.000104067
-0.000103946
-0.000103908
-0.000103945
-0.000104036
-0.000104152
-0.000104257
-0.000104312
-0.000104271
-0.000104088
-0.000103714
-0.000103099
-0.000102194
-0.000100954
-9.93442e-05
-9.73402e-05
-9.49357e-05
-9.21407e-05
-8.89771e-05
-8.54767e-05
-8.17067e-05
-7.78511e-05
-7.43251e-05
-7.17639e-05
-7.06757e-05
-7.08856e-05
-7.15354e-05
-7.2019e-05
-7.2704e-05
-7.41136e-05
-7.58791e-05
-7.72152e-05
-7.81432e-05
-7.98265e-05
-8.31612e-05
-8.75075e-05
-9.19374e-05
-8.50395e-05
-9.07287e-05
-9.50521e-05
-9.82385e-05
-0.000100484
-0.000101965
-0.000102844
-0.000103265
-0.00010336
-0.000103245
-0.000103016
-0.00010275
-0.000102504
-0.000102316
-0.000102207
-0.000102179
-0.000102225
-0.000102324
-0.000102448
-0.000102561
-0.000102625
-0.000102596
-0.000102428
-0.000102071
-0.000101478
-0.000100599
-9.9392e-05
-9.78199e-05
-9.58602e-05
-9.35063e-05
-9.07684e-05
-8.76687e-05
-8.42389e-05
-8.05445e-05
-7.67635e-05
-7.32996e-05
-7.07755e-05
-6.96953e-05
-6.9896e-05
-7.05328e-05
-7.10111e-05
-7.16927e-05
-7.31032e-05
-7.48823e-05
-7.62377e-05
-7.71729e-05
-7.8853e-05
-8.21988e-05
-8.65774e-05
-9.1049e-05
-8.34495e-05
-8.90542e-05
-9.33208e-05
-9.64709e-05
-9.86961e-05
-0.000100169
-0.000101048
-0.000101477
-0.000101584
-0.000101483
-0.000101268
-0.000101017
-0.000100785
-0.000100609
-0.00010051
-0.000100492
-0.000100546
-0.000100653
-0.000100784
-0.000100906
-0.000100979
-0.000100961
-0.000100806
-0.000100466
-9.98934e-05
-9.90405e-05
-9.78641e-05
-9.63288e-05
-9.4412e-05
-9.21072e-05
-8.94247e-05
-8.63868e-05
-8.30255e-05
-7.94044e-05
-7.56958e-05
-7.22926e-05
-6.98051e-05
-6.87334e-05
-6.89256e-05
-6.95508e-05
-7.00248e-05
-7.0703e-05
-7.21134e-05
-7.39045e-05
-7.52781e-05
-7.62204e-05
-7.78969e-05
-8.12513e-05
-8.56587e-05
-9.01694e-05
-8.19071e-05
-8.74277e-05
-9.16379e-05
-9.47519e-05
-9.69566e-05
-9.84212e-05
-9.93005e-05
-9.97356e-05
-9.98535e-05
-9.97656e-05
-9.95654e-05
-9.93279e-05
-9.91088e-05
-9.89451e-05
-9.88565e-05
-9.88474e-05
-9.89092e-05
-9.90228e-05
-9.91609e-05
-9.929e-05
-9.93716e-05
-9.93636e-05
-9.92212e-05
-9.88975e-05
-9.83449e-05
-9.75167e-05
-9.63702e-05
-9.48706e-05
-9.29953e-05
-9.07381e-05
-8.81093e-05
-8.51314e-05
-8.18364e-05
-7.82864e-05
-7.46482e-05
-7.13042e-05
-6.88528e-05
-6.779e-05
-6.79743e-05
-6.85893e-05
-6.90596e-05
-6.97345e-05
-7.1144e-05
-7.29456e-05
-7.43363e-05
-7.52856e-05
-7.6958e-05
-8.03187e-05
-8.47515e-05
-8.92986e-05
-8.04109e-05
-8.58482e-05
-9.00024e-05
-9.30804e-05
-9.52644e-05
-9.672e-05
-9.75991e-05
-9.80403e-05
-9.81684e-05
-9.8093e-05
-9.79063e-05
-9.76821e-05
-9.74754e-05
-9.73229e-05
-9.7244e-05
-9.72432e-05
-9.73123e-05
-9.74326e-05
-9.75772e-05
-9.77131e-05
-9.78026e-05
-9.78043e-05
-9.76741e-05
-9.73657e-05
-9.68322e-05
-9.60277e-05
-9.49101e-05
-9.34449e-05
-9.16098e-05
-8.93987e-05
-8.6822e-05
-8.39023e-05
-8.06716e-05
-7.71904e-05
-7.36205e-05
-7.03343e-05
-6.79186e-05
-6.68649e-05
-6.7042e-05
-6.76478e-05
-6.81153e-05
-6.87869e-05
-7.01949e-05
-7.20054e-05
-7.34121e-05
-7.43684e-05
-7.60363e-05
-7.9401e-05
-8.3856e-05
-8.84368e-05
-7.89596e-05
-8.43142e-05
-8.84131e-05
-9.14552e-05
-9.36183e-05
-9.50647e-05
-9.59432e-05
-9.63899e-05
-9.65276e-05
-9.6464e-05
-9.62901e-05
-9.60786e-05
-9.58837e-05
-9.57418e-05
-9.56721e-05
-9.56793e-05
-9.57552e-05
-9.58817e-05
-9.60323e-05
-9.61746e-05
-9.62716e-05
-9.62824e-05
-9.61636e-05
-9.58698e-05
-9.53547e-05
-9.45731e-05
-9.34833e-05
-9.20513e-05
-9.02552e-05
-8.80889e-05
-8.55627e-05
-8.26993e-05
-7.95308e-05
-7.61164e-05
-7.26128e-05
-6.93829e-05
-6.70023e-05
-6.59582e-05
-6.61286e-05
-6.67264e-05
-6.71915e-05
-6.78601e-05
-6.92657e-05
-7.10839e-05
-7.25055e-05
-7.34686e-05
-7.51318e-05
-7.84983e-05
-8.29722e-05
-8.7584e-05
-7.75519e-05
-8.28247e-05
-8.68687e-05
-8.98752e-05
-9.20174e-05
-9.34543e-05
-9.43317e-05
-9.47834e-05
-9.493e-05
-9.48777e-05
-9.47159e-05
-9.45165e-05
-9.43329e-05
-9.42011e-05
-9.41401e-05
-9.41547e-05
-9.42371e-05
-9.43693e-05
-9.45255e-05
-9.46738e-05
-9.47777e-05
-9.47971e-05
-9.46893e-05
-9.44094e-05
-9.39119e-05
-9.31522e-05
-9.20893e-05
-9.06895e-05
-8.89311e-05
-8.68081e-05
-8.43309e-05
-8.15222e-05
-7.8414e-05
-7.50641e-05
-7.1625e-05
-6.845e-05
-6.61039e-05
-6.50696e-05
-6.5234e-05
-6.58246e-05
-6.62879e-05
-6.69536e-05
-6.83564e-05
-7.01808e-05
-7.16164e-05
-7.25861e-05
-7.42442e-05
-7.76106e-05
-8.21002e-05
-8.67405e-05
-7.61865e-05
-8.13782e-05
-8.5368e-05
-8.83392e-05
-9.04606e-05
-9.18876e-05
-9.27636e-05
-9.32197e-05
-9.33748e-05
-9.33331e-05
-9.31829e-05
-9.2995e-05
-9.28222e-05
-9.26999e-05
-9.26472e-05
-9.26688e-05
-9.27572e-05
-9.28948e-05
-9.30562e-05
-9.32101e-05
-9.33205e-05
-9.3348e-05
-9.32504e-05
-9.29838e-05
-9.25033e-05
-9.17647e-05
-9.07277e-05
-8.9359e-05
-8.76371e-05
-8.55561e-05
-8.31264e-05
-8.03707e-05
-7.73209e-05
-7.40336e-05
-7.06569e-05
-6.75354e-05
-6.52233e-05
-6.4199e-05
-6.4358e-05
-6.49422e-05
-6.54043e-05
-6.60673e-05
-6.74666e-05
-6.9296e-05
-7.07445e-05
-7.17208e-05
-7.33735e-05
-7.67379e-05
-8.12402e-05
-8.59063e-05
-7.48621e-05
-7.99736e-05
-8.391e-05
-8.68461e-05
-8.89466e-05
-9.03637e-05
-9.12378e-05
-9.1698e-05
-9.18609e-05
-9.18294e-05
-9.16902e-05
-9.15132e-05
-9.13506e-05
-9.12374e-05
-9.11926e-05
-9.12208e-05
-9.13148e-05
-9.14574e-05
-9.16236e-05
-9.17826e-05
-9.18991e-05
-9.19342e-05
-9.18465e-05
-9.15926e-05
-9.11283e-05
-9.041e-05
-8.9398e-05
-8.80593e-05
-8.63728e-05
-8.43325e-05
-8.19488e-05
-7.92445e-05
-7.62512e-05
-7.30246e-05
-6.97085e-05
-6.6639e-05
-6.43603e-05
-6.33463e-05
-6.35004e-05
-6.4079e-05
-6.45402e-05
-6.52007e-05
-6.65961e-05
-6.84294e-05
-6.98898e-05
-7.08725e-05
-7.25196e-05
-7.58802e-05
-8.03922e-05
-8.50816e-05
-7.35774e-05
-7.86098e-05
-8.24933e-05
-8.53948e-05
-8.74745e-05
-8.88814e-05
-8.97534e-05
-9.02171e-05
-9.03874e-05
-9.03654e-05
-9.02367e-05
-9.00702e-05
-8.99174e-05
-8.98128e-05
-8.97754e-05
-8.98098e-05
-8.99091e-05
-9.00563e-05
-9.02269e-05
-9.03908e-05
-9.05129e-05
-9.05553e-05
-9.04769e-05
-9.02351e-05
-8.97862e-05
-8.90875e-05
-8.80996e-05
-8.679e-05
-8.51377e-05
-8.31369e-05
-8.07977e-05
-7.81432e-05
-7.52048e-05
-7.20369e-05
-6.87795e-05
-6.57607e-05
-6.35149e-05
-6.25113e-05
-6.26611e-05
-6.32347e-05
-6.36955e-05
-6.43536e-05
-6.57446e-05
-6.75808e-05
-6.90521e-05
-7.00411e-05
-7.16823e-05
-7.50374e-05
-7.95563e-05
-8.42664e-05
-7.23313e-05
-7.72854e-05
-8.1117e-05
-8.39842e-05
-8.60431e-05
-8.74397e-05
-8.83092e-05
-8.87761e-05
-8.89533e-05
-8.89404e-05
-8.88217e-05
-8.86651e-05
-8.85215e-05
-8.84252e-05
-8.83948e-05
-8.84351e-05
-8.85393e-05
-8.86907e-05
-8.88655e-05
-8.90338e-05
-8.91613e-05
-8.92103e-05
-8.91408e-05
-8.89105e-05
-8.84766e-05
-8.77967e-05
-8.6832e-05
-8.55505e-05
-8.39314e-05
-8.19687e-05
-7.96729e-05
-7.70666e-05
-7.41812e-05
-7.10702e-05
-6.78697e-05
-6.49004e-05
-6.26867e-05
-6.16938e-05
-6.18398e-05
-6.24089e-05
-6.28697e-05
-6.35256e-05
-6.4912e-05
-6.67499e-05
-6.82312e-05
-6.92263e-05
-7.08616e-05
-7.42095e-05
-7.87326e-05
-8.3461e-05
-7.11225e-05
-7.59994e-05
-7.97797e-05
-8.2613e-05
-8.46514e-05
-8.60376e-05
-8.69043e-05
-8.7374e-05
-8.75577e-05
-8.75533e-05
-8.74441e-05
-8.7297e-05
-8.71623e-05
-8.70738e-05
-8.705e-05
-8.70958e-05
-8.72045e-05
-8.736e-05
-8.75386e-05
-8.77109e-05
-8.78434e-05
-8.78988e-05
-8.78377e-05
-8.76184e-05
-8.71987e-05
-8.6537e-05
-8.55947e-05
-8.43403e-05
-8.27533e-05
-8.08277e-05
-7.85738e-05
-7.60143e-05
-7.31803e-05
-7.01244e-05
-6.69791e-05
-6.40577e-05
-6.18757e-05
-6.08935e-05
-6.10363e-05
-6.16015e-05
-6.20625e-05
-6.27164e-05
-6.40978e-05
-6.59365e-05
-6.74269e-05
-6.8428e-05
-7.00571e-05
-7.33965e-05
-7.79211e-05
-8.26654e-05
-6.99498e-05
-7.47506e-05
-7.84805e-05
-8.12804e-05
-8.32982e-05
-8.46739e-05
-8.55377e-05
-8.60098e-05
-8.61995e-05
-8.62032e-05
-8.6103e-05
-8.5965e-05
-8.58387e-05
-8.57576e-05
-8.57401e-05
-8.57911e-05
-8.59041e-05
-8.60632e-05
-8.62453e-05
-8.64215e-05
-8.65585e-05
-8.662e-05
-8.65668e-05
-8.6358e-05
-8.5952e-05
-8.53077e-05
-8.43871e-05
-8.31589e-05
-8.16029e-05
-7.97132e-05
-7.75e-05
-7.49858e-05
-7.22017e-05
-6.91991e-05
-6.61073e-05
-6.32326e-05
-6.10815e-05
-6.01102e-05
-6.02502e-05
-6.0812e-05
-6.12736e-05
-6.19258e-05
-6.33019e-05
-6.51405e-05
-6.66391e-05
-6.7646e-05
-6.92689e-05
-7.25983e-05
-7.71218e-05
-8.18796e-05
-6.88122e-05
-7.35379e-05
-7.72182e-05
-7.99851e-05
-8.19826e-05
-8.33478e-05
-8.42083e-05
-8.46825e-05
-8.48778e-05
-8.48892e-05
-8.47976e-05
-8.46682e-05
-8.45499e-05
-8.44759e-05
-8.44643e-05
-8.45202e-05
-8.46372e-05
-8.47997e-05
-8.4985e-05
-8.51647e-05
-8.5306e-05
-8.53731e-05
-8.53274e-05
-8.51287e-05
-8.47358e-05
-8.41082e-05
-8.32085e-05
-8.20058e-05
-8.04798e-05
-7.86249e-05
-7.64511e-05
-7.39809e-05
-7.1245e-05
-6.8294e-05
-6.52541e-05
-6.24249e-05
-6.03041e-05
-5.93437e-05
-5.94814e-05
-6.00402e-05
-6.05027e-05
-6.11532e-05
-6.25239e-05
-6.43616e-05
-6.58676e-05
-6.688e-05
-6.84966e-05
-7.18147e-05
-7.63348e-05
-8.11039e-05
-6.77085e-05
-7.23601e-05
-7.59918e-05
-7.87261e-05
-8.07035e-05
-8.2058e-05
-8.29152e-05
-8.33911e-05
-8.35916e-05
-8.36104e-05
-8.3527e-05
-8.34057e-05
-8.32951e-05
-8.32277e-05
-8.32218e-05
-8.32822e-05
-8.34029e-05
-8.35686e-05
-8.37569e-05
-8.39398e-05
-8.40851e-05
-8.41575e-05
-8.4119e-05
-8.39298e-05
-8.35495e-05
-8.2938e-05
-8.20585e-05
-8.08802e-05
-7.93834e-05
-7.75622e-05
-7.54267e-05
-7.29991e-05
-7.03099e-05
-6.7409e-05
-6.44193e-05
-6.16342e-05
-5.95432e-05
-5.85938e-05
-5.87295e-05
-5.92857e-05
-5.97494e-05
-6.03985e-05
-6.17635e-05
-6.35995e-05
-6.51121e-05
-6.61299e-05
-6.77401e-05
-7.10458e-05
-7.55602e-05
-8.03383e-05
-6.66376e-05
-7.12163e-05
-7.48001e-05
-7.75024e-05
-7.94598e-05
-8.08037e-05
-8.16573e-05
-8.21347e-05
-8.23401e-05
-8.23657e-05
-8.22901e-05
-8.21767e-05
-8.20733e-05
-8.20124e-05
-8.20117e-05
-8.20765e-05
-8.22006e-05
-8.23692e-05
-8.25602e-05
-8.2746e-05
-8.28951e-05
-8.29724e-05
-8.29407e-05
-8.27607e-05
-8.23924e-05
-8.17965e-05
-8.09363e-05
-7.97818e-05
-7.83132e-05
-7.65247e-05
-7.44262e-05
-7.20399e-05
-6.93961e-05
-6.65435e-05
-6.36026e-05
-6.08605e-05
-5.87985e-05
-5.78602e-05
-5.79944e-05
-5.85484e-05
-5.90134e-05
-5.96613e-05
-6.10204e-05
-6.28541e-05
-6.43724e-05
-6.53954e-05
-6.69992e-05
-7.02913e-05
-7.47978e-05
-7.95829e-05
-6.55985e-05
-7.01054e-05
-7.36423e-05
-7.6313e-05
-7.82506e-05
-7.95839e-05
-8.04337e-05
-8.09124e-05
-8.11223e-05
-8.11544e-05
-8.10862e-05
-8.09803e-05
-8.08839e-05
-8.08289e-05
-8.08333e-05
-8.09021e-05
-8.10295e-05
-8.12007e-05
-8.13942e-05
-8.15827e-05
-8.17352e-05
-8.18172e-05
-8.17919e-05
-8.16207e-05
-8.1264e-05
-8.06829e-05
-7.98415e-05
-7.871e-05
-7.72686e-05
-7.55118e-05
-7.34493e-05
-7.1103e-05
-6.85031e-05
-6.56975e-05
-6.28038e-05
-6.01033e-05
-5.80699e-05
-5.71426e-05
-5.72756e-05
-5.78277e-05
-5.82944e-05
-5.89412e-05
-6.02943e-05
-6.21249e-05
-6.36482e-05
-6.46763e-05
-6.62737e-05
-6.95512e-05
-7.40477e-05
-7.88377e-05
-6.45901e-05
-6.90264e-05
-7.25171e-05
-7.51568e-05
-7.70749e-05
-7.83976e-05
-7.92435e-05
-7.97231e-05
-7.99373e-05
-7.99756e-05
-7.99144e-05
-7.98156e-05
-7.97258e-05
-7.96766e-05
-7.96857e-05
-7.97583e-05
-7.98886e-05
-8.00623e-05
-8.0258e-05
-8.04491e-05
-8.06048e-05
-8.06912e-05
-8.0672e-05
-8.0509e-05
-8.01634e-05
-7.95967e-05
-7.87735e-05
-7.76641e-05
-7.62492e-05
-7.45231e-05
-7.24954e-05
-7.0188e-05
-6.76306e-05
-6.48704e-05
-6.20225e-05
-5.93625e-05
-5.7357e-05
-5.64407e-05
-5.65729e-05
-5.71235e-05
-5.75919e-05
-5.82379e-05
-5.95849e-05
-6.14119e-05
-6.29395e-05
-6.39724e-05
-6.55633e-05
-6.88254e-05
-7.33099e-05
-7.81029e-05
-6.36115e-05
-6.79782e-05
-7.14238e-05
-7.4033e-05
-7.59318e-05
-7.72439e-05
-7.80857e-05
-7.8566e-05
-7.87841e-05
-7.88283e-05
-7.87739e-05
-7.86818e-05
-7.85983e-05
-7.85546e-05
-7.85682e-05
-7.86443e-05
-7.87774e-05
-7.89533e-05
-7.91511e-05
-7.93445e-05
-7.95031e-05
-7.95936e-05
-7.95801e-05
-7.94251e-05
-7.90902e-05
-7.85374e-05
-7.77315e-05
-7.66436e-05
-7.52543e-05
-7.3558e-05
-7.15642e-05
-6.92944e-05
-6.67782e-05
-6.4062e-05
-6.12584e-05
-5.86379e-05
-5.66595e-05
-5.57543e-05
-5.5886e-05
-5.64353e-05
-5.69058e-05
-5.75511e-05
-5.88919e-05
-6.07147e-05
-6.22459e-05
-6.32834e-05
-6.48679e-05
-6.81136e-05
-7.25844e-05
-7.73784e-05
-6.26617e-05
-6.696e-05
-7.03613e-05
-7.29405e-05
-7.48202e-05
-7.61217e-05
-7.69595e-05
-7.74403e-05
-7.7662e-05
-7.77117e-05
-7.76637e-05
-7.75781e-05
-7.75005e-05
-7.7462e-05
-7.74799e-05
-7.75593e-05
-7.7695e-05
-7.7873e-05
-7.80726e-05
-7.82681e-05
-7.84294e-05
-7.85238e-05
-7.85158e-05
-7.83684e-05
-7.80436e-05
-7.75041e-05
-7.67152e-05
-7.5648e-05
-7.42835e-05
-7.26161e-05
-7.0655e-05
-6.84217e-05
-6.59455e-05
-6.32719e-05
-6.05113e-05
-5.7929e-05
-5.59774e-05
-5.50832e-05
-5.52147e-05
-5.57629e-05
-5.62355e-05
-5.68803e-05
-5.8215e-05
-6.00329e-05
-6.15671e-05
-6.26091e-05
-6.41873e-05
-6.74159e-05
-7.1871e-05
-7.66643e-05
-6.17398e-05
-6.59708e-05
-6.93287e-05
-7.18784e-05
-7.37393e-05
-7.50303e-05
-7.58638e-05
-7.63449e-05
-7.65701e-05
-7.6625e-05
-7.6583e-05
-7.65036e-05
-7.64318e-05
-7.63982e-05
-7.64201e-05
-7.65027e-05
-7.66407e-05
-7.68205e-05
-7.70219e-05
-7.72192e-05
-7.73831e-05
-7.7481e-05
-7.74782e-05
-7.7338e-05
-7.70231e-05
-7.64964e-05
-7.57238e-05
-7.46766e-05
-7.33362e-05
-7.16967e-05
-6.97675e-05
-6.75696e-05
-6.51322e-05
-6.24998e-05
-5.97809e-05
-5.72358e-05
-5.53102e-05
-5.4427e-05
-5.45585e-05
-5.5106e-05
-5.55809e-05
-5.62253e-05
-5.75537e-05
-5.93665e-05
-6.0903e-05
-6.19493e-05
-6.35211e-05
-6.67319e-05
-7.11699e-05
-7.59606e-05
-6.08449e-05
-6.50096e-05
-6.83251e-05
-7.08458e-05
-7.26882e-05
-7.39687e-05
-7.47979e-05
-7.52792e-05
-7.55075e-05
-7.55673e-05
-7.55311e-05
-7.54576e-05
-7.53912e-05
-7.53623e-05
-7.5388e-05
-7.54735e-05
-7.56137e-05
-7.57952e-05
-7.59981e-05
-7.61972e-05
-7.63634e-05
-7.64647e-05
-7.64668e-05
-7.63335e-05
-7.6028e-05
-7.55137e-05
-7.47567e-05
-7.3729e-05
-7.24118e-05
-7.07995e-05
-6.89012e-05
-6.67377e-05
-6.43377e-05
-6.17454e-05
-5.90668e-05
-5.65579e-05
-5.46577e-05
-5.37854e-05
-5.39172e-05
-5.44642e-05
-5.49415e-05
-5.55857e-05
-5.69079e-05
-5.8715e-05
-6.02533e-05
-6.13037e-05
-6.28692e-05
-6.60616e-05
-7.04808e-05
-7.52674e-05
-5.9976e-05
-6.40757e-05
-6.73496e-05
-6.98419e-05
-7.1666e-05
-7.29361e-05
-7.37609e-05
-7.42421e-05
-7.44733e-05
-7.45379e-05
-7.45072e-05
-7.44392e-05
-7.4378e-05
-7.43536e-05
-7.43829e-05
-7.44711e-05
-7.46134e-05
-7.47964e-05
-7.50007e-05
-7.52013e-05
-7.53696e-05
-7.54741e-05
-7.54809e-05
-7.53542e-05
-7.50577e-05
-7.45553e-05
-7.38135e-05
-7.28046e-05
-7.15099e-05
-6.9924e-05
-6.80555e-05
-6.59254e-05
-6.35618e-05
-6.10083e-05
-5.83688e-05
-5.5895e-05
-5.40197e-05
-5.31582e-05
-5.32906e-05
-5.38372e-05
-5.43171e-05
-5.49612e-05
-5.62771e-05
-5.80782e-05
-5.96177e-05
-6.0672e-05
-6.22313e-05
-6.54047e-05
-6.98037e-05
-7.45847e-05
-5.91325e-05
-6.31681e-05
-6.64013e-05
-6.88657e-05
-7.06718e-05
-7.19317e-05
-7.2752e-05
-7.3233e-05
-7.34669e-05
-7.35359e-05
-7.35104e-05
-7.34478e-05
-7.33916e-05
-7.33714e-05
-7.34041e-05
-7.34949e-05
-7.3639e-05
-7.38234e-05
-7.40288e-05
-7.42308e-05
-7.44012e-05
-7.45086e-05
-7.45198e-05
-7.43994e-05
-7.41116e-05
-7.36206e-05
-7.28935e-05
-7.19028e-05
-7.063e-05
-6.90695e-05
-6.72302e-05
-6.51323e-05
-6.28041e-05
-6.02881e-05
-5.76866e-05
-5.52468e-05
-5.33958e-05
-5.25451e-05
-5.26782e-05
-5.32247e-05
-5.37073e-05
-5.43515e-05
-5.56611e-05
-5.74557e-05
-5.8996e-05
-6.0054e-05
-6.16072e-05
-6.47611e-05
-6.91386e-05
-7.39124e-05
-5.83133e-05
-6.22861e-05
-6.54794e-05
-6.79165e-05
-6.97049e-05
-7.09545e-05
-7.17703e-05
-7.2251e-05
-7.24873e-05
-7.25605e-05
-7.254e-05
-7.24825e-05
-7.2431e-05
-7.24149e-05
-7.24508e-05
-7.2544e-05
-7.26898e-05
-7.28755e-05
-7.3082e-05
-7.32852e-05
-7.34574e-05
-7.35676e-05
-7.35829e-05
-7.34686e-05
-7.3189e-05
-7.27091e-05
-7.19962e-05
-7.10231e-05
-6.97714e-05
-6.82357e-05
-6.64246e-05
-6.43581e-05
-6.20641e-05
-5.95845e-05
-5.70198e-05
-5.46131e-05
-5.27858e-05
-5.19457e-05
-5.20799e-05
-5.26264e-05
-5.31117e-05
-5.37562e-05
-5.50595e-05
-5.68474e-05
-5.83879e-05
-5.94495e-05
-6.09967e-05
-6.41307e-05
-6.84853e-05
-7.32505e-05
-5.75178e-05
-6.14287e-05
-6.45831e-05
-6.69934e-05
-6.87643e-05
-7.00039e-05
-7.08151e-05
-7.12953e-05
-7.15339e-05
-7.16111e-05
-7.15953e-05
-7.15427e-05
-7.14957e-05
-7.14834e-05
-7.15223e-05
-7.16177e-05
-7.17651e-05
-7.1952e-05
-7.21594e-05
-7.23638e-05
-7.25375e-05
-7.26504e-05
-7.26696e-05
-7.25611e-05
-7.22895e-05
-7.18203e-05
-7.11211e-05
-7.01649e-05
-6.89338e-05
-6.74221e-05
-6.56383e-05
-6.36023e-05
-6.13415e-05
-5.88972e-05
-5.63681e-05
-5.39936e-05
-5.21895e-05
-5.136e-05
-5.14953e-05
-5.2042e-05
-5.25301e-05
-5.31749e-05
-5.4472e-05
-5.62529e-05
-5.77932e-05
-5.88582e-05
-6.03994e-05
-6.35131e-05
-6.78438e-05
-7.25992e-05
-5.67451e-05
-6.05953e-05
-6.37117e-05
-6.60956e-05
-6.78494e-05
-6.90789e-05
-6.98856e-05
-7.03652e-05
-7.06059e-05
-7.06868e-05
-7.06756e-05
-7.06276e-05
-7.05849e-05
-7.05762e-05
-7.0618e-05
-7.07155e-05
-7.08644e-05
-7.10522e-05
-7.12605e-05
-7.14658e-05
-7.16411e-05
-7.17564e-05
-7.17794e-05
-7.16763e-05
-7.14124e-05
-7.09534e-05
-7.02674e-05
-6.93277e-05
-6.81165e-05
-6.66282e-05
-6.48709e-05
-6.28645e-05
-6.06358e-05
-5.82257e-05
-5.57312e-05
-5.3388e-05
-5.16065e-05
-5.07874e-05
-5.0924e-05
-5.14711e-05
-5.19621e-05
-5.26074e-05
-5.38984e-05
-5.5672e-05
-5.72115e-05
-5.82798e-05
-5.98152e-05
-6.29083e-05
-6.72139e-05
-7.19582e-05
-5.59946e-05
-5.97852e-05
-6.28643e-05
-6.52224e-05
-6.69594e-05
-6.8179e-05
-6.8981e-05
-6.94599e-05
-6.97026e-05
-6.9787e-05
-6.97801e-05
-6.97365e-05
-6.96979e-05
-6.96927e-05
-6.97372e-05
-6.98367e-05
-6.99868e-05
-7.01756e-05
-7.03846e-05
-7.05908e-05
-7.07674e-05
-7.08849e-05
-7.09115e-05
-7.08136e-05
-7.05571e-05
-7.01081e-05
-6.94349e-05
-6.85111e-05
-6.73192e-05
-6.58534e-05
-6.4122e-05
-6.21442e-05
-5.99468e-05
-5.75699e-05
-5.51089e-05
-5.2796e-05
-5.10366e-05
-5.02279e-05
-5.03659e-05
-5.09134e-05
-5.14075e-05
-5.20533e-05
-5.33382e-05
-5.51043e-05
-5.66427e-05
-5.77141e-05
-5.92438e-05
-6.2316e-05
-6.65956e-05
-7.13276e-05
-5.52656e-05
-5.89974e-05
-6.20402e-05
-6.43731e-05
-6.60934e-05
-6.73032e-05
-6.81007e-05
-6.85787e-05
-6.88231e-05
-6.89109e-05
-6.89081e-05
-6.88688e-05
-6.88341e-05
-6.88322e-05
-6.88793e-05
-6.89806e-05
-6.91319e-05
-6.93214e-05
-6.9531e-05
-6.9738e-05
-6.99159e-05
-7.00355e-05
-7.00654e-05
-6.99726e-05
-6.97232e-05
-6.92836e-05
-6.86228e-05
-6.77145e-05
-6.65412e-05
-6.50974e-05
-6.3391e-05
-6.14411e-05
-5.9274e-05
-5.69292e-05
-5.45008e-05
-5.22174e-05
-5.04795e-05
-4.9681e-05
-4.98207e-05
-5.03688e-05
-5.08658e-05
-5.15124e-05
-5.27912e-05
-5.45496e-05
-5.60865e-05
-5.71608e-05
-5.86849e-05
-6.17361e-05
-6.59887e-05
-7.07073e-05
)
;

boundaryField
{
    top
    {
        type            zeroGradient;
    }
    bottom
    {
        type            zeroGradient;
    }
    downSlope
    {
        type            zeroGradient;
    }
    upSlope
    {
        type            zeroGradient;
    }
    sides
    {
        type            empty;
    }
}


// ************************************************************************* //
