/*--------------------------------*- C++ -*----------------------------------*\
| =========                 |                                                 |
| \\      /  F ield         | OpenFOAM: The Open Source CFD Toolbox           |
|  \\    /   O peration     | Version:  v1906                                 |
|   \\  /    A nd           | Web:      www.OpenFOAM.com                      |
|    \\/     M anipulation  |                                                 |
\*---------------------------------------------------------------------------*/
FoamFile
{
    version     2.0;
    format      ascii;
    class       volScalarField;
    location    "10368000";
    object      errT;
}
// * * * * * * * * * * * * * * * * * * * * * * * * * * * * * * * * * * * * * //

dimensions      [0 0 0 1 0 0 0];


internalField   nonuniform List<scalar> 
4250
(
1.08838e-09
1.14818e-09
1.21508e-09
1.28119e-09
1.34253e-09
1.39784e-09
1.44712e-09
1.48975e-09
1.52659e-09
1.55842e-09
1.58576e-09
1.60884e-09
1.62879e-09
1.6455e-09
1.66017e-09
1.67228e-09
1.68171e-09
1.68922e-09
1.69348e-09
1.6945e-09
1.69274e-09
1.68683e-09
1.67637e-09
1.66148e-09
1.64084e-09
1.61469e-09
1.58224e-09
1.54347e-09
1.49879e-09
1.44757e-09
1.39039e-09
1.32826e-09
1.26312e-09
1.1994e-09
1.14346e-09
1.09833e-09
9.7441e-10
5.53314e-10
3.23212e-10
5.97879e-10
3.91367e-10
2.28738e-10
9.79412e-11
3.89946e-11
1.54046e-11
6.13909e-12
2.16005e-12
7.38964e-13
5.68434e-14
1.13687e-12
1.07423e-09
1.13505e-09
1.20201e-09
1.26829e-09
1.3294e-09
1.38476e-09
1.43388e-09
1.47691e-09
1.51374e-09
1.54574e-09
1.57348e-09
1.59696e-09
1.61754e-09
1.63453e-09
1.64971e-09
1.66239e-09
1.67245e-09
1.68058e-09
1.68569e-09
1.68751e-09
1.6866e-09
1.68166e-09
1.67216e-09
1.65824e-09
1.6388e-09
1.61378e-09
1.58263e-09
1.54557e-09
1.50226e-09
1.45269e-09
1.3975e-09
1.33753e-09
1.27471e-09
1.214e-09
1.16205e-09
1.12396e-09
1.0167e-09
5.77359e-10
3.47939e-10
8.3628e-10
5.42911e-10
3.17414e-10
1.35572e-10
5.42286e-11
2.16573e-11
8.86757e-12
3.58114e-12
1.59162e-12
6.82121e-13
1.08002e-12
1.05013e-09
1.11265e-09
1.17973e-09
1.24595e-09
1.30672e-09
1.36197e-09
1.41102e-09
1.45411e-09
1.49123e-09
1.52335e-09
1.55148e-09
1.5753e-09
1.59622e-09
1.61401e-09
1.62976e-09
1.643e-09
1.65392e-09
1.6629e-09
1.66887e-09
1.67194e-09
1.67188e-09
1.6683e-09
1.66011e-09
1.64772e-09
1.62987e-09
1.60645e-09
1.57701e-09
1.54188e-09
1.50078e-09
1.45349e-09
1.40096e-09
1.34395e-09
1.28438e-09
1.22714e-09
1.17967e-09
1.15023e-09
1.06849e-09
6.22094e-10
2.70177e-10
1.3643e-09
8.9392e-10
5.22505e-10
2.21405e-10
8.8221e-11
3.54703e-11
1.45519e-11
5.85487e-12
2.38742e-12
1.13687e-12
1.13687e-12
1.01869e-09
1.08372e-09
1.15097e-09
1.21668e-09
1.27704e-09
1.33184e-09
1.38061e-09
1.42364e-09
1.46076e-09
1.49288e-09
1.5213e-09
1.54552e-09
1.56678e-09
1.58508e-09
1.60134e-09
1.61532e-09
1.62709e-09
1.63664e-09
1.64368e-09
1.64795e-09
1.64874e-09
1.64653e-09
1.63988e-09
1.62891e-09
1.6127e-09
1.59116e-09
1.56354e-09
1.53062e-09
1.49163e-09
1.44695e-09
1.39727e-09
1.34298e-09
1.28705e-09
1.23299e-09
1.18979e-09
1.1683e-09
1.11675e-09
6.86725e-10
1.31422e-10
1.78147e-09
1.55984e-09
9.11655e-10
3.8392e-10
1.52738e-10
6.15046e-11
2.50679e-11
1.01181e-11
3.97904e-12
1.59162e-12
9.66338e-13
9.82084e-10
1.04967e-09
1.11697e-09
1.182e-09
1.2418e-09
1.29597e-09
1.34423e-09
1.38681e-09
1.42376e-09
1.45576e-09
1.48424e-09
1.50862e-09
1.53034e-09
1.54898e-09
1.5657e-09
1.58013e-09
1.5927e-09
1.60293e-09
1.61089e-09
1.61612e-09
1.6181e-09
1.61697e-09
1.61151e-09
1.60202e-09
1.58747e-09
1.56768e-09
1.54193e-09
1.51113e-09
1.47458e-09
1.43228e-09
1.38522e-09
1.334e-09
1.28097e-09
1.23032e-09
1.19047e-09
1.17615e-09
1.15568e-09
7.69433e-10
1.75646e-11
1.7439e-09
2.68699e-09
1.60975e-09
6.73822e-10
2.67733e-10
1.07548e-10
4.39968e-11
1.7792e-11
6.59384e-12
2.6148e-12
5.68434e-13
9.41213e-10
1.0113e-09
1.07866e-09
1.14289e-09
1.20184e-09
1.25516e-09
1.30285e-09
1.3448e-09
1.3813e-09
1.41307e-09
1.44149e-09
1.46593e-09
1.48776e-09
1.50675e-09
1.52386e-09
1.53869e-09
1.55165e-09
1.56246e-09
1.57115e-09
1.57729e-09
1.58019e-09
1.58008e-09
1.57587e-09
1.56757e-09
1.55455e-09
1.53648e-09
1.51277e-09
1.48412e-09
1.44945e-09
1.40972e-09
1.36509e-09
1.31683e-09
1.26659e-09
1.21889e-09
1.18195e-09
1.17336e-09
1.18303e-09
8.67772e-10
1.44496e-10
1.6787e-09
3.33955e-09
2.83444e-09
1.17905e-09
4.67878e-10
1.87924e-10
7.67386e-11
3.12639e-11
1.09708e-11
4.49063e-12
1.13687e-13
8.96989e-10
9.69749e-10
1.03699e-09
1.10015e-09
1.15807e-09
1.21025e-09
1.25721e-09
1.29842e-09
1.33429e-09
1.36578e-09
1.39391e-09
1.4183e-09
1.44001e-09
1.45923e-09
1.47628e-09
1.49146e-09
1.50499e-09
1.51618e-09
1.52539e-09
1.53227e-09
1.53597e-09
1.53676e-09
1.53375e-09
1.52681e-09
1.51522e-09
1.49868e-09
1.47668e-09
1.44968e-09
1.41739e-09
1.38016e-09
1.33798e-09
1.29256e-09
1.24487e-09
1.19974e-09
1.16529e-09
1.16091e-09
1.1978e-09
9.7458e-10
2.17881e-10
1.63948e-09
3.03163e-09
3.58841e-09
2.04744e-09
8.11497e-10
3.26054e-10
1.33241e-10
5.42286e-11
1.86446e-11
7.44649e-12
1.25056e-12
8.50378e-10
9.2524e-10
9.92316e-10
1.0545e-09
1.11112e-09
1.16216e-09
1.20804e-09
1.24845e-09
1.28364e-09
1.3145e-09
1.34224e-09
1.36629e-09
1.38795e-09
1.40705e-09
1.42421e-09
1.43967e-09
1.45332e-09
1.4648e-09
1.47446e-09
1.48185e-09
1.4864e-09
1.48816e-09
1.486e-09
1.48015e-09
1.4698e-09
1.45485e-09
1.4345e-09
1.40938e-09
1.37908e-09
1.34423e-09
1.30461e-09
1.26181e-09
1.21662e-09
1.17404e-09
1.14153e-09
1.14039e-09
1.19991e-09
1.08025e-09
2.11912e-10
1.61225e-09
2.81318e-09
3.36854e-09
3.46421e-09
1.39505e-09
5.60647e-10
2.29079e-10
9.34506e-11
3.15481e-11
1.26761e-11
3.06954e-12
8.0172e-10
8.78515e-10
9.45192e-10
1.00624e-09
1.06144e-09
1.11118e-09
1.15591e-09
1.19519e-09
1.22964e-09
1.26005e-09
1.28694e-09
1.31058e-09
1.33213e-09
1.35117e-09
1.36822e-09
1.38368e-09
1.39761e-09
1.40909e-09
1.41927e-09
1.42705e-09
1.43228e-09
1.4345e-09
1.43319e-09
1.42836e-09
1.41949e-09
1.40585e-09
1.38698e-09
1.36379e-09
1.33542e-09
1.30291e-09
1.26562e-09
1.22549e-09
1.18308e-09
1.14272e-09
1.11186e-09
1.11254e-09
1.1899e-09
1.17575e-09
1.14369e-10
1.58144e-09
2.6339e-09
3.08148e-09
4.1702e-09
2.37685e-09
9.55197e-10
3.90457e-10
1.59446e-10
5.32054e-11
2.13731e-11
6.13909e-12
7.51584e-10
8.30198e-10
8.96307e-10
9.56106e-10
1.00971e-09
1.05791e-09
1.10123e-09
1.13948e-09
1.17285e-09
1.20247e-09
1.22884e-09
1.25198e-09
1.27307e-09
1.29182e-09
1.30865e-09
1.32422e-09
1.33815e-09
1.34997e-09
1.36021e-09
1.36833e-09
1.37396e-09
1.37692e-09
1.37641e-09
1.37254e-09
1.36475e-09
1.35259e-09
1.33514e-09
1.31359e-09
1.28745e-09
1.25704e-09
1.22213e-09
1.1845e-09
1.1446e-09
1.10657e-09
1.07713e-09
1.07877e-09
1.1687e-09
1.25362e-09
7.20206e-11
1.53614e-09
2.45433e-09
2.81318e-09
3.65759e-09
3.96716e-09
1.61242e-09
6.59384e-10
2.69495e-10
8.90736e-11
3.60387e-11
1.14255e-11
7.00254e-10
7.8046e-10
8.46171e-10
9.04208e-10
9.5622e-10
1.00277e-09
1.04461e-09
1.08156e-09
1.1139e-09
1.14284e-09
1.16842e-09
1.19076e-09
1.21139e-09
1.22986e-09
1.24658e-09
1.26192e-09
1.27585e-09
1.28756e-09
1.29796e-09
1.30655e-09
1.3124e-09
1.3161e-09
1.31632e-09
1.31325e-09
1.30638e-09
1.2954e-09
1.27983e-09
1.25988e-09
1.23561e-09
1.20724e-09
1.17473e-09
1.13965e-09
1.10231e-09
1.06627e-09
1.03836e-09
1.03995e-09
1.13749e-09
1.30967e-09
3.29521e-10
1.47088e-09
2.2535e-09
2.55977e-09
3.17527e-09
4.65189e-09
2.69745e-09
1.10322e-09
4.51507e-10
1.47907e-10
6.00267e-11
1.98952e-11
6.4847e-10
7.29813e-10
7.94557e-10
8.51117e-10
9.0148e-10
9.46216e-10
9.86404e-10
1.02199e-09
1.05325e-09
1.0811e-09
1.10583e-09
1.1276e-09
1.14784e-09
1.16563e-09
1.18234e-09
1.19718e-09
1.21094e-09
1.22299e-09
1.23333e-09
1.24214e-09
1.2484e-09
1.25232e-09
1.25328e-09
1.25101e-09
1.2451e-09
1.23538e-09
1.22111e-09
1.20286e-09
1.18052e-09
1.15421e-09
1.12419e-09
1.09156e-09
1.05683e-09
1.02307e-09
9.96351e-10
9.97261e-10
1.09827e-09
1.34179e-09
6.31871e-10
1.38499e-09
2.02425e-09
2.30818e-09
2.77316e-09
3.93533e-09
4.44197e-09
1.82962e-09
7.49253e-10
2.43745e-10
9.93055e-11
3.35376e-11
5.96572e-10
6.78483e-10
7.42205e-10
7.97115e-10
8.45773e-10
8.88576e-10
9.27059e-10
9.61336e-10
9.91292e-10
1.01812e-09
1.04194e-09
1.06303e-09
1.08258e-09
1.10009e-09
1.11623e-09
1.13062e-09
1.14426e-09
1.15637e-09
1.16665e-09
1.17564e-09
1.18223e-09
1.18649e-09
1.18808e-09
1.18661e-09
1.1816e-09
1.17291e-09
1.16012e-09
1.14346e-09
1.12283e-09
1.09867e-09
1.07082e-09
1.04086e-09
1.00869e-09
9.77025e-10
9.51616e-10
9.51843e-10
1.052e-09
1.35026e-09
9.48887e-10
1.2804e-09
1.7701e-09
2.05239e-09
2.43335e-09
3.31659e-09
5.13774e-09
3.00753e-09
1.23254e-09
3.98302e-10
1.6297e-10
5.57066e-11
5.44787e-10
6.2721e-10
6.89681e-10
7.42716e-10
7.89271e-10
8.30369e-10
8.66862e-10
8.99661e-10
9.28594e-10
9.54174e-10
9.77138e-10
9.97261e-10
1.01625e-09
1.03307e-09
1.04882e-09
1.06297e-09
1.07627e-09
1.0881e-09
1.09856e-09
1.10754e-09
1.11436e-09
1.11891e-09
1.12118e-09
1.12044e-09
1.11623e-09
1.10856e-09
1.09708e-09
1.08201e-09
1.06303e-09
1.04097e-09
1.01539e-09
9.88052e-10
9.58266e-10
9.29049e-10
9.05004e-10
9.04151e-10
1.0005e-09
1.33724e-09
1.25135e-09
1.16216e-09
1.49942e-09
1.79199e-09
2.13498e-09
2.82296e-09
4.28452e-09
4.88404e-09
2.00987e-09
6.45286e-10
2.65459e-10
9.08926e-11
4.93401e-10
5.75881e-10
6.36931e-10
6.88033e-10
7.32427e-10
7.71649e-10
8.06551e-10
8.37645e-10
8.65214e-10
8.89543e-10
9.11598e-10
9.30982e-10
9.49228e-10
9.65485e-10
9.80663e-10
9.94305e-10
1.00738e-09
1.01886e-09
1.02943e-09
1.03825e-09
1.04546e-09
1.05001e-09
1.05302e-09
1.05274e-09
1.0495e-09
1.04285e-09
1.03262e-09
1.01909e-09
1.00187e-09
9.81686e-10
9.58323e-10
9.33426e-10
9.06198e-10
8.79197e-10
8.5663e-10
8.54754e-10
9.45249e-10
1.30524e-09
1.51624e-09
1.03591e-09
1.22452e-09
1.53159e-09
1.86503e-09
2.42727e-09
3.5584e-09
5.62864e-09
3.24968e-09
1.03665e-09
4.2894e-10
1.46372e-10
4.42867e-10
5.25063e-10
5.8435e-10
6.33349e-10
6.75584e-10
7.12703e-10
7.45842e-10
7.75572e-10
8.01833e-10
8.24855e-10
8.4583e-10
8.64304e-10
8.81698e-10
8.97387e-10
9.11939e-10
9.25468e-10
9.37973e-10
9.49171e-10
9.59517e-10
9.68328e-10
9.75547e-10
9.80492e-10
9.8396e-10
9.84414e-10
9.81743e-10
9.75888e-10
9.67077e-10
9.54969e-10
9.39281e-10
9.20977e-10
9.00172e-10
8.77378e-10
8.52936e-10
8.28209e-10
8.07177e-10
8.04221e-10
8.87496e-10
1.25749e-09
1.72713e-09
9.07391e-10
9.57186e-10
1.2771e-09
1.61634e-09
2.10071e-09
2.98559e-09
4.70914e-09
5.20447e-09
1.65181e-09
6.87351e-10
2.33626e-10
3.933e-10
4.74756e-10
5.32168e-10
5.79007e-10
6.19139e-10
6.54211e-10
6.85361e-10
7.13555e-10
7.38396e-10
7.60167e-10
7.80062e-10
7.97627e-10
8.14282e-10
8.29345e-10
8.43329e-10
8.56232e-10
8.68283e-10
8.79368e-10
8.89429e-10
8.98012e-10
9.05288e-10
9.10575e-10
9.1427e-10
9.15236e-10
9.13417e-10
9.08585e-10
9.00855e-10
8.90225e-10
8.76128e-10
8.59586e-10
8.41055e-10
8.20648e-10
7.98821e-10
7.76254e-10
7.5687e-10
7.53118e-10
8.28493e-10
1.19729e-09
1.87566e-09
7.81995e-10
7.07644e-10
1.03535e-09
1.38658e-09
1.82314e-09
2.53561e-09
3.894e-09
6.0532e-09
2.61019e-09
1.09264e-09
3.68914e-10
3.44755e-10
4.25189e-10
4.80838e-10
5.25347e-10
5.63034e-10
5.96174e-10
6.25562e-10
6.51994e-10
6.75186e-10
6.9582e-10
7.14465e-10
7.31177e-10
7.46979e-10
7.61418e-10
7.74889e-10
7.87225e-10
7.98821e-10
8.09621e-10
8.19455e-10
8.27981e-10
8.35087e-10
8.406e-10
8.44523e-10
8.45773e-10
8.44864e-10
8.40942e-10
8.34234e-10
8.24855e-10
8.12577e-10
7.97741e-10
7.81426e-10
7.63293e-10
7.44024e-10
7.23787e-10
7.06109e-10
7.01618e-10
7.68864e-10
1.12766e-09
1.96025e-09
6.6359e-10
4.8351e-10
8.12179e-10
1.17484e-09
1.58195e-09
2.175e-09
3.24314e-09
5.19043e-09
4.09409e-09
1.72315e-09
5.77472e-10
2.97632e-10
3.76588e-10
4.30077e-10
4.72482e-10
5.07839e-10
5.38876e-10
5.66331e-10
5.91172e-10
6.12886e-10
6.32213e-10
6.49663e-10
6.65409e-10
6.80359e-10
6.94058e-10
7.06848e-10
7.18671e-10
7.29699e-10
7.40386e-10
7.49822e-10
7.58178e-10
7.65226e-10
7.7074e-10
7.7506e-10
7.76652e-10
7.76254e-10
7.73355e-10
7.67784e-10
7.59655e-10
7.48798e-10
7.35895e-10
7.214e-10
7.05711e-10
6.88942e-10
6.71207e-10
6.5512e-10
6.50118e-10
7.09292e-10
1.05149e-09
1.98429e-09
5.54905e-10
2.89504e-10
6.11806e-10
9.8197e-10
1.36941e-09
1.87839e-09
2.73303e-09
4.3342e-09
6.4083e-09
2.69614e-09
8.96193e-10
2.52044e-10
3.29237e-10
3.80453e-10
4.20414e-10
4.53497e-10
4.82373e-10
5.0801e-10
5.31145e-10
5.51438e-10
5.69287e-10
5.85715e-10
6.00494e-10
6.14648e-10
6.27608e-10
6.39659e-10
6.50857e-10
6.61487e-10
6.71776e-10
6.80927e-10
6.88885e-10
6.95763e-10
7.01618e-10
7.06052e-10
7.08042e-10
7.08269e-10
7.06223e-10
7.01675e-10
6.9474e-10
6.85361e-10
6.74106e-10
6.61657e-10
6.48129e-10
6.33804e-10
6.18456e-10
6.04189e-10
5.98732e-10
6.50516e-10
9.70999e-10
1.95536e-09
4.57305e-10
1.27159e-10
4.37012e-10
8.0837e-10
1.18018e-09
1.62879e-09
2.32728e-09
3.61774e-09
7.09218e-09
4.18612e-09
1.37987e-09
2.07876e-10
2.8308e-10
3.32022e-10
3.69425e-10
4.00235e-10
4.27065e-10
4.50768e-10
4.72198e-10
4.91013e-10
5.07555e-10
5.22846e-10
5.36545e-10
5.49733e-10
5.62068e-10
5.7338e-10
5.83896e-10
5.94071e-10
6.04018e-10
6.12715e-10
6.2056e-10
6.2721e-10
6.33122e-10
6.37726e-10
6.40114e-10
6.41023e-10
6.39602e-10
6.35907e-10
6.30394e-10
6.22379e-10
6.12658e-10
6.02199e-10
5.90887e-10
5.78666e-10
5.65763e-10
5.53484e-10
5.48084e-10
5.92479e-10
8.88519e-10
1.88265e-09
3.71472e-10
3.46745e-12
2.87798e-10
6.54268e-10
1.01147e-09
1.41432e-09
1.99816e-09
3.03845e-09
5.68446e-09
6.46241e-09
2.1073e-09
1.65642e-10
2.38572e-10
2.84842e-10
3.19631e-10
3.48223e-10
3.72893e-10
3.94891e-10
4.14445e-10
4.31726e-10
4.4696e-10
4.61228e-10
4.74131e-10
4.86182e-10
4.97607e-10
5.08294e-10
5.18298e-10
5.27791e-10
5.37284e-10
5.45754e-10
5.53086e-10
5.59737e-10
5.65706e-10
5.70424e-10
5.73095e-10
5.74516e-10
5.73834e-10
5.71049e-10
5.66615e-10
5.60021e-10
5.5195e-10
5.43253e-10
5.33987e-10
5.24267e-10
5.1358e-10
5.02894e-10
4.97721e-10
5.35636e-10
8.05471e-10
1.77619e-09
2.96495e-10
1.05047e-10
1.6388e-10
5.19208e-10
8.6095e-10
1.22731e-09
1.72531e-09
2.57455e-09
4.58283e-09
7.29847e-09
3.19346e-09
1.25112e-10
1.95485e-10
2.39083e-10
2.71314e-10
2.97405e-10
3.20199e-10
3.40265e-10
3.58e-10
3.73859e-10
3.88013e-10
4.0086e-10
4.12854e-10
4.23881e-10
4.34682e-10
4.44572e-10
4.53895e-10
4.62876e-10
4.71914e-10
4.79815e-10
4.87034e-10
4.93458e-10
4.99313e-10
5.04087e-10
5.07157e-10
5.0926e-10
5.09033e-10
5.07271e-10
5.03917e-10
4.98403e-10
4.9198e-10
4.84988e-10
4.77826e-10
4.70436e-10
4.6191e-10
4.52985e-10
4.48267e-10
4.80441e-10
7.23105e-10
1.64584e-09
2.31807e-10
1.80876e-10
6.30962e-11
4.02281e-10
7.26857e-10
1.0624e-09
1.49453e-09
2.19836e-09
3.73922e-09
6.13068e-09
4.81754e-09
8.63452e-11
1.54103e-10
1.94802e-10
2.24588e-10
2.48235e-10
2.69154e-10
2.87173e-10
3.0326e-10
3.17641e-10
3.30658e-10
3.42197e-10
3.53168e-10
3.634e-10
3.73348e-10
3.82556e-10
3.9114e-10
3.99609e-10
4.08136e-10
4.15582e-10
4.22517e-10
4.2894e-10
4.34454e-10
4.39115e-10
4.42583e-10
4.45027e-10
4.45596e-10
4.44686e-10
4.42242e-10
4.37979e-10
4.33147e-10
4.2769e-10
4.2246e-10
4.17117e-10
4.10694e-10
4.03872e-10
3.99666e-10
4.26553e-10
6.42785e-10
1.50038e-09
1.75987e-10
2.35389e-10
1.7053e-11
3.01839e-10
6.0777e-10
9.15861e-10
1.29558e-09
1.88868e-09
3.0937e-09
5.071e-09
7.25163e-09
4.92832e-11
1.14255e-10
1.52113e-10
1.79398e-10
2.00771e-10
2.19529e-10
2.35673e-10
2.49941e-10
2.62958e-10
2.74895e-10
2.85411e-10
2.95131e-10
3.04397e-10
3.13662e-10
3.22132e-10
3.3009e-10
3.37877e-10
3.45835e-10
3.52884e-10
3.59421e-10
3.65731e-10
3.71131e-10
3.75849e-10
3.79487e-10
3.82329e-10
3.83579e-10
3.83352e-10
3.81931e-10
3.78748e-10
3.75451e-10
3.71415e-10
3.68004e-10
3.64764e-10
3.60728e-10
3.55385e-10
3.52031e-10
3.74371e-10
5.6491e-10
1.3473e-09
1.27443e-10
2.72053e-10
7.99787e-11
2.16062e-10
5.02098e-10
7.8478e-10
1.12175e-09
1.62885e-09
2.59206e-09
4.2063e-09
8.00134e-09
1.42677e-11
7.6227e-11
1.11186e-10
1.35913e-10
1.54898e-10
1.71553e-10
1.85935e-10
1.98384e-10
2.10093e-10
2.20894e-10
2.30045e-10
2.39083e-10
2.47269e-10
2.55852e-10
2.63583e-10
2.70916e-10
2.78021e-10
2.85297e-10
2.91891e-10
2.98201e-10
3.04112e-10
3.09456e-10
3.14174e-10
3.18039e-10
3.21336e-10
3.22984e-10
3.23496e-10
3.23041e-10
3.20995e-10
3.18835e-10
3.1639e-10
3.14685e-10
3.13435e-10
3.11559e-10
3.07921e-10
3.05477e-10
3.23894e-10
4.90274e-10
1.19235e-09
8.48672e-11
2.95643e-10
1.28637e-10
1.43018e-10
4.08079e-10
6.67285e-10
9.67532e-10
1.40733e-09
2.19455e-09
3.51332e-09
6.5815e-09
1.90994e-11
3.99609e-11
7.17364e-11
9.4019e-11
1.10788e-10
1.2534e-10
1.37845e-10
1.48816e-10
1.58991e-10
1.68541e-10
1.76783e-10
1.84457e-10
1.92074e-10
1.99861e-10
2.06967e-10
2.1339e-10
2.19814e-10
2.26692e-10
2.32887e-10
2.38686e-10
2.44597e-10
2.49543e-10
2.54261e-10
2.58296e-10
2.61707e-10
2.64095e-10
2.65061e-10
2.65572e-10
2.64606e-10
2.63697e-10
2.62673e-10
2.62617e-10
2.63299e-10
2.63299e-10
2.61593e-10
2.59774e-10
2.75065e-10
4.18936e-10
1.04052e-09
4.66684e-11
3.09569e-10
1.66267e-10
8.0604e-11
3.24405e-10
5.61272e-10
8.29971e-10
1.21531e-09
1.87276e-09
2.96114e-09
5.38574e-09
5.0477e-11
5.45697e-12
3.43334e-11
5.36033e-11
6.84395e-11
8.07177e-11
9.15179e-11
1.0084e-10
1.09821e-10
1.18177e-10
1.25112e-10
1.32047e-10
1.38868e-10
1.45576e-10
1.51999e-10
1.57797e-10
1.63823e-10
1.69905e-10
1.75703e-10
1.81217e-10
1.86844e-10
1.91619e-10
1.96337e-10
2.00487e-10
2.04011e-10
2.0674e-10
2.08559e-10
2.09639e-10
2.09866e-10
2.10036e-10
2.10321e-10
2.11855e-10
2.143e-10
2.16062e-10
2.16289e-10
2.1538e-10
2.27885e-10
3.51122e-10
8.94659e-10
1.21645e-11
3.17129e-10
1.95371e-10
2.67733e-11
2.4977e-10
4.64979e-10
7.05882e-10
1.04632e-09
1.60622e-09
2.51674e-09
4.43697e-09
7.99218e-11
2.74554e-11
1.53477e-12
1.51203e-11
2.78533e-11
3.80851e-11
4.72369e-11
5.49676e-11
6.25278e-11
6.97469e-11
7.57723e-11
8.16271e-11
8.75389e-11
9.34506e-11
9.91349e-11
1.04421e-10
1.09708e-10
1.15278e-10
1.20508e-10
1.25624e-10
1.30854e-10
1.35515e-10
1.40176e-10
1.44439e-10
1.48134e-10
1.51317e-10
1.53705e-10
1.5541e-10
1.56604e-10
1.57854e-10
1.59446e-10
1.62402e-10
1.66722e-10
1.7036e-10
1.72292e-10
1.72349e-10
1.8224e-10
2.87002e-10
7.56756e-10
1.98384e-11
3.20654e-10
2.18449e-10
2.02363e-11
1.82297e-10
3.7744e-10
5.93047e-10
8.95909e-10
1.3809e-09
2.15431e-09
3.69204e-09
1.07548e-10
5.86056e-11
3.56977e-11
2.14868e-11
1.10276e-11
2.78533e-12
4.77485e-12
1.07434e-11
1.71099e-11
2.3249e-11
2.82512e-11
3.31966e-11
3.83125e-11
4.33147e-11
4.83737e-11
5.30349e-11
5.75824e-11
6.26983e-11
6.74731e-11
7.19638e-11
7.70228e-11
8.15135e-11
8.61178e-11
9.03242e-11
9.41327e-11
9.77138e-11
1.0067e-10
1.03228e-10
1.05217e-10
1.0732e-10
1.10219e-10
1.14596e-10
1.20338e-10
1.25794e-10
1.29489e-10
1.30512e-10
1.38357e-10
2.26464e-10
6.28404e-10
5.01359e-11
3.22359e-10
2.37605e-10
6.19025e-11
1.21247e-10
2.97234e-10
4.90104e-10
7.60451e-10
1.18689e-09
1.85332e-09
3.10416e-09
1.33525e-10
8.79936e-11
6.81553e-11
5.63887e-11
4.81464e-11
4.17231e-11
3.58682e-11
3.13207e-11
2.62048e-11
2.12594e-11
1.72236e-11
1.33014e-11
9.0381e-12
4.60432e-12
5.11591e-13
3.46745e-12
7.67386e-12
1.21076e-11
1.64277e-11
2.05773e-11
2.51248e-11
2.93312e-11
3.41061e-11
3.81988e-11
4.22915e-11
4.60432e-11
4.94538e-11
5.2637e-11
5.53655e-11
5.86624e-11
6.26414e-11
6.82121e-11
7.54312e-11
8.27072e-11
8.78231e-11
8.97558e-11
9.57812e-11
1.69223e-10
5.10056e-10
7.94103e-11
3.23553e-10
2.54317e-10
9.94191e-11
6.51426e-11
2.23679e-10
3.9546e-10
6.37499e-10
1.01687e-09
1.59963e-09
2.63447e-09
1.57797e-10
1.15904e-10
9.89075e-11
8.96989e-11
8.33893e-11
7.89555e-11
7.47491e-11
7.1509e-11
6.78142e-11
6.3892e-11
6.07656e-11
5.75824e-11
5.42286e-11
5.05906e-11
4.73506e-11
4.394e-11
4.04725e-11
3.63798e-11
3.25713e-11
2.89333e-11
2.46132e-11
2.06342e-11
1.60298e-11
1.19371e-11
7.7307e-12
3.69482e-12
1.13687e-13
4.03588e-12
7.38964e-12
1.14824e-11
1.66551e-11
2.35332e-11
3.20597e-11
4.07567e-11
4.75211e-11
5.05338e-11
5.5195e-11
1.15506e-10
4.01769e-10
1.07548e-10
3.25656e-10
2.69722e-10
1.3415e-10
1.34719e-11
1.55467e-10
3.08262e-10
5.25176e-10
8.65896e-10
1.38169e-09
2.25322e-09
1.80421e-10
1.41881e-10
1.27955e-10
1.21133e-10
1.16984e-10
1.14483e-10
1.11584e-10
1.09765e-10
1.07264e-10
1.04421e-10
1.02148e-10
1.00044e-10
9.74865e-11
9.45874e-11
9.20863e-11
8.90168e-11
8.61178e-11
8.27072e-11
7.95239e-11
7.6227e-11
7.23617e-11
6.84963e-11
6.40625e-11
6.01403e-11
5.57066e-11
5.13865e-11
4.73506e-11
4.28599e-11
3.86535e-11
3.3765e-11
2.76259e-11
1.95541e-11
9.89075e-12
3.41061e-13
8.46967e-12
1.25056e-11
1.61435e-11
6.50857e-11
3.03544e-10
1.35344e-10
3.28953e-10
2.84672e-10
1.66892e-10
3.4845e-11
9.19158e-11
2.2726e-10
4.21835e-10
7.30097e-10
1.19184e-09
1.93802e-09
2.01339e-10
1.66381e-10
1.55239e-10
1.50976e-10
1.49043e-10
1.47907e-10
1.46713e-10
1.46144e-10
1.44723e-10
1.43018e-10
1.41767e-10
1.40346e-10
1.38641e-10
1.36481e-10
1.34719e-10
1.32275e-10
1.29717e-10
1.27102e-10
1.24317e-10
1.21474e-10
1.17836e-10
1.14312e-10
1.10219e-10
1.0624e-10
1.01807e-10
9.72022e-11
9.28253e-11
8.79936e-11
8.28209e-11
7.70228e-11
7.01448e-11
6.10498e-11
5.00791e-11
3.85967e-11
2.91038e-11
2.40448e-11
2.12594e-11
1.76215e-11
2.14243e-10
1.62629e-10
3.34239e-10
3.0002e-10
1.97929e-10
8.04334e-11
3.22871e-11
1.51772e-10
3.26338e-10
6.06747e-10
1.02403e-09
1.6729e-09
2.20723e-10
1.89345e-10
1.80989e-10
1.79057e-10
1.7917e-10
1.79739e-10
1.8008e-10
1.80819e-10
1.80421e-10
1.79739e-10
1.79341e-10
1.78829e-10
1.77863e-10
1.76328e-10
1.75419e-10
1.73259e-10
1.71724e-10
1.69337e-10
1.67006e-10
1.64675e-10
1.61378e-10
1.58138e-10
1.54273e-10
1.50294e-10
1.4586e-10
1.41142e-10
1.36197e-10
1.31138e-10
1.25283e-10
1.1886e-10
1.10958e-10
1.01068e-10
8.896e-11
7.60565e-11
6.53699e-11
5.92877e-11
5.72982e-11
2.68869e-11
1.33582e-10
1.89686e-10
3.41458e-10
3.15822e-10
2.27999e-10
1.23748e-10
2.36469e-11
8.11724e-11
2.37492e-10
4.93628e-10
8.73797e-10
1.44598e-09
2.38629e-10
2.10719e-10
2.05205e-10
2.05659e-10
2.07649e-10
2.09752e-10
2.11685e-10
2.13618e-10
2.14186e-10
2.1447e-10
2.15039e-10
2.15209e-10
2.15039e-10
2.14129e-10
2.13845e-10
2.12424e-10
2.1123e-10
2.09639e-10
2.07706e-10
2.0583e-10
2.03045e-10
1.99918e-10
1.96223e-10
1.92301e-10
1.87924e-10
1.83149e-10
1.77636e-10
1.72236e-10
1.65926e-10
1.58593e-10
1.49896e-10
1.39323e-10
1.26079e-10
1.12095e-10
1.00101e-10
9.32232e-11
9.1859e-11
6.86668e-11
6.08793e-11
2.1646e-10
3.50553e-10
3.32534e-10
2.57444e-10
1.65244e-10
7.66818e-11
1.4893e-11
1.54671e-10
3.89207e-10
7.37657e-10
1.24857e-09
2.55397e-10
2.30727e-10
2.27942e-10
2.305e-10
2.34365e-10
2.3806e-10
2.41641e-10
2.44484e-10
2.46246e-10
2.47383e-10
2.48747e-10
2.49827e-10
2.50452e-10
2.49884e-10
2.50509e-10
2.49543e-10
2.48974e-10
2.47724e-10
2.46416e-10
2.44995e-10
2.42437e-10
2.39709e-10
2.36184e-10
2.32546e-10
2.28056e-10
2.23054e-10
2.17256e-10
2.11628e-10
2.0475e-10
1.96735e-10
1.87299e-10
1.7593e-10
1.6172e-10
1.46713e-10
1.33582e-10
1.25851e-10
1.24828e-10
1.08002e-10
4.77485e-12
2.42665e-10
3.61524e-10
3.50099e-10
2.86263e-10
2.05034e-10
1.27045e-10
4.76348e-11
7.71365e-11
2.92346e-10
6.1334e-10
1.07372e-09
2.70688e-10
2.49315e-10
2.49202e-10
2.5392e-10
2.59547e-10
2.64606e-10
2.69608e-10
2.73701e-10
2.76316e-10
2.78419e-10
2.80579e-10
2.82398e-10
2.83706e-10
2.83876e-10
2.8507e-10
2.84615e-10
2.84672e-10
2.8399e-10
2.83137e-10
2.82171e-10
2.79954e-10
2.77339e-10
2.74156e-10
2.70632e-10
2.66141e-10
2.60968e-10
2.55227e-10
2.48974e-10
2.41869e-10
2.33058e-10
2.2311e-10
2.10946e-10
1.95939e-10
1.79909e-10
1.65812e-10
1.57172e-10
1.56547e-10
1.45064e-10
6.41194e-11
2.68471e-10
3.742e-10
3.68345e-10
3.14742e-10
2.4346e-10
1.75078e-10
1.06411e-10
4.26326e-12
2.02078e-10
4.98744e-10
9.17339e-10
2.84558e-10
2.66652e-10
2.69154e-10
2.75861e-10
2.83308e-10
2.89788e-10
2.95984e-10
3.01156e-10
3.04738e-10
3.07807e-10
3.10706e-10
3.13094e-10
3.15083e-10
3.16106e-10
3.17755e-10
3.17982e-10
3.1838e-10
3.18323e-10
3.17982e-10
3.173e-10
3.15481e-10
3.13321e-10
3.10308e-10
3.06841e-10
3.0235e-10
2.97177e-10
2.91095e-10
2.84558e-10
2.77169e-10
2.67619e-10
2.56989e-10
2.44256e-10
2.28567e-10
2.11799e-10
1.96508e-10
1.87015e-10
1.86617e-10
1.79682e-10
1.17552e-10
2.93824e-10
3.88297e-10
3.87274e-10
3.42936e-10
2.80522e-10
2.20894e-10
1.62345e-10
6.42331e-11
1.17382e-10
3.92333e-10
7.75685e-10
2.97121e-10
2.82625e-10
2.87798e-10
2.96211e-10
3.05363e-10
3.13264e-10
3.20824e-10
3.2685e-10
3.31454e-10
3.35547e-10
3.38957e-10
3.42254e-10
3.44755e-10
3.46404e-10
3.48507e-10
3.49246e-10
3.50326e-10
3.50724e-10
3.50724e-10
3.50553e-10
3.49019e-10
3.47086e-10
3.44357e-10
3.41061e-10
3.36684e-10
3.31454e-10
3.25201e-10
3.1838e-10
3.10706e-10
3.00645e-10
2.89504e-10
2.76145e-10
2.59661e-10
2.42039e-10
2.25953e-10
2.1555e-10
2.1538e-10
2.12253e-10
1.6604e-10
3.18664e-10
4.03475e-10
4.06942e-10
3.70562e-10
3.1639e-10
2.6472e-10
2.15095e-10
1.29091e-10
3.79146e-11
2.93255e-10
6.46025e-10
3.08489e-10
2.97348e-10
3.05022e-10
3.15424e-10
3.26168e-10
3.35262e-10
3.44016e-10
3.51008e-10
3.56522e-10
3.61467e-10
3.65787e-10
3.6971e-10
3.72722e-10
3.74996e-10
3.7744e-10
3.78975e-10
3.80396e-10
3.81419e-10
3.81931e-10
3.81874e-10
3.8068e-10
3.79089e-10
3.76701e-10
3.73632e-10
3.69198e-10
3.63798e-10
3.57659e-10
3.50212e-10
3.42538e-10
3.31738e-10
3.20256e-10
3.06329e-10
2.89219e-10
2.70973e-10
2.53976e-10
2.42949e-10
2.42778e-10
2.42892e-10
2.0998e-10
3.42709e-10
4.19561e-10
4.2678e-10
3.9779e-10
3.51463e-10
3.06727e-10
2.65288e-10
1.90198e-10
3.71188e-11
2.00259e-10
5.26313e-10
3.18778e-10
3.1099e-10
3.21052e-10
3.33273e-10
3.45437e-10
3.56067e-10
3.65674e-10
3.73632e-10
3.80169e-10
3.85796e-10
3.90742e-10
3.95346e-10
3.9887e-10
4.01826e-10
4.04725e-10
4.06772e-10
4.08761e-10
4.10125e-10
4.11262e-10
4.11546e-10
4.10751e-10
4.09386e-10
4.07283e-10
4.04214e-10
4.00064e-10
3.9455e-10
3.88241e-10
3.80567e-10
3.72722e-10
3.61467e-10
3.49473e-10
3.35035e-10
3.17414e-10
2.98598e-10
2.8075e-10
2.69097e-10
2.68813e-10
2.71598e-10
2.49827e-10
3.66128e-10
4.36046e-10
4.46903e-10
4.24563e-10
3.85285e-10
3.46972e-10
3.13207e-10
2.48008e-10
1.07832e-10
1.12834e-10
4.149e-10
3.28157e-10
3.23382e-10
3.35888e-10
3.50099e-10
3.63684e-10
3.7528e-10
3.85967e-10
3.94834e-10
4.0211e-10
4.08704e-10
4.14104e-10
4.1922e-10
4.2337e-10
4.26951e-10
4.30305e-10
4.33033e-10
4.35421e-10
4.37126e-10
4.38945e-10
4.394e-10
4.38774e-10
4.37865e-10
4.35989e-10
4.3309e-10
4.29111e-10
4.2354e-10
4.17003e-10
4.09273e-10
4.0103e-10
3.89718e-10
3.77156e-10
3.62377e-10
3.44073e-10
3.24974e-10
3.06272e-10
2.93994e-10
2.93653e-10
2.98712e-10
2.8632e-10
3.88695e-10
4.52985e-10
4.66969e-10
4.50655e-10
4.17799e-10
3.85569e-10
3.58796e-10
3.02805e-10
1.75021e-10
3.03544e-11
3.10649e-10
3.3657e-10
3.34921e-10
3.4953e-10
3.65503e-10
3.80396e-10
3.92959e-10
4.04725e-10
4.1473e-10
4.22745e-10
4.29964e-10
4.35818e-10
4.4173e-10
4.46448e-10
4.50541e-10
4.54349e-10
4.57419e-10
4.60432e-10
4.62421e-10
4.64581e-10
4.65548e-10
4.65377e-10
4.64752e-10
4.63046e-10
4.60261e-10
4.56509e-10
4.50882e-10
4.44231e-10
4.36387e-10
4.28088e-10
4.16264e-10
4.03304e-10
3.88582e-10
3.69482e-10
3.49871e-10
3.30544e-10
3.17698e-10
3.17186e-10
3.24064e-10
3.1946e-10
4.10523e-10
4.70152e-10
4.86864e-10
4.76177e-10
4.4912e-10
4.22631e-10
4.0194e-10
3.54646e-10
2.38458e-10
4.7919e-11
2.12594e-10
3.43846e-10
3.45267e-10
3.62377e-10
3.79771e-10
3.95914e-10
4.09671e-10
4.22347e-10
4.32976e-10
4.41844e-10
4.49802e-10
4.56168e-10
4.62762e-10
4.67878e-10
4.72596e-10
4.76803e-10
4.80384e-10
4.83624e-10
4.86068e-10
4.88683e-10
4.90047e-10
4.90388e-10
4.89763e-10
4.88512e-10
4.85898e-10
4.82203e-10
4.76689e-10
4.69811e-10
4.6191e-10
4.53269e-10
4.41446e-10
4.27974e-10
4.13024e-10
3.93413e-10
3.73404e-10
3.53566e-10
3.40322e-10
3.39639e-10
3.47939e-10
3.49587e-10
4.31442e-10
4.87205e-10
5.06645e-10
5.00847e-10
4.79417e-10
4.58044e-10
4.43094e-10
4.03759e-10
2.98712e-10
1.22157e-10
1.19883e-10
3.50383e-10
3.54703e-10
3.73802e-10
3.92959e-10
4.10182e-10
4.25132e-10
4.38547e-10
4.50143e-10
4.59522e-10
4.68333e-10
4.75325e-10
4.82316e-10
4.87944e-10
4.9323e-10
4.97835e-10
5.01927e-10
5.05338e-10
5.08351e-10
5.11307e-10
5.12898e-10
5.13751e-10
5.1341e-10
5.12557e-10
5.09942e-10
5.06361e-10
5.00904e-10
4.94026e-10
4.85898e-10
4.76973e-10
4.65036e-10
4.51223e-10
4.3616e-10
4.1598e-10
3.95573e-10
3.75337e-10
3.61808e-10
3.60728e-10
3.70164e-10
3.77156e-10
4.5145e-10
5.0386e-10
5.25858e-10
5.24665e-10
5.08408e-10
4.91866e-10
4.82203e-10
4.50314e-10
3.55442e-10
1.92529e-10
3.20597e-11
3.5584e-10
3.63229e-10
3.84603e-10
4.05237e-10
4.23483e-10
4.39513e-10
4.53667e-10
4.65775e-10
4.7612e-10
4.85443e-10
4.9306e-10
5.00279e-10
5.06702e-10
5.1233e-10
5.17275e-10
5.21936e-10
5.25858e-10
5.29212e-10
5.32282e-10
5.34328e-10
5.35408e-10
5.35408e-10
5.34669e-10
5.32339e-10
5.28985e-10
5.23698e-10
5.16593e-10
5.08294e-10
4.99142e-10
4.87262e-10
4.73108e-10
4.57817e-10
4.37467e-10
4.16549e-10
3.96028e-10
3.81988e-10
3.8068e-10
3.91253e-10
4.02508e-10
4.70436e-10
5.20345e-10
5.44503e-10
5.47459e-10
5.36318e-10
5.24153e-10
5.19435e-10
4.94538e-10
4.09443e-10
2.59547e-10
5.15001e-11
3.60728e-10
3.71017e-10
3.94266e-10
4.16208e-10
4.35477e-10
4.52815e-10
4.6748e-10
4.80497e-10
4.91582e-10
5.01302e-10
5.09147e-10
5.17105e-10
5.24039e-10
5.29724e-10
5.35522e-10
5.4041e-10
5.4473e-10
5.48482e-10
5.52006e-10
5.5428e-10
5.55815e-10
5.56099e-10
5.55417e-10
5.53484e-10
5.50301e-10
5.44787e-10
5.37966e-10
5.29383e-10
5.1989e-10
5.08123e-10
4.93628e-10
4.78224e-10
4.57476e-10
4.3633e-10
4.15412e-10
4.01087e-10
3.99496e-10
4.10921e-10
4.25928e-10
4.88683e-10
5.36261e-10
5.62636e-10
5.69514e-10
5.6292e-10
5.54735e-10
5.54678e-10
5.36261e-10
4.60659e-10
3.23269e-10
1.31138e-10
3.64821e-10
3.77895e-10
4.03304e-10
4.26326e-10
4.46619e-10
4.64865e-10
4.80156e-10
4.93856e-10
5.05622e-10
5.1574e-10
5.2421e-10
5.32566e-10
5.40183e-10
5.46095e-10
5.52404e-10
5.57748e-10
5.62295e-10
5.66672e-10
5.70253e-10
5.72868e-10
5.74801e-10
5.75426e-10
5.74857e-10
5.73039e-10
5.69912e-10
5.64626e-10
5.57804e-10
5.49107e-10
5.39501e-10
5.27507e-10
5.12898e-10
4.97153e-10
4.76348e-10
4.55032e-10
4.34056e-10
4.19163e-10
4.17458e-10
4.29395e-10
4.47358e-10
5.05963e-10
5.51665e-10
5.80087e-10
5.90489e-10
5.88216e-10
5.83839e-10
5.88102e-10
5.75653e-10
5.09374e-10
3.83977e-10
2.07308e-10
3.68232e-10
3.84148e-10
4.11319e-10
4.35591e-10
4.56737e-10
4.75779e-10
4.91752e-10
5.06361e-10
5.18412e-10
5.29155e-10
5.3808e-10
5.47004e-10
5.5519e-10
5.61215e-10
5.68093e-10
5.73777e-10
5.78609e-10
5.83384e-10
5.87193e-10
5.90092e-10
5.92365e-10
5.93332e-10
5.93047e-10
5.91228e-10
5.88557e-10
5.83043e-10
5.76335e-10
5.67525e-10
5.57804e-10
5.4564e-10
5.31088e-10
5.15001e-10
4.93912e-10
4.72539e-10
4.51507e-10
4.3616e-10
4.3417e-10
4.46732e-10
4.67026e-10
5.22107e-10
5.66615e-10
5.96856e-10
6.10441e-10
6.12147e-10
6.11408e-10
6.19593e-10
6.12772e-10
5.55303e-10
4.41787e-10
2.79954e-10
3.71301e-10
3.89775e-10
4.18595e-10
4.4389e-10
4.66059e-10
4.85841e-10
5.02325e-10
5.17787e-10
5.30292e-10
5.41434e-10
5.5104e-10
5.60192e-10
5.68718e-10
5.75255e-10
5.82475e-10
5.88329e-10
5.93616e-10
5.98789e-10
6.02768e-10
6.06121e-10
6.08736e-10
6.09816e-10
6.09532e-10
6.08281e-10
6.05667e-10
6.00039e-10
5.93559e-10
5.84748e-10
5.74971e-10
5.62522e-10
5.47971e-10
5.31429e-10
5.10454e-10
4.89024e-10
4.67764e-10
4.52303e-10
4.49859e-10
4.63046e-10
4.85159e-10
5.37341e-10
5.80997e-10
6.12602e-10
6.2937e-10
6.34884e-10
6.37556e-10
6.49436e-10
6.48072e-10
5.99016e-10
4.97096e-10
3.4953e-10
3.73461e-10
3.94721e-10
4.24961e-10
4.5145e-10
4.74245e-10
4.94822e-10
5.11989e-10
5.28189e-10
5.41036e-10
5.52518e-10
5.62693e-10
5.72356e-10
5.80997e-10
5.88045e-10
5.95605e-10
6.01915e-10
6.07429e-10
6.1317e-10
6.17263e-10
6.20787e-10
6.23686e-10
6.2505e-10
6.24993e-10
6.23857e-10
6.21299e-10
6.16069e-10
6.09589e-10
6.00778e-10
5.90717e-10
5.78439e-10
5.63716e-10
5.46891e-10
5.25972e-10
5.04542e-10
4.82942e-10
4.67196e-10
4.64809e-10
4.78394e-10
5.01757e-10
5.51665e-10
5.94468e-10
6.27267e-10
6.47219e-10
6.56314e-10
6.62396e-10
6.7746e-10
6.81212e-10
6.40227e-10
5.49562e-10
4.16264e-10
3.75053e-10
3.9887e-10
4.30646e-10
4.58158e-10
4.81805e-10
5.03064e-10
5.20686e-10
5.37568e-10
5.50983e-10
5.62693e-10
5.7338e-10
5.83384e-10
5.92422e-10
5.99812e-10
6.07656e-10
6.1425e-10
6.19991e-10
6.2596e-10
6.30394e-10
6.34373e-10
6.37442e-10
6.39034e-10
6.39204e-10
6.38295e-10
6.35794e-10
6.30848e-10
6.24368e-10
6.15501e-10
6.05382e-10
5.93161e-10
5.78439e-10
5.61386e-10
5.40297e-10
5.18924e-10
4.97209e-10
4.8118e-10
4.78508e-10
4.92491e-10
5.17161e-10
5.65024e-10
6.07201e-10
6.41364e-10
6.63874e-10
6.76494e-10
6.85475e-10
7.03778e-10
7.12475e-10
6.79222e-10
5.99471e-10
4.80327e-10
3.76247e-10
4.02338e-10
4.35534e-10
4.64013e-10
4.88512e-10
5.10511e-10
5.28644e-10
5.46038e-10
5.59965e-10
5.71845e-10
5.83043e-10
5.93332e-10
6.02711e-10
6.10271e-10
6.18684e-10
6.25562e-10
6.31587e-10
6.37726e-10
6.42387e-10
6.46594e-10
6.50118e-10
6.5171e-10
6.52221e-10
6.51767e-10
6.49266e-10
6.4432e-10
6.37954e-10
6.29086e-10
6.18968e-10
6.06633e-10
5.92024e-10
5.74687e-10
5.53769e-10
5.32168e-10
5.10454e-10
4.9431e-10
4.91298e-10
5.05679e-10
5.31088e-10
5.77302e-10
6.19139e-10
6.54325e-10
6.79449e-10
6.95309e-10
7.07303e-10
7.28221e-10
7.4175e-10
7.15943e-10
6.46935e-10
5.41604e-10
3.76929e-10
4.0535e-10
4.39741e-10
4.69186e-10
4.94538e-10
5.17161e-10
5.35749e-10
5.53598e-10
5.68207e-10
5.79917e-10
5.91569e-10
6.02313e-10
6.11806e-10
6.19877e-10
6.28688e-10
6.3568e-10
6.41933e-10
6.48583e-10
6.53529e-10
6.57849e-10
6.61373e-10
6.63306e-10
6.64159e-10
6.63817e-10
6.61373e-10
6.56598e-10
6.50402e-10
6.41592e-10
6.3153e-10
6.18854e-10
6.04302e-10
5.86851e-10
5.66047e-10
5.44276e-10
5.22789e-10
5.06475e-10
5.03235e-10
5.179e-10
5.43992e-10
5.88727e-10
6.30337e-10
6.66432e-10
6.94058e-10
7.12816e-10
7.27539e-10
7.51299e-10
7.68921e-10
7.5039e-10
6.92012e-10
6.0038e-10
3.77156e-10
4.07795e-10
4.43492e-10
4.73847e-10
4.99995e-10
5.22903e-10
5.42116e-10
5.60362e-10
5.75312e-10
5.87249e-10
5.99243e-10
6.10328e-10
6.20105e-10
6.2812e-10
6.37442e-10
6.44889e-10
6.51255e-10
6.5836e-10
6.63363e-10
6.6791e-10
6.71719e-10
6.73822e-10
6.74902e-10
6.74959e-10
6.72287e-10
6.6774e-10
6.61771e-10
6.53188e-10
6.42842e-10
6.30052e-10
6.15444e-10
5.97993e-10
5.77415e-10
5.55474e-10
5.33987e-10
5.17616e-10
5.14262e-10
5.29099e-10
5.55644e-10
5.99357e-10
6.40739e-10
6.77687e-10
7.0736e-10
7.29187e-10
7.46695e-10
7.72786e-10
7.94273e-10
7.82677e-10
7.34588e-10
6.56712e-10
3.76986e-10
4.09841e-10
4.46391e-10
4.77826e-10
5.04599e-10
5.28132e-10
5.47573e-10
5.66274e-10
5.81451e-10
5.93616e-10
6.05667e-10
6.17376e-10
6.27438e-10
6.35737e-10
6.45286e-10
6.53188e-10
6.59668e-10
6.67001e-10
6.72117e-10
6.76948e-10
6.80927e-10
6.83258e-10
6.84224e-10
6.84736e-10
6.82178e-10
6.7763e-10
6.71889e-10
6.63647e-10
6.53074e-10
6.40284e-10
6.25562e-10
6.08111e-10
5.87875e-10
5.65876e-10
5.44276e-10
5.27791e-10
5.24437e-10
5.39217e-10
5.66217e-10
6.08907e-10
6.50061e-10
6.87749e-10
7.19581e-10
7.44137e-10
7.64203e-10
7.92454e-10
8.17579e-10
8.12918e-10
7.7506e-10
7.10543e-10
3.7636e-10
4.11148e-10
4.48892e-10
4.81009e-10
5.08464e-10
5.32339e-10
5.52348e-10
5.7122e-10
5.86738e-10
5.98959e-10
6.11578e-10
6.23572e-10
6.33861e-10
6.42217e-10
6.51823e-10
6.60236e-10
6.66944e-10
6.74731e-10
6.79847e-10
6.84963e-10
6.88999e-10
6.91841e-10
6.92864e-10
6.93319e-10
6.90989e-10
6.86668e-10
6.81212e-10
6.72856e-10
6.6234e-10
6.49436e-10
6.34543e-10
6.17206e-10
5.97254e-10
5.75199e-10
5.53598e-10
5.37057e-10
5.33589e-10
5.48312e-10
5.75653e-10
6.17661e-10
6.58531e-10
6.9673e-10
7.30495e-10
7.57836e-10
7.8029e-10
8.10758e-10
8.39179e-10
8.41169e-10
8.1269e-10
7.61929e-10
3.7528e-10
4.12115e-10
4.50825e-10
4.83624e-10
5.11704e-10
5.35749e-10
5.56383e-10
5.75369e-10
5.91285e-10
6.03677e-10
6.16467e-10
6.28688e-10
6.39318e-10
6.47901e-10
6.57906e-10
6.66148e-10
6.73367e-10
6.81212e-10
6.86441e-10
6.91614e-10
6.96105e-10
6.99117e-10
7.00254e-10
7.00936e-10
6.98719e-10
6.94627e-10
6.89056e-10
6.81098e-10
6.70354e-10
6.57451e-10
6.42444e-10
6.25448e-10
6.0561e-10
5.83441e-10
5.62011e-10
5.45697e-10
5.41888e-10
5.56497e-10
5.84123e-10
6.25448e-10
6.66034e-10
7.04517e-10
7.40272e-10
7.70171e-10
7.95012e-10
8.27299e-10
8.58904e-10
8.6726e-10
8.48502e-10
8.10701e-10
3.73859e-10
4.1257e-10
4.52246e-10
4.85556e-10
5.13978e-10
5.38478e-10
5.59567e-10
5.78552e-10
5.94923e-10
6.07486e-10
6.2056e-10
6.32838e-10
6.43809e-10
6.52562e-10
6.62624e-10
6.71207e-10
6.78654e-10
6.86555e-10
6.92125e-10
6.97241e-10
7.0213e-10
7.05313e-10
7.06621e-10
7.07473e-10
7.05313e-10
7.01505e-10
6.9582e-10
6.8809e-10
6.77232e-10
6.645e-10
6.49436e-10
6.32497e-10
6.12772e-10
5.90887e-10
5.69457e-10
5.53257e-10
5.49107e-10
5.63716e-10
5.91456e-10
6.32213e-10
6.72401e-10
7.11452e-10
7.49026e-10
7.81029e-10
8.08143e-10
8.42249e-10
8.76923e-10
8.91191e-10
8.81585e-10
8.57028e-10
3.71983e-10
4.12228e-10
4.52928e-10
4.86637e-10
5.15627e-10
5.40183e-10
5.61954e-10
5.80997e-10
5.97652e-10
6.10498e-10
6.238e-10
6.36192e-10
6.47276e-10
6.56144e-10
6.66262e-10
6.75072e-10
6.82746e-10
6.90818e-10
6.9673e-10
7.01903e-10
7.06848e-10
7.10315e-10
7.11907e-10
7.1276e-10
7.10827e-10
7.07132e-10
7.01561e-10
6.93831e-10
6.83144e-10
6.70411e-10
6.55348e-10
6.38522e-10
6.19082e-10
5.9714e-10
5.75881e-10
5.5968e-10
5.55644e-10
5.69969e-10
5.97993e-10
6.37954e-10
6.77858e-10
7.17193e-10
7.56359e-10
7.90578e-10
8.20023e-10
8.5555e-10
8.92896e-10
9.12905e-10
9.12053e-10
9.00684e-10
3.69596e-10
4.11603e-10
4.53042e-10
4.87205e-10
5.16707e-10
5.41206e-10
5.63602e-10
5.82702e-10
5.99414e-10
6.12488e-10
6.2596e-10
6.38465e-10
6.4972e-10
6.58758e-10
6.68877e-10
6.77801e-10
6.85759e-10
6.93831e-10
7.00197e-10
7.05541e-10
7.10713e-10
7.14067e-10
7.16113e-10
7.17137e-10
7.15374e-10
7.11736e-10
7.06166e-10
6.98435e-10
6.87749e-10
6.75072e-10
6.60009e-10
6.43524e-10
6.24084e-10
6.02199e-10
5.81338e-10
5.65194e-10
5.61215e-10
5.75312e-10
6.03336e-10
6.42729e-10
6.82121e-10
7.21798e-10
7.62498e-10
7.9865e-10
8.30141e-10
8.66862e-10
9.06994e-10
9.32346e-10
9.40076e-10
9.41554e-10
3.66697e-10
4.10182e-10
4.5236e-10
4.87205e-10
5.16934e-10
5.41547e-10
5.64228e-10
5.83498e-10
6.0038e-10
6.13454e-10
6.2704e-10
6.39716e-10
6.51028e-10
6.60407e-10
6.70639e-10
6.79677e-10
6.87692e-10
6.96048e-10
7.02528e-10
7.07871e-10
7.13271e-10
7.16739e-10
7.19012e-10
7.20092e-10
7.1833e-10
7.1509e-10
7.09463e-10
7.01675e-10
6.91102e-10
6.78824e-10
6.63533e-10
6.47276e-10
6.28177e-10
6.06065e-10
5.85715e-10
5.69855e-10
5.65649e-10
5.79519e-10
6.07542e-10
6.46367e-10
6.85418e-10
7.25493e-10
7.67272e-10
8.0513e-10
8.38611e-10
8.76639e-10
9.19158e-10
9.49626e-10
9.65315e-10
9.79639e-10
3.63457e-10
4.08477e-10
4.5128e-10
4.86239e-10
5.16138e-10
5.41036e-10
5.6383e-10
5.8327e-10
6.0021e-10
6.13284e-10
6.2721e-10
6.3983e-10
6.51426e-10
6.60748e-10
6.7098e-10
6.80245e-10
6.88431e-10
6.9673e-10
7.03722e-10
7.08837e-10
7.14635e-10
7.17989e-10
7.20433e-10
7.21741e-10
7.20263e-10
7.1708e-10
7.11566e-10
7.03608e-10
6.93149e-10
6.81155e-10
6.66091e-10
6.4972e-10
6.30848e-10
6.0902e-10
5.89125e-10
5.73266e-10
5.69003e-10
5.82645e-10
6.10726e-10
6.48924e-10
6.87521e-10
7.27766e-10
7.70569e-10
8.10246e-10
8.45432e-10
8.8454e-10
9.29106e-10
9.64292e-10
9.87825e-10
1.01471e-09
3.59705e-10
4.05976e-10
4.49461e-10
4.8442e-10
5.1466e-10
5.39444e-10
5.62352e-10
5.8202e-10
5.99243e-10
6.1226e-10
6.26301e-10
6.3892e-10
6.50516e-10
6.60179e-10
6.70354e-10
6.79563e-10
6.8809e-10
6.96446e-10
7.03551e-10
7.08781e-10
7.14749e-10
7.17932e-10
7.20888e-10
7.21968e-10
7.20547e-10
7.17705e-10
7.12134e-10
7.0446e-10
6.93888e-10
6.82235e-10
6.67228e-10
6.51085e-10
6.32269e-10
6.10783e-10
5.91058e-10
5.75767e-10
5.71333e-10
5.84748e-10
6.12488e-10
6.50004e-10
6.88487e-10
7.28733e-10
7.72388e-10
8.13543e-10
8.50491e-10
8.90395e-10
9.37007e-10
9.7657e-10
1.00744e-09
1.04643e-09
3.55499e-10
4.02849e-10
4.46732e-10
4.81748e-10
5.12102e-10
5.37057e-10
5.59965e-10
5.79803e-10
5.97083e-10
6.09987e-10
6.24084e-10
6.36817e-10
6.48413e-10
6.58247e-10
6.68365e-10
6.77574e-10
6.86327e-10
6.94854e-10
7.01903e-10
7.07246e-10
7.13385e-10
7.16511e-10
7.19638e-10
7.21002e-10
7.19581e-10
7.16739e-10
7.11225e-10
7.03778e-10
6.93547e-10
6.81837e-10
6.67001e-10
6.50971e-10
6.32326e-10
6.1118e-10
5.91854e-10
5.76733e-10
5.72243e-10
5.8526e-10
6.12943e-10
6.49948e-10
6.88033e-10
7.28221e-10
7.72445e-10
8.15078e-10
8.53618e-10
8.94488e-10
9.4235e-10
9.86176e-10
1.02403e-09
1.07462e-09
3.50894e-10
3.99154e-10
4.43208e-10
4.78224e-10
5.08635e-10
5.33532e-10
5.56327e-10
5.76108e-10
5.9373e-10
6.06519e-10
6.2073e-10
6.3352e-10
6.45116e-10
6.5495e-10
6.64954e-10
6.74163e-10
6.83201e-10
6.91443e-10
6.98662e-10
7.0429e-10
7.10486e-10
7.13555e-10
7.16909e-10
7.18046e-10
7.17137e-10
7.14351e-10
7.08951e-10
7.01561e-10
6.9133e-10
6.80018e-10
6.65409e-10
6.49436e-10
6.31132e-10
6.10328e-10
5.91228e-10
5.76335e-10
5.71958e-10
5.84748e-10
6.11919e-10
6.48299e-10
6.85873e-10
7.26288e-10
7.70797e-10
8.1468e-10
8.54527e-10
8.96136e-10
9.45306e-10
9.92941e-10
1.03717e-09
1.09924e-09
3.45437e-10
3.94493e-10
4.38831e-10
4.73563e-10
5.04087e-10
5.28814e-10
5.51552e-10
5.71276e-10
5.88898e-10
6.01631e-10
6.16012e-10
6.28631e-10
6.40057e-10
6.50232e-10
6.60179e-10
6.69104e-10
6.78369e-10
6.86782e-10
6.93888e-10
6.99629e-10
7.05768e-10
7.09008e-10
7.12532e-10
7.13783e-10
7.12987e-10
7.10145e-10
7.04858e-10
6.9781e-10
6.87635e-10
6.76437e-10
6.62283e-10
6.46139e-10
6.28347e-10
6.0794e-10
5.89182e-10
5.7446e-10
5.70196e-10
5.82816e-10
6.09418e-10
6.45059e-10
6.82405e-10
7.22423e-10
7.67102e-10
8.12236e-10
8.53049e-10
8.95284e-10
9.45533e-10
9.96351e-10
1.04666e-09
1.11976e-09
3.39185e-10
3.89093e-10
4.33317e-10
4.67992e-10
4.98176e-10
5.22846e-10
5.45413e-10
5.65024e-10
5.82702e-10
5.95151e-10
6.09703e-10
6.22265e-10
6.33577e-10
6.43752e-10
6.53586e-10
6.62453e-10
6.71889e-10
6.80302e-10
6.87237e-10
6.93205e-10
6.99288e-10
7.02585e-10
7.06109e-10
7.07587e-10
7.06791e-10
7.04063e-10
6.98947e-10
6.92125e-10
6.82121e-10
6.7115e-10
6.5728e-10
6.41137e-10
6.238e-10
6.03961e-10
5.85544e-10
5.70992e-10
5.66843e-10
5.7895e-10
6.04928e-10
6.40114e-10
6.76948e-10
7.16568e-10
7.61304e-10
8.07347e-10
8.49013e-10
8.91987e-10
9.42805e-10
9.96465e-10
1.0524e-09
1.13567e-09
3.3225e-10
3.82443e-10
4.26439e-10
4.60886e-10
4.9107e-10
5.15456e-10
5.37739e-10
5.56952e-10
5.74744e-10
5.87022e-10
6.01517e-10
6.14079e-10
6.25221e-10
6.35339e-10
6.45116e-10
6.54154e-10
6.63476e-10
6.71662e-10
6.78654e-10
6.84736e-10
6.90818e-10
6.94058e-10
6.9781e-10
6.99174e-10
6.98606e-10
6.95991e-10
6.90989e-10
6.84395e-10
6.74504e-10
6.63761e-10
6.50118e-10
6.34145e-10
6.17206e-10
5.97993e-10
5.8003e-10
5.65649e-10
5.61556e-10
5.7338e-10
5.98732e-10
6.33293e-10
6.69502e-10
7.08383e-10
7.5346e-10
7.99901e-10
8.42249e-10
8.85507e-10
9.3678e-10
9.92884e-10
1.05393e-09
1.14676e-09
3.24349e-10
3.74882e-10
4.18311e-10
4.52644e-10
4.82146e-10
5.06532e-10
5.2836e-10
5.47402e-10
5.64853e-10
5.77074e-10
5.91513e-10
6.03791e-10
6.14591e-10
6.24937e-10
6.34543e-10
6.43638e-10
6.52847e-10
6.60918e-10
6.67853e-10
6.73992e-10
6.80075e-10
6.83315e-10
6.86896e-10
6.88601e-10
6.87976e-10
6.85702e-10
6.80757e-10
6.7439e-10
6.64897e-10
6.54211e-10
6.40966e-10
6.25164e-10
6.08679e-10
5.89978e-10
5.72584e-10
5.58373e-10
5.54451e-10
5.65819e-10
5.90376e-10
6.24198e-10
6.59668e-10
6.97923e-10
7.42943e-10
7.89498e-10
8.32244e-10
8.75843e-10
9.27059e-10
9.8521e-10
1.05058e-09
1.15216e-09
3.15481e-10
3.65844e-10
4.08818e-10
4.42697e-10
4.71687e-10
4.95731e-10
5.17048e-10
5.35863e-10
5.52916e-10
5.65137e-10
5.79348e-10
5.91456e-10
6.02029e-10
6.12374e-10
6.21753e-10
6.30791e-10
6.39773e-10
6.47788e-10
6.54552e-10
6.60634e-10
6.66603e-10
6.7007e-10
6.73538e-10
6.75186e-10
6.74902e-10
6.72628e-10
6.67853e-10
6.61657e-10
6.52392e-10
6.42046e-10
6.29257e-10
6.13625e-10
5.97652e-10
5.79575e-10
5.62807e-10
5.48937e-10
5.45015e-10
5.56156e-10
5.79973e-10
6.12715e-10
6.47276e-10
6.84736e-10
7.29244e-10
7.75742e-10
8.18773e-10
8.62258e-10
9.13587e-10
9.73046e-10
1.04222e-09
1.15148e-09
3.05363e-10
3.55556e-10
3.97733e-10
4.3093e-10
4.59181e-10
4.82828e-10
5.03576e-10
5.22107e-10
5.38762e-10
5.50699e-10
5.64683e-10
5.76676e-10
5.86795e-10
5.97026e-10
6.06178e-10
6.1533e-10
6.2397e-10
6.31928e-10
6.38408e-10
6.44491e-10
6.50402e-10
6.53927e-10
6.57167e-10
6.58929e-10
6.58758e-10
6.56712e-10
6.52108e-10
6.46253e-10
6.37328e-10
6.2704e-10
6.14705e-10
5.99414e-10
5.84009e-10
5.66445e-10
5.50358e-10
5.36886e-10
5.33134e-10
5.43992e-10
5.66899e-10
5.98561e-10
6.31985e-10
6.68535e-10
7.12419e-10
7.58689e-10
8.01435e-10
8.44693e-10
8.95625e-10
9.55936e-10
1.02779e-09
1.14386e-09
2.94051e-10
3.43562e-10
3.84603e-10
4.17117e-10
4.44686e-10
4.67708e-10
4.87773e-10
5.0585e-10
5.21823e-10
5.33817e-10
5.47288e-10
5.58941e-10
5.68832e-10
5.78723e-10
5.87761e-10
5.96685e-10
6.05212e-10
6.12886e-10
6.19252e-10
6.25221e-10
6.30962e-10
6.34486e-10
6.3784e-10
6.39602e-10
6.39488e-10
6.37442e-10
6.33065e-10
6.27324e-10
6.18911e-10
6.08907e-10
5.9697e-10
5.8219e-10
5.67354e-10
5.50472e-10
5.3501e-10
5.22107e-10
5.18583e-10
5.28928e-10
5.50926e-10
5.81394e-10
6.13625e-10
6.49209e-10
6.92012e-10
7.37714e-10
7.80062e-10
8.22581e-10
8.7266e-10
9.33198e-10
1.00721e-09
1.12846e-09
2.81375e-10
3.29919e-10
3.69653e-10
4.01201e-10
4.2769e-10
4.49973e-10
4.69242e-10
4.8675e-10
5.02382e-10
5.13921e-10
5.26938e-10
5.38137e-10
5.47573e-10
5.57463e-10
5.66047e-10
5.74687e-10
5.82929e-10
5.90489e-10
5.96515e-10
6.0237e-10
6.07827e-10
6.11237e-10
6.14818e-10
6.16524e-10
6.16467e-10
6.14534e-10
6.10385e-10
6.04757e-10
5.9697e-10
5.87363e-10
5.75767e-10
5.61499e-10
5.47516e-10
5.31202e-10
5.16593e-10
5.04031e-10
5.00904e-10
5.10624e-10
5.31827e-10
5.60703e-10
5.91797e-10
6.25732e-10
6.67569e-10
7.12134e-10
7.53744e-10
7.9541e-10
8.44182e-10
9.04549e-10
9.79355e-10
1.10458e-09
2.67107e-10
3.14344e-10
3.52372e-10
3.82613e-10
4.07908e-10
4.29452e-10
4.47756e-10
4.64581e-10
4.79588e-10
4.90616e-10
5.03121e-10
5.13978e-10
5.22789e-10
5.32509e-10
5.40638e-10
5.48823e-10
5.56781e-10
5.64114e-10
5.69798e-10
5.7554e-10
5.80712e-10
5.84294e-10
5.8759e-10
5.89409e-10
5.89353e-10
5.87477e-10
5.83498e-10
5.78154e-10
5.71049e-10
5.61613e-10
5.50699e-10
5.37227e-10
5.23755e-10
5.08521e-10
4.94538e-10
4.82544e-10
4.79531e-10
4.88853e-10
5.09033e-10
5.36488e-10
5.65933e-10
5.98277e-10
6.38579e-10
6.81723e-10
7.22196e-10
7.62498e-10
8.09564e-10
8.69022e-10
9.43942e-10
1.0711e-09
2.51021e-10
2.96438e-10
3.32477e-10
3.61069e-10
3.85285e-10
4.05635e-10
4.22858e-10
4.38888e-10
4.53099e-10
4.63558e-10
4.75382e-10
4.85841e-10
4.94026e-10
5.03292e-10
5.11079e-10
5.18924e-10
5.26427e-10
5.33646e-10
5.38591e-10
5.44219e-10
5.49051e-10
5.52632e-10
5.55929e-10
5.57577e-10
5.57577e-10
5.55701e-10
5.5212e-10
5.47118e-10
5.40467e-10
5.316e-10
5.2114e-10
5.08521e-10
4.95959e-10
4.81521e-10
4.68503e-10
4.57192e-10
4.54463e-10
4.63103e-10
4.82146e-10
5.07896e-10
5.35579e-10
5.6599e-10
6.0453e-10
6.45798e-10
6.84679e-10
7.23276e-10
7.68182e-10
8.25992e-10
8.99831e-10
1.02688e-09
2.32774e-10
2.76032e-10
3.09626e-10
3.36286e-10
3.58966e-10
3.78122e-10
3.94152e-10
4.09329e-10
4.22631e-10
4.32351e-10
4.43265e-10
4.53213e-10
4.60773e-10
4.69583e-10
4.76973e-10
4.84079e-10
4.91184e-10
4.98062e-10
5.0261e-10
5.0801e-10
5.12159e-10
5.15854e-10
5.18867e-10
5.20572e-10
5.20572e-10
5.18639e-10
5.15456e-10
5.10909e-10
5.04826e-10
4.96527e-10
4.86864e-10
4.7504e-10
4.63388e-10
4.49859e-10
4.37865e-10
4.27519e-10
4.25018e-10
4.32863e-10
4.50541e-10
4.74358e-10
5.00052e-10
5.28644e-10
5.64683e-10
6.03677e-10
6.40398e-10
6.76948e-10
7.19183e-10
7.74492e-10
8.46001e-10
9.70601e-10
2.12253e-10
2.52726e-10
2.83535e-10
3.07921e-10
3.28896e-10
3.46461e-10
3.61183e-10
3.75053e-10
3.87331e-10
3.96312e-10
4.0643e-10
4.15582e-10
4.22403e-10
4.30646e-10
4.3741e-10
4.43947e-10
4.50541e-10
4.56964e-10
4.60943e-10
4.66059e-10
4.69811e-10
4.73335e-10
4.76064e-10
4.77655e-10
4.77826e-10
4.76007e-10
4.73108e-10
4.68845e-10
4.63388e-10
4.55827e-10
4.46846e-10
4.36216e-10
4.25757e-10
4.13308e-10
4.02395e-10
3.92845e-10
3.90628e-10
3.9762e-10
4.1382e-10
4.35477e-10
4.59011e-10
4.85215e-10
5.18412e-10
5.54735e-10
5.88841e-10
6.22663e-10
6.61714e-10
7.13555e-10
7.81313e-10
9.01139e-10
1.89061e-10
2.26009e-10
2.53806e-10
2.75634e-10
2.94449e-10
3.10081e-10
3.23382e-10
3.36001e-10
3.46859e-10
3.54987e-10
3.64025e-10
3.72324e-10
3.7852e-10
3.85853e-10
3.91992e-10
3.97961e-10
4.03872e-10
4.09614e-10
4.13081e-10
4.17799e-10
4.21039e-10
4.24166e-10
4.2661e-10
4.28201e-10
4.28429e-10
4.26894e-10
4.24279e-10
4.20471e-10
4.15639e-10
4.08875e-10
4.00746e-10
3.91253e-10
3.82101e-10
3.7096e-10
3.6124e-10
3.52657e-10
3.50724e-10
3.5692e-10
3.71415e-10
3.90628e-10
4.1166e-10
4.35193e-10
4.64922e-10
4.98005e-10
5.28814e-10
5.59396e-10
5.94696e-10
6.42217e-10
7.04574e-10
8.16897e-10
1.63141e-10
1.95769e-10
2.19927e-10
2.38742e-10
2.5517e-10
2.68813e-10
2.80295e-10
2.91209e-10
3.00815e-10
3.07864e-10
3.15595e-10
3.22757e-10
3.28157e-10
3.3458e-10
3.39867e-10
3.4504e-10
3.5044e-10
3.55442e-10
3.58227e-10
3.62377e-10
3.65162e-10
3.67947e-10
3.70164e-10
3.71472e-10
3.71756e-10
3.70449e-10
3.68175e-10
3.64935e-10
3.60728e-10
3.54987e-10
3.47939e-10
3.39639e-10
3.31966e-10
3.22302e-10
3.13833e-10
3.06443e-10
3.04738e-10
3.09853e-10
3.22359e-10
3.39014e-10
3.57204e-10
3.77725e-10
4.03531e-10
4.32635e-10
4.59693e-10
4.86295e-10
5.17105e-10
5.59226e-10
6.14534e-10
7.1617e-10
1.33923e-10
1.61378e-10
1.81558e-10
1.96906e-10
2.10377e-10
2.21689e-10
2.31296e-10
2.4022e-10
2.48178e-10
2.5392e-10
2.604e-10
2.66368e-10
2.70745e-10
2.76088e-10
2.80465e-10
2.84842e-10
2.89276e-10
2.93312e-10
2.95643e-10
2.99281e-10
3.01554e-10
3.03714e-10
3.05704e-10
3.06727e-10
3.06954e-10
3.06045e-10
3.03999e-10
3.01384e-10
2.9803e-10
2.93142e-10
2.874e-10
2.80693e-10
2.74269e-10
2.66425e-10
2.5932e-10
2.53408e-10
2.51816e-10
2.5608e-10
2.66311e-10
2.80124e-10
2.95131e-10
3.119e-10
3.3333e-10
3.57716e-10
3.80112e-10
4.02224e-10
4.2786e-10
4.63217e-10
5.09829e-10
5.96913e-10
1.01124e-10
1.2227e-10
1.37732e-10
1.49271e-10
1.59559e-10
1.68143e-10
1.75419e-10
1.82297e-10
1.88322e-10
1.92699e-10
1.97645e-10
2.02078e-10
2.05432e-10
2.09468e-10
2.12822e-10
2.16176e-10
2.197e-10
2.22713e-10
2.24532e-10
2.2726e-10
2.28965e-10
2.30614e-10
2.32149e-10
2.33001e-10
2.33229e-10
2.32319e-10
2.30898e-10
2.28908e-10
2.2635e-10
2.22656e-10
2.18279e-10
2.13333e-10
2.08388e-10
2.02476e-10
1.97019e-10
1.92813e-10
1.91392e-10
1.94632e-10
2.02419e-10
2.12765e-10
2.24134e-10
2.36867e-10
2.53181e-10
2.71768e-10
2.89049e-10
3.05818e-10
3.25372e-10
3.52884e-10
3.88752e-10
4.57476e-10
6.45741e-11
7.81597e-11
8.81073e-11
9.54401e-11
1.02034e-10
1.07491e-10
1.12152e-10
1.16813e-10
1.20622e-10
1.23293e-10
1.26477e-10
1.29376e-10
1.31422e-10
1.34037e-10
1.36254e-10
1.38243e-10
1.40631e-10
1.42506e-10
1.43643e-10
1.45462e-10
1.46485e-10
1.47622e-10
1.48589e-10
1.49271e-10
1.49385e-10
1.48646e-10
1.4785e-10
1.46542e-10
1.44951e-10
1.42563e-10
1.39835e-10
1.36652e-10
1.33582e-10
1.29717e-10
1.26249e-10
1.23578e-10
1.22668e-10
1.24714e-10
1.29546e-10
1.36254e-10
1.43473e-10
1.51829e-10
1.62004e-10
1.74225e-10
1.85196e-10
1.9628e-10
2.08615e-10
2.26464e-10
2.49827e-10
2.95415e-10
2.33058e-11
2.82512e-11
3.20028e-11
3.4504e-11
3.70051e-11
3.89377e-11
4.05862e-11
4.23483e-11
4.36557e-11
4.47926e-11
4.58726e-11
4.69527e-11
4.77485e-11
4.85443e-11
4.94538e-11
5.01927e-11
5.11022e-11
5.17844e-11
5.20686e-11
5.29212e-11
5.32623e-11
5.36602e-11
5.38876e-11
5.42286e-11
5.43423e-11
5.40012e-11
5.3717e-11
5.32054e-11
5.2637e-11
5.1898e-11
5.08749e-11
4.96811e-11
4.85443e-11
4.71232e-11
4.58726e-11
4.502e-11
4.46221e-11
4.54179e-11
4.71232e-11
4.95106e-11
5.20686e-11
5.51381e-11
5.88329e-11
6.33236e-11
6.73595e-11
7.14522e-11
7.57154e-11
8.24798e-11
9.112e-11
1.08344e-10
)
;

boundaryField
{
    top
    {
        type            zeroGradient;
    }
    bottom
    {
        type            zeroGradient;
    }
    downSlope
    {
        type            zeroGradient;
    }
    upSlope
    {
        type            zeroGradient;
    }
    sides
    {
        type            empty;
    }
}


// ************************************************************************* //
