/*--------------------------------*- C++ -*----------------------------------*\
| =========                 |                                                 |
| \\      /  F ield         | OpenFOAM: The Open Source CFD Toolbox           |
|  \\    /   O peration     | Version:  v1906                                 |
|   \\  /    A nd           | Web:      www.OpenFOAM.com                      |
|    \\/     M anipulation  |                                                 |
\*---------------------------------------------------------------------------*/
FoamFile
{
    version     2.0;
    format      ascii;
    class       volScalarField;
    location    "10368000";
    object      psi;
}
// * * * * * * * * * * * * * * * * * * * * * * * * * * * * * * * * * * * * * //

dimensions      [0 1 0 0 0 0 0];


internalField   nonuniform List<scalar> 
4250
(
-0.523033
-0.495999
-0.475037
-0.456824
-0.440232
-0.424756
-0.410142
-0.396244
-0.382965
-0.370228
-0.35797
-0.346134
-0.334669
-0.32353
-0.312676
-0.302072
-0.291685
-0.281485
-0.271444
-0.261531
-0.251712
-0.241948
-0.232192
-0.222388
-0.212467
-0.202346
-0.191924
-0.181085
-0.169691
-0.157587
-0.144596
-0.130528
-0.115179
-0.0983404
-0.0798099
-0.059397
-0.0368763
-0.0115155
0.0200158
0.053391
0.0880981
0.123478
0.159837
0.19688
0.234422
0.272368
0.31066
0.349183
0.387482
0.42403
-0.544451
-0.517732
-0.49674
-0.478512
-0.461912
-0.446432
-0.431815
-0.417916
-0.404636
-0.3919
-0.379642
-0.367808
-0.356345
-0.345208
-0.334358
-0.323757
-0.313374
-0.303179
-0.293143
-0.283235
-0.273422
-0.263665
-0.253917
-0.244123
-0.234213
-0.224105
-0.2137
-0.20288
-0.19151
-0.179433
-0.166475
-0.152446
-0.137143
-0.120357
-0.10189
-0.0815577
-0.0591642
-0.0342642
-0.00511251
0.0309254
0.0656488
0.101008
0.137352
0.174385
0.211918
0.249856
0.288143
0.326671
0.365007
0.401921
-0.564879
-0.538555
-0.5176
-0.499389
-0.482803
-0.467336
-0.452732
-0.438844
-0.425575
-0.41285
-0.400604
-0.38878
-0.377329
-0.366203
-0.355364
-0.344775
-0.334404
-0.324221
-0.314196
-0.304301
-0.2945
-0.284757
-0.275024
-0.265245
-0.255353
-0.245265
-0.234883
-0.224089
-0.212748
-0.200705
-0.187787
-0.173803
-0.158551
-0.141823
-0.123421
-0.103162
-0.0808581
-0.0561159
-0.0279214
0.00888216
0.0436133
0.0789479
0.115281
0.152306
0.189831
0.227763
0.266046
0.304583
0.342962
0.380193
-0.584319
-0.558462
-0.537607
-0.519445
-0.502896
-0.487459
-0.472882
-0.459019
-0.445773
-0.43307
-0.420845
-0.409043
-0.397612
-0.386506
-0.375687
-0.365117
-0.354765
-0.344601
-0.334596
-0.32472
-0.314939
-0.305216
-0.295504
-0.285748
-0.27588
-0.265818
-0.255464
-0.244703
-0.233398
-0.221396
-0.208524
-0.194592
-0.179398
-0.162735
-0.144403
-0.12422
-0.101998
-0.0773668
-0.0494809
-0.0183154
0.0219259
0.0572902
0.0936168
0.130635
0.168154
0.20608
0.24436
0.28291
0.321337
0.358843
-0.602775
-0.577452
-0.556755
-0.538676
-0.522185
-0.506796
-0.49226
-0.478435
-0.465224
-0.452553
-0.44036
-0.428588
-0.417186
-0.40611
-0.395318
-0.384776
-0.374451
-0.364314
-0.354335
-0.344485
-0.334731
-0.325034
-0.31535
-0.305622
-0.295785
-0.285756
-0.275438
-0.264715
-0.253453
-0.241499
-0.228681
-0.214808
-0.199679
-0.183088
-0.164834
-0.144732
-0.122595
-0.0980668
-0.0703653
-0.0395981
0.000653463
0.0360272
0.0723504
0.109365
0.146879
0.1848
0.223076
0.261643
0.30012
0.337869
-0.620256
-0.595525
-0.575041
-0.557076
-0.540666
-0.525342
-0.510862
-0.497086
-0.483922
-0.471295
-0.459144
-0.447411
-0.436048
-0.425009
-0.414254
-0.403747
-0.393457
-0.383353
-0.373408
-0.363591
-0.35387
-0.344207
-0.334556
-0.324864
-0.315064
-0.305074
-0.294797
-0.28412
-0.272908
-0.261009
-0.24825
-0.234444
-0.219389
-0.202877
-0.184708
-0.164695
-0.14265
-0.118228
-0.0906947
-0.0601911
-0.027063
0.0150827
0.051474
0.0884874
0.125998
0.163914
0.202188
0.240773
0.279303
0.317267
-0.636772
-0.612686
-0.592465
-0.574647
-0.558339
-0.543096
-0.528686
-0.514973
-0.501866
-0.489293
-0.477193
-0.46551
-0.454195
-0.443202
-0.432491
-0.422027
-0.411779
-0.401716
-0.391811
-0.382034
-0.372353
-0.36273
-0.35312
-0.343469
-0.333712
-0.323767
-0.313539
-0.302914
-0.291758
-0.279921
-0.26723
-0.253498
-0.238524
-0.2221
-0.204024
-0.184108
-0.162162
-0.137854
-0.110488
-0.0801449
-0.0472692
-0.00889625
0.0309465
0.067995
0.105503
0.143414
0.181687
0.220292
0.258876
0.297033
-0.65234
-0.628944
-0.609032
-0.591389
-0.575205
-0.56006
-0.545733
-0.532094
-0.519056
-0.506548
-0.494509
-0.482885
-0.471625
-0.460686
-0.450027
-0.439615
-0.429416
-0.419402
-0.409544
-0.399814
-0.390178
-0.380601
-0.371039
-0.361436
-0.351728
-0.341835
-0.331661
-0.321094
-0.310001
-0.298232
-0.285616
-0.271965
-0.25708
-0.240752
-0.222778
-0.202968
-0.18113
-0.156945
-0.129751
-0.0995616
-0.0668531
-0.0294066
0.0108001
0.0478804
0.0853873
0.123295
0.161565
0.200193
0.23883
0.277164
-0.666975
-0.644309
-0.624749
-0.60731
-0.591268
-0.576236
-0.562006
-0.548454
-0.535495
-0.523061
-0.511093
-0.499535
-0.48834
-0.477463
-0.466865
-0.45651
-0.446368
-0.436409
-0.426605
-0.416928
-0.407346
-0.397821
-0.388311
-0.378762
-0.369109
-0.359274
-0.349161
-0.338659
-0.327635
-0.315941
-0.303406
-0.289845
-0.275056
-0.258832
-0.240969
-0.221274
-0.199553
-0.175499
-0.148486
-0.118453
-0.0859036
-0.049052
-0.0130615
0.0280974
0.0656429
0.103547
0.141814
0.180468
0.219156
0.257653
-0.680697
-0.658795
-0.639624
-0.622415
-0.606536
-0.591632
-0.577511
-0.564056
-0.551187
-0.538837
-0.526948
-0.515466
-0.504344
-0.493537
-0.483006
-0.472716
-0.462638
-0.45274
-0.442997
-0.43338
-0.423856
-0.41439
-0.404939
-0.39545
-0.385858
-0.376087
-0.36604
-0.355608
-0.344661
-0.333048
-0.320601
-0.307135
-0.292451
-0.276339
-0.258595
-0.239024
-0.21743
-0.193518
-0.166693
-0.136825
-0.104442
-0.0680731
-0.0324954
0.00868092
0.0462628
0.0841652
0.122429
0.161109
0.199848
0.238497
-0.693529
-0.672419
-0.653669
-0.636715
-0.621016
-0.606255
-0.592255
-0.578909
-0.566139
-0.553882
-0.542081
-0.530683
-0.519641
-0.508911
-0.498455
-0.488238
-0.478229
-0.4684
-0.458724
-0.449172
-0.439713
-0.430312
-0.420925
-0.411501
-0.401977
-0.392274
-0.3823
-0.371945
-0.361078
-0.349553
-0.337201
-0.323838
-0.309265
-0.293274
-0.275657
-0.256219
-0.234762
-0.210999
-0.184373
-0.154679
-0.122477
-0.0865546
-0.0512331
-0.0145737
0.0272016
0.0651408
0.1034
0.142109
0.180897
0.219691
-0.705495
-0.685199
-0.6669
-0.650223
-0.634721
-0.620115
-0.606248
-0.593021
-0.58036
-0.568204
-0.556499
-0.545193
-0.534239
-0.523593
-0.513218
-0.50308
-0.493147
-0.483393
-0.473789
-0.464309
-0.45492
-0.445589
-0.436273
-0.42692
-0.417468
-0.40784
-0.397944
-0.38767
-0.376891
-0.365459
-0.353209
-0.339956
-0.325501
-0.309637
-0.292156
-0.272859
-0.251549
-0.227946
-0.201525
-0.172019
-0.140012
-0.104515
-0.0693882
-0.0331838
0.00849163
0.0464674
0.0847214
0.12346
0.162296
0.201229
-0.716621
-0.697157
-0.679333
-0.662953
-0.647663
-0.633226
-0.619502
-0.606403
-0.593859
-0.581814
-0.570212
-0.559005
-0.548145
-0.537591
-0.527304
-0.51725
-0.5074
-0.497726
-0.488201
-0.478797
-0.469485
-0.460229
-0.450988
-0.441712
-0.432337
-0.422789
-0.412976
-0.402789
-0.392103
-0.380771
-0.368627
-0.35549
-0.34116
-0.325432
-0.308094
-0.288948
-0.267793
-0.244359
-0.218152
-0.188846
-0.157051
-0.121964
-0.0870349
-0.0511492
-0.0137639
0.0281041
0.0663857
0.105157
0.144036
0.183107
-0.726933
-0.708313
-0.690987
-0.674922
-0.659858
-0.645601
-0.63203
-0.619067
-0.60665
-0.594722
-0.583232
-0.57213
-0.561372
-0.550914
-0.540721
-0.530758
-0.520997
-0.511408
-0.501967
-0.492645
-0.483414
-0.474239
-0.465078
-0.455883
-0.44659
-0.437127
-0.427402
-0.417308
-0.40672
-0.395492
-0.383461
-0.370446
-0.356248
-0.340661
-0.323475
-0.304487
-0.283496
-0.26024
-0.234255
-0.205163
-0.173594
-0.138909
-0.104188
-0.0685534
-0.0316521
0.0100775
0.0483861
0.0871916
0.126112
0.165319
-0.736461
-0.718694
-0.701881
-0.686148
-0.671322
-0.657255
-0.643847
-0.63103
-0.618745
-0.606942
-0.595569
-0.58458
-0.573929
-0.563575
-0.553481
-0.543615
-0.533946
-0.524449
-0.515096
-0.505862
-0.496717
-0.487627
-0.478551
-0.469441
-0.460236
-0.450862
-0.441229
-0.431233
-0.420747
-0.409629
-0.397716
-0.384828
-0.370768
-0.35533
-0.338302
-0.319481
-0.298664
-0.275594
-0.249836
-0.220974
-0.189646
-0.155354
-0.120856
-0.0854639
-0.0489094
-0.0108469
0.0306884
0.069558
0.108516
0.14786
-0.745234
-0.728323
-0.712038
-0.696649
-0.682074
-0.668207
-0.65497
-0.642305
-0.63016
-0.618488
-0.607239
-0.596368
-0.58583
-0.575585
-0.565596
-0.555831
-0.546261
-0.536859
-0.5276
-0.518458
-0.509403
-0.500403
-0.491416
-0.482396
-0.473282
-0.464002
-0.454466
-0.444571
-0.434193
-0.42319
-0.4114
-0.398644
-0.384728
-0.369444
-0.352582
-0.333935
-0.3133
-0.290425
-0.264901
-0.236282
-0.205209
-0.171304
-0.137043
-0.101896
-0.0656256
-0.0281099
0.0133117
0.0522495
0.0912403
0.130725
-0.753282
-0.737227
-0.721481
-0.706448
-0.692133
-0.678474
-0.665415
-0.652909
-0.640912
-0.629376
-0.618258
-0.60751
-0.59709
-0.586958
-0.577079
-0.56742
-0.557953
-0.548652
-0.539491
-0.530444
-0.521484
-0.512577
-0.503685
-0.494758
-0.48574
-0.476556
-0.467122
-0.457333
-0.447066
-0.436181
-0.424519
-0.411901
-0.398134
-0.38301
-0.36632
-0.347855
-0.327409
-0.304737
-0.279453
-0.25109
-0.220286
-0.186765
-0.152755
-0.117858
-0.0818614
-0.0447199
-0.00591124
0.0352424
0.0742791
0.113909
-0.760636
-0.745434
-0.730233
-0.715566
-0.70152
-0.688076
-0.675202
-0.662862
-0.651017
-0.639624
-0.62864
-0.61802
-0.607723
-0.59771
-0.587945
-0.578396
-0.569036
-0.559839
-0.55078
-0.541834
-0.532972
-0.524163
-0.515367
-0.506538
-0.497619
-0.488537
-0.479207
-0.469527
-0.459376
-0.448614
-0.437084
-0.424608
-0.410994
-0.396036
-0.379523
-0.361246
-0.340998
-0.318538
-0.293498
-0.265404
-0.234881
-0.201742
-0.167996
-0.133356
-0.0976327
-0.0608077
-0.0227557
0.0185452
0.0576254
0.0974064
-0.767327
-0.752971
-0.73832
-0.724026
-0.710255
-0.697034
-0.684351
-0.672182
-0.660494
-0.649248
-0.638404
-0.627917
-0.617747
-0.607856
-0.598209
-0.588774
-0.579526
-0.570437
-0.561483
-0.55264
-0.54388
-0.535172
-0.526477
-0.517749
-0.508932
-0.499954
-0.490733
-0.481165
-0.471133
-0.460498
-0.449103
-0.436773
-0.423317
-0.40853
-0.3922
-0.374118
-0.354075
-0.331832
-0.307044
-0.27923
-0.249
-0.216241
-0.182771
-0.148397
-0.112949
-0.076426
-0.0388367
0.00216642
0.0412726
0.0812129
-0.773386
-0.759866
-0.745768
-0.731852
-0.718362
-0.705369
-0.692882
-0.680888
-0.669362
-0.658268
-0.647567
-0.637217
-0.627178
-0.617413
-0.607887
-0.598571
-0.589436
-0.580459
-0.571614
-0.562877
-0.554223
-0.545618
-0.537027
-0.528403
-0.519691
-0.510821
-0.501711
-0.492259
-0.482349
-0.471843
-0.460587
-0.448408
-0.435113
-0.420501
-0.40436
-0.386478
-0.366646
-0.344629
-0.320097
-0.292573
-0.262646
-0.230266
-0.197085
-0.162984
-0.127818
-0.0915931
-0.0544033
-0.0178784
0.0251832
0.0653231
-0.778844
-0.766147
-0.752601
-0.739067
-0.725864
-0.713102
-0.700815
-0.689002
-0.677642
-0.666703
-0.656148
-0.645938
-0.636034
-0.626398
-0.616997
-0.607802
-0.598784
-0.589921
-0.581188
-0.572561
-0.564014
-0.555516
-0.547031
-0.538514
-0.52991
-0.521151
-0.512154
-0.502821
-0.493035
-0.482663
-0.471549
-0.459522
-0.446393
-0.43196
-0.416011
-0.398335
-0.37872
-0.356935
-0.332664
-0.30544
-0.275826
-0.243825
-0.210943
-0.177125
-0.142246
-0.10632
-0.0694716
-0.0332416
0.00937576
0.049732
-0.783731
-0.771844
-0.758846
-0.745696
-0.732782
-0.720257
-0.708174
-0.696544
-0.685352
-0.674572
-0.664168
-0.654101
-0.644333
-0.634829
-0.625556
-0.616484
-0.607587
-0.59884
-0.590221
-0.581707
-0.57327
-0.564881
-0.556505
-0.548097
-0.539603
-0.530956
-0.522076
-0.512863
-0.503205
-0.492968
-0.481999
-0.470128
-0.457168
-0.442917
-0.427165
-0.409698
-0.390306
-0.36876
-0.344755
-0.317839
-0.288545
-0.256925
-0.22435
-0.190823
-0.156238
-0.120614
-0.0840966
-0.0481014
-0.00856675
0.0344167
-0.788078
-0.776983
-0.76453
-0.751764
-0.739142
-0.726855
-0.714979
-0.703535
-0.692515
-0.681896
-0.671644
-0.661723
-0.652095
-0.642725
-0.633582
-0.624636
-0.615861
-0.607233
-0.598731
-0.59033
-0.582006
-0.573729
-0.565463
-0.557166
-0.548785
-0.540253
-0.53149
-0.522401
-0.512872
-0.502772
-0.49195
-0.480237
-0.467449
-0.453383
-0.437831
-0.420579
-0.401415
-0.380112
-0.356379
-0.329777
-0.300812
-0.269571
-0.237314
-0.204086
-0.169801
-0.134483
-0.0982911
-0.062498
-0.0236087
0.0193836
-0.791914
-0.781594
-0.769677
-0.757295
-0.744966
-0.73292
-0.721252
-0.709996
-0.699151
-0.688695
-0.678598
-0.668824
-0.659338
-0.650105
-0.641093
-0.632275
-0.623624
-0.615117
-0.606733
-0.598448
-0.590238
-0.582074
-0.573921
-0.565738
-0.55747
-0.549054
-0.540411
-0.531447
-0.522049
-0.512088
-0.501415
-0.489863
-0.477248
-0.463371
-0.448022
-0.430988
-0.412056
-0.391002
-0.367544
-0.341263
-0.312632
-0.281773
-0.24984
-0.216919
-0.18294
-0.147933
-0.112065
-0.0764748
-0.0380654
0.00464149
-0.795268
-0.785703
-0.774316
-0.762314
-0.750279
-0.738474
-0.727017
-0.715951
-0.705281
-0.69499
-0.685049
-0.675425
-0.666082
-0.656987
-0.648108
-0.639419
-0.630894
-0.62251
-0.614245
-0.606078
-0.597984
-0.589934
-0.581896
-0.573826
-0.565674
-0.557376
-0.548854
-0.540016
-0.530751
-0.520931
-0.510408
-0.499019
-0.486579
-0.472892
-0.457749
-0.440936
-0.42224
-0.401439
-0.37826
-0.352305
-0.324015
-0.293537
-0.261936
-0.229329
-0.195662
-0.160971
-0.125427
-0.0900464
-0.0520671
-0.0128092
-0.798168
-0.789337
-0.77847
-0.766846
-0.755103
-0.74354
-0.732294
-0.721419
-0.710926
-0.700801
-0.691018
-0.681544
-0.672346
-0.66339
-0.654646
-0.646087
-0.637689
-0.629429
-0.621285
-0.613237
-0.60526
-0.597326
-0.589402
-0.581448
-0.573413
-0.565233
-0.556834
-0.548123
-0.538992
-0.529313
-0.518943
-0.507717
-0.495454
-0.481959
-0.467023
-0.450434
-0.431978
-0.411434
-0.388538
-0.362912
-0.334968
-0.304872
-0.273609
-0.241323
-0.207974
-0.173603
-0.138383
-0.103223
-0.0656273
-0.0267721
-0.800642
-0.792523
-0.782165
-0.770914
-0.759462
-0.748141
-0.737107
-0.726423
-0.716108
-0.70615
-0.696525
-0.687203
-0.678149
-0.669333
-0.660725
-0.652297
-0.644027
-0.635891
-0.62787
-0.619941
-0.612082
-0.604265
-0.596457
-0.588619
-0.580702
-0.572642
-0.564366
-0.555783
-0.546787
-0.537251
-0.527033
-0.515971
-0.503887
-0.490585
-0.475859
-0.459496
-0.441282
-0.420998
-0.398389
-0.373095
-0.3455
-0.315787
-0.284868
-0.252907
-0.219883
-0.185837
-0.150943
-0.116013
-0.0787882
-0.040267
-0.802716
-0.795287
-0.785425
-0.774543
-0.763379
-0.752299
-0.741476
-0.730985
-0.720847
-0.711056
-0.70159
-0.692419
-0.683512
-0.674836
-0.666364
-0.658068
-0.649926
-0.641916
-0.634017
-0.626209
-0.618468
-0.610768
-0.603077
-0.595357
-0.587557
-0.579618
-0.571465
-0.563011
-0.55415
-0.544757
-0.534693
-0.523796
-0.511891
-0.498783
-0.484268
-0.468132
-0.450163
-0.430142
-0.407822
-0.382863
-0.355621
-0.32629
-0.29572
-0.264091
-0.231395
-0.197678
-0.163112
-0.128423
-0.0915628
-0.0533658
-0.804416
-0.797652
-0.788276
-0.777755
-0.766877
-0.756036
-0.745424
-0.735124
-0.725164
-0.71554
-0.706233
-0.697214
-0.688453
-0.679918
-0.671582
-0.663419
-0.655405
-0.64752
-0.639744
-0.632057
-0.624435
-0.616853
-0.609279
-0.601676
-0.593994
-0.586176
-0.578148
-0.569823
-0.561096
-0.551847
-0.541936
-0.531205
-0.519479
-0.506567
-0.492262
-0.476355
-0.458632
-0.438877
-0.416848
-0.392226
-0.365339
-0.336391
-0.306173
-0.274881
-0.242518
-0.209134
-0.174898
-0.14046
-0.103961
-0.0660915
-0.805766
-0.799645
-0.790739
-0.780573
-0.769977
-0.759374
-0.748971
-0.738861
-0.729079
-0.719622
-0.710474
-0.701606
-0.692991
-0.684597
-0.676397
-0.668366
-0.660481
-0.652722
-0.645069
-0.637502
-0.629999
-0.622535
-0.615079
-0.607593
-0.60003
-0.592332
-0.584428
-0.576232
-0.567641
-0.558536
-0.548779
-0.538213
-0.526666
-0.513949
-0.499856
-0.484179
-0.466704
-0.447215
-0.42548
-0.401195
-0.374665
-0.346099
-0.316237
-0.285285
-0.25326
-0.220212
-0.186309
-0.152132
-0.115991
-0.0784563
-0.806789
-0.801287
-0.792839
-0.78302
-0.772701
-0.762333
-0.752138
-0.742218
-0.732612
-0.723321
-0.714331
-0.705615
-0.697145
-0.688891
-0.680827
-0.672928
-0.665172
-0.657538
-0.650008
-0.642562
-0.635178
-0.627831
-0.620492
-0.613124
-0.60568
-0.598103
-0.590323
-0.582256
-0.5738
-0.564838
-0.555234
-0.544834
-0.533466
-0.520943
-0.507063
-0.491615
-0.474388
-0.455168
-0.433727
-0.40978
-0.383608
-0.355424
-0.325921
-0.295313
-0.263628
-0.23092
-0.197351
-0.163445
-0.127661
-0.0904693
-0.807509
-0.802601
-0.794596
-0.785116
-0.77507
-0.764934
-0.754945
-0.745213
-0.735782
-0.726657
-0.717824
-0.709259
-0.700933
-0.692819
-0.68489
-0.677123
-0.669495
-0.661986
-0.654579
-0.647253
-0.639987
-0.632758
-0.625536
-0.618285
-0.610959
-0.603502
-0.595846
-0.587907
-0.579587
-0.570767
-0.561316
-0.551081
-0.539892
-0.527563
-0.513894
-0.498677
-0.481698
-0.462748
-0.441602
-0.417993
-0.392178
-0.364375
-0.335233
-0.304973
-0.273631
-0.241265
-0.208033
-0.174405
-0.138978
-0.102138
-0.807946
-0.803608
-0.796032
-0.786882
-0.777105
-0.767198
-0.757412
-0.747866
-0.738609
-0.729648
-0.720971
-0.712555
-0.704374
-0.696399
-0.688605
-0.680968
-0.673467
-0.666083
-0.658798
-0.651591
-0.644444
-0.637332
-0.630227
-0.623092
-0.615884
-0.608547
-0.601014
-0.593203
-0.585016
-0.576339
-0.56704
-0.556968
-0.545957
-0.533822
-0.520365
-0.505376
-0.488647
-0.469966
-0.449115
-0.425843
-0.400387
-0.372963
-0.344183
-0.314273
-0.283277
-0.251255
-0.218362
-0.18502
-0.14995
-0.113468
-0.808121
-0.80433
-0.797167
-0.788339
-0.778824
-0.769142
-0.759558
-0.750197
-0.741111
-0.732313
-0.723791
-0.715523
-0.707484
-0.699647
-0.691987
-0.68448
-0.677106
-0.669846
-0.662681
-0.655594
-0.648564
-0.641569
-0.634579
-0.62756
-0.620469
-0.613251
-0.60584
-0.598156
-0.590103
-0.581567
-0.572419
-0.562511
-0.551676
-0.539734
-0.526487
-0.511727
-0.495246
-0.476834
-0.456279
-0.433343
-0.408244
-0.381198
-0.352781
-0.323222
-0.292574
-0.260899
-0.228346
-0.195296
-0.160584
-0.124467
-0.808054
-0.804785
-0.79802
-0.789505
-0.780248
-0.770787
-0.761401
-0.752222
-0.743306
-0.734669
-0.7263
-0.718179
-0.710282
-0.702581
-0.695053
-0.687675
-0.680427
-0.673289
-0.666245
-0.659276
-0.652363
-0.645483
-0.638608
-0.631704
-0.624729
-0.61763
-0.610341
-0.602783
-0.594862
-0.586466
-0.577468
-0.567721
-0.557063
-0.545312
-0.532273
-0.517741
-0.501507
-0.483364
-0.463104
-0.440502
-0.415759
-0.389089
-0.361035
-0.331829
-0.301531
-0.270203
-0.237992
-0.20524
-0.170886
-0.13514
-0.807763
-0.804993
-0.798611
-0.7904
-0.781393
-0.77215
-0.762958
-0.753959
-0.745212
-0.736733
-0.728516
-0.72054
-0.712783
-0.705217
-0.697821
-0.69057
-0.683446
-0.67643
-0.669505
-0.662653
-0.655856
-0.64909
-0.642329
-0.63554
-0.62868
-0.621698
-0.614529
-0.607096
-0.599306
-0.59105
-0.5822
-0.572614
-0.562129
-0.550568
-0.537737
-0.523431
-0.507443
-0.489568
-0.469602
-0.447333
-0.422944
-0.396647
-0.368957
-0.340104
-0.310157
-0.279178
-0.247308
-0.21486
-0.180864
-0.145495
-0.807265
-0.804971
-0.798958
-0.79104
-0.782279
-0.773248
-0.764248
-0.755426
-0.746844
-0.738523
-0.730455
-0.722623
-0.715003
-0.707572
-0.700304
-0.69318
-0.686179
-0.679283
-0.672476
-0.665741
-0.659058
-0.652405
-0.645757
-0.639081
-0.632335
-0.625469
-0.61842
-0.611111
-0.60345
-0.595331
-0.586629
-0.577201
-0.566889
-0.555516
-0.54289
-0.528809
-0.513066
-0.495458
-0.475784
-0.453845
-0.429808
-0.403883
-0.376555
-0.348056
-0.31846
-0.28783
-0.256303
-0.224163
-0.190525
-0.155536
-0.806577
-0.804736
-0.799076
-0.791443
-0.78292
-0.774099
-0.765287
-0.756638
-0.74822
-0.740053
-0.732132
-0.724442
-0.716959
-0.709659
-0.70252
-0.69552
-0.688641
-0.681864
-0.675174
-0.668553
-0.661983
-0.655443
-0.648906
-0.642342
-0.635709
-0.628958
-0.622026
-0.61484
-0.607308
-0.599325
-0.590768
-0.581497
-0.571355
-0.560168
-0.547746
-0.533888
-0.518388
-0.501045
-0.481662
-0.46005
-0.436363
-0.410805
-0.383839
-0.355694
-0.326448
-0.296168
-0.264985
-0.233157
-0.199876
-0.165271
-0.805714
-0.804305
-0.798983
-0.791625
-0.783334
-0.774717
-0.76609
-0.757612
-0.749354
-0.741339
-0.733564
-0.726013
-0.718664
-0.711495
-0.704482
-0.697605
-0.690846
-0.684187
-0.677611
-0.671104
-0.664646
-0.658216
-0.65179
-0.645336
-0.638815
-0.632177
-0.625362
-0.618296
-0.610891
-0.603042
-0.594629
-0.585513
-0.57554
-0.564537
-0.552317
-0.538679
-0.52342
-0.50634
-0.487246
-0.465958
-0.442618
-0.417425
-0.390818
-0.363026
-0.334131
-0.3042
-0.273361
-0.241847
-0.208924
-0.174706
-0.804691
-0.803691
-0.798694
-0.791601
-0.783536
-0.775118
-0.766672
-0.758362
-0.750262
-0.742397
-0.734765
-0.727351
-0.720135
-0.713093
-0.706205
-0.69945
-0.692808
-0.686265
-0.679803
-0.673407
-0.667059
-0.660739
-0.654422
-0.648077
-0.641666
-0.63514
-0.62844
-0.621494
-0.614214
-0.606497
-0.598226
-0.589263
-0.579457
-0.568635
-0.556614
-0.543194
-0.528174
-0.511354
-0.492547
-0.47158
-0.448583
-0.423753
-0.397503
-0.370063
-0.341518
-0.311936
-0.281439
-0.250243
-0.217677
-0.183847
-0.803523
-0.802911
-0.798223
-0.791386
-0.783541
-0.775317
-0.767048
-0.758903
-0.750958
-0.743239
-0.735748
-0.728469
-0.721383
-0.714468
-0.707702
-0.701066
-0.694541
-0.688112
-0.681762
-0.675476
-0.669237
-0.663025
-0.656816
-0.650578
-0.644275
-0.63786
-0.631273
-0.624444
-0.617288
-0.609702
-0.60157
-0.592759
-0.583116
-0.572474
-0.560649
-0.547445
-0.532661
-0.5161
-0.497576
-0.476926
-0.45427
-0.429797
-0.403903
-0.376813
-0.348617
-0.319382
-0.289228
-0.258351
-0.226141
-0.1927
-0.802221
-0.801976
-0.797584
-0.790994
-0.783362
-0.775327
-0.767232
-0.759248
-0.751455
-0.743881
-0.736528
-0.729382
-0.722424
-0.715633
-0.708987
-0.702468
-0.696058
-0.689741
-0.683502
-0.677324
-0.671192
-0.665086
-0.658982
-0.652851
-0.646655
-0.640348
-0.633873
-0.62716
-0.620125
-0.612668
-0.604674
-0.596011
-0.58653
-0.576065
-0.564434
-0.551443
-0.536892
-0.520586
-0.502344
-0.482008
-0.459688
-0.435568
-0.410027
-0.383285
-0.355436
-0.326548
-0.296735
-0.266179
-0.234323
-0.201273
-0.800798
-0.800901
-0.796791
-0.790439
-0.783012
-0.775163
-0.767237
-0.75941
-0.751766
-0.744334
-0.737116
-0.730101
-0.723269
-0.716599
-0.710072
-0.703669
-0.697372
-0.691165
-0.685034
-0.678963
-0.672937
-0.666935
-0.660935
-0.654908
-0.648817
-0.642618
-0.636253
-0.629653
-0.622738
-0.615407
-0.607549
-0.599032
-0.58971
-0.57942
-0.56798
-0.555199
-0.540878
-0.524825
-0.50686
-0.486834
-0.464846
-0.441076
-0.415884
-0.389489
-0.361985
-0.333442
-0.303969
-0.273734
-0.242232
-0.20957
-0.799266
-0.799697
-0.795856
-0.789731
-0.782505
-0.774835
-0.767075
-0.759403
-0.751905
-0.744611
-0.737526
-0.730639
-0.72393
-0.71738
-0.71097
-0.70468
-0.698493
-0.692395
-0.68637
-0.680404
-0.674481
-0.668583
-0.662685
-0.656761
-0.650774
-0.644679
-0.638422
-0.631935
-0.625137
-0.617931
-0.610206
-0.601833
-0.592668
-0.582549
-0.571297
-0.558723
-0.544629
-0.528826
-0.511135
-0.491414
-0.469755
-0.44633
-0.421484
-0.395433
-0.368272
-0.340071
-0.310937
-0.281024
-0.249873
-0.2176
-0.797634
-0.798375
-0.794789
-0.788885
-0.781852
-0.774357
-0.766758
-0.759237
-0.751882
-0.744724
-0.73777
-0.731007
-0.72442
-0.717988
-0.711691
-0.705512
-0.699434
-0.693442
-0.687522
-0.68166
-0.675839
-0.670041
-0.664244
-0.65842
-0.652535
-0.646544
-0.640393
-0.634016
-0.627333
-0.62025
-0.612655
-0.604424
-0.595413
-0.585463
-0.574396
-0.562026
-0.548156
-0.532599
-0.515179
-0.495759
-0.474423
-0.45134
-0.426836
-0.401126
-0.374306
-0.346445
-0.317647
-0.288056
-0.257254
-0.225368
-0.795914
-0.796946
-0.793604
-0.78791
-0.781064
-0.773739
-0.766297
-0.758924
-0.751708
-0.744684
-0.737857
-0.731218
-0.724749
-0.718432
-0.712247
-0.706177
-0.700206
-0.694319
-0.688501
-0.68274
-0.677019
-0.67132
-0.665622
-0.659897
-0.654112
-0.648222
-0.642176
-0.635907
-0.629337
-0.622374
-0.614909
-0.606816
-0.597957
-0.588172
-0.577288
-0.565118
-0.551469
-0.536154
-0.519002
-0.499878
-0.478862
-0.456114
-0.431949
-0.406576
-0.380094
-0.352571
-0.324108
-0.294838
-0.264382
-0.232882
-0.794114
-0.795421
-0.792309
-0.786817
-0.780152
-0.772993
-0.765704
-0.758475
-0.751396
-0.744502
-0.7378
-0.731281
-0.724928
-0.718723
-0.712648
-0.706686
-0.700819
-0.695034
-0.689318
-0.683655
-0.678032
-0.672431
-0.66683
-0.661202
-0.655514
-0.649725
-0.643781
-0.637618
-0.63116
-0.624314
-0.616975
-0.609019
-0.600308
-0.590686
-0.579981
-0.568008
-0.554577
-0.5395
-0.522612
-0.50378
-0.483078
-0.460662
-0.436831
-0.411792
-0.385645
-0.358458
-0.330326
-0.301376
-0.271265
-0.240146
-0.792244
-0.793807
-0.790914
-0.785616
-0.779127
-0.772128
-0.764988
-0.7579
-0.750954
-0.744188
-0.737608
-0.731206
-0.724967
-0.718873
-0.712905
-0.707047
-0.701283
-0.695599
-0.689981
-0.684416
-0.678889
-0.673383
-0.667877
-0.662345
-0.656753
-0.651061
-0.645217
-0.639159
-0.63281
-0.62608
-0.618865
-0.611043
-0.602477
-0.593015
-0.582486
-0.570707
-0.557489
-0.542648
-0.526018
-0.507474
-0.487081
-0.464991
-0.441491
-0.416782
-0.390966
-0.364112
-0.33631
-0.307679
-0.277908
-0.247169
-0.790311
-0.792114
-0.789429
-0.784317
-0.777996
-0.771153
-0.764159
-0.757208
-0.750393
-0.743751
-0.73729
-0.731003
-0.724876
-0.71889
-0.713027
-0.707272
-0.701608
-0.696022
-0.690501
-0.685031
-0.679598
-0.674186
-0.668773
-0.663334
-0.657837
-0.652241
-0.646495
-0.640539
-0.634297
-0.62768
-0.620586
-0.612896
-0.604473
-0.595168
-0.584811
-0.573223
-0.560215
-0.545605
-0.529231
-0.510969
-0.490881
-0.469112
-0.445937
-0.421555
-0.396067
-0.369541
-0.342066
-0.313752
-0.284319
-0.253956
-0.788322
-0.790351
-0.787862
-0.782928
-0.776771
-0.770078
-0.763226
-0.756409
-0.749721
-0.7432
-0.736856
-0.730682
-0.724663
-0.718783
-0.713023
-0.707368
-0.701802
-0.696313
-0.690886
-0.68551
-0.680169
-0.674849
-0.669527
-0.66418
-0.658775
-0.653273
-0.647624
-0.641767
-0.63563
-0.629125
-0.622149
-0.614587
-0.606305
-0.597153
-0.586966
-0.575564
-0.562763
-0.54838
-0.532257
-0.514273
-0.494484
-0.473031
-0.450178
-0.426118
-0.400955
-0.374754
-0.347603
-0.319603
-0.290505
-0.260514
-0.786285
-0.788524
-0.786222
-0.781458
-0.775458
-0.768912
-0.762198
-0.755511
-0.748946
-0.742545
-0.736315
-0.730251
-0.724338
-0.718561
-0.712902
-0.707345
-0.701875
-0.69648
-0.691146
-0.685861
-0.680611
-0.67538
-0.670148
-0.66489
-0.659575
-0.654165
-0.648611
-0.642852
-0.636817
-0.630421
-0.623562
-0.616126
-0.607981
-0.59898
-0.588959
-0.57774
-0.565141
-0.550983
-0.535106
-0.517395
-0.4979
-0.476757
-0.454221
-0.43048
-0.405636
-0.379758
-0.352927
-0.32524
-0.296473
-0.266849
-0.784207
-0.786641
-0.784515
-0.779914
-0.774066
-0.767662
-0.761082
-0.754522
-0.748078
-0.741792
-0.735674
-0.729717
-0.723908
-0.718232
-0.712671
-0.70721
-0.701834
-0.696531
-0.691288
-0.686093
-0.680931
-0.675788
-0.670643
-0.665473
-0.660247
-0.654927
-0.649465
-0.643802
-0.637868
-0.631578
-0.624833
-0.61752
-0.60951
-0.600656
-0.590797
-0.579759
-0.567359
-0.553419
-0.537785
-0.520342
-0.501136
-0.480299
-0.458074
-0.434647
-0.41012
-0.384559
-0.358045
-0.330669
-0.302229
-0.272967
-0.782093
-0.784708
-0.782748
-0.778304
-0.772602
-0.766336
-0.759886
-0.753449
-0.747124
-0.740951
-0.734941
-0.729089
-0.723382
-0.717804
-0.712339
-0.706972
-0.701688
-0.696475
-0.691321
-0.686213
-0.681138
-0.67608
-0.671021
-0.665937
-0.660797
-0.655565
-0.650194
-0.644625
-0.638789
-0.632603
-0.62597
-0.618778
-0.610899
-0.602189
-0.59249
-0.581628
-0.569423
-0.555699
-0.540302
-0.523122
-0.5042
-0.483663
-0.461744
-0.438627
-0.414412
-0.389166
-0.362965
-0.335896
-0.307779
-0.278875
-0.779948
-0.782732
-0.780929
-0.776634
-0.771073
-0.764941
-0.758617
-0.752301
-0.74609
-0.740028
-0.734124
-0.728374
-0.722766
-0.717285
-0.711914
-0.706638
-0.701444
-0.696319
-0.691251
-0.686228
-0.681238
-0.676264
-0.671289
-0.666289
-0.661234
-0.656088
-0.650805
-0.645328
-0.639588
-0.633504
-0.62698
-0.619906
-0.612155
-0.603587
-0.594044
-0.583355
-0.571341
-0.557828
-0.542665
-0.525743
-0.507099
-0.486856
-0.46524
-0.442427
-0.41852
-0.393584
-0.367693
-0.340928
-0.31313
-0.284579
-0.777779
-0.780719
-0.779064
-0.774911
-0.769486
-0.763483
-0.757282
-0.751083
-0.744985
-0.739029
-0.733229
-0.727579
-0.722068
-0.71668
-0.711401
-0.706214
-0.701108
-0.696069
-0.691086
-0.686147
-0.681239
-0.676347
-0.671454
-0.666536
-0.661564
-0.656502
-0.651306
-0.645918
-0.640272
-0.634288
-0.627871
-0.620912
-0.613287
-0.604858
-0.595468
-0.584947
-0.57312
-0.559815
-0.54488
-0.528211
-0.509841
-0.489887
-0.468567
-0.446055
-0.422451
-0.397821
-0.372235
-0.345772
-0.318289
-0.290084
-0.77559
-0.778673
-0.777157
-0.77314
-0.767846
-0.761969
-0.755887
-0.749802
-0.743813
-0.737962
-0.732263
-0.72671
-0.721293
-0.715997
-0.710807
-0.705708
-0.700688
-0.695733
-0.690832
-0.685975
-0.681148
-0.676336
-0.671523
-0.666685
-0.661794
-0.656815
-0.651702
-0.646403
-0.640849
-0.634962
-0.628649
-0.621803
-0.614301
-0.606007
-0.596766
-0.586411
-0.574768
-0.561665
-0.546956
-0.530534
-0.512432
-0.492762
-0.471733
-0.449516
-0.426212
-0.401883
-0.376599
-0.350434
-0.323261
-0.295397
-0.773385
-0.7766
-0.775215
-0.771328
-0.766161
-0.760404
-0.754438
-0.748464
-0.742581
-0.736833
-0.731231
-0.725774
-0.720449
-0.715243
-0.71014
-0.705126
-0.700189
-0.695316
-0.690496
-0.685719
-0.68097
-0.676237
-0.671502
-0.666742
-0.661931
-0.657032
-0.652002
-0.646788
-0.641324
-0.635532
-0.629321
-0.622585
-0.615204
-0.607042
-0.597947
-0.587755
-0.576291
-0.563387
-0.548897
-0.532719
-0.514879
-0.495487
-0.474745
-0.452819
-0.429808
-0.405777
-0.380791
-0.35492
-0.328053
-0.300523
-0.771169
-0.774504
-0.773243
-0.76948
-0.764434
-0.758794
-0.752941
-0.747075
-0.741295
-0.735646
-0.730141
-0.724776
-0.719541
-0.714422
-0.709404
-0.704473
-0.699618
-0.694825
-0.690084
-0.685384
-0.680713
-0.676056
-0.671397
-0.666714
-0.66198
-0.65716
-0.65221
-0.64708
-0.641703
-0.636004
-0.629893
-0.623265
-0.616002
-0.607969
-0.599017
-0.588983
-0.577695
-0.564986
-0.550712
-0.534771
-0.517189
-0.49807
-0.477608
-0.455968
-0.433247
-0.409508
-0.384816
-0.359236
-0.332671
-0.305468
-0.768945
-0.77239
-0.771244
-0.7676
-0.762671
-0.757145
-0.751401
-0.74564
-0.739961
-0.734408
-0.728996
-0.723722
-0.718574
-0.71354
-0.708605
-0.703756
-0.698979
-0.694265
-0.689601
-0.684977
-0.680381
-0.675799
-0.671215
-0.666606
-0.661947
-0.657204
-0.652334
-0.647285
-0.641994
-0.636385
-0.630371
-0.623848
-0.6167
-0.608794
-0.599982
-0.590102
-0.578986
-0.566468
-0.552405
-0.536698
-0.519367
-0.500515
-0.48033
-0.45897
-0.436535
-0.413084
-0.388681
-0.363388
-0.33712
-0.310239
-0.766717
-0.770261
-0.769224
-0.765693
-0.760876
-0.75546
-0.749822
-0.744163
-0.738582
-0.733124
-0.727803
-0.722616
-0.717554
-0.712603
-0.707749
-0.702979
-0.69828
-0.693641
-0.689053
-0.684503
-0.67998
-0.675471
-0.67096
-0.666424
-0.661839
-0.65717
-0.652377
-0.647408
-0.6422
-0.636681
-0.630761
-0.624341
-0.617305
-0.609522
-0.600847
-0.591119
-0.580171
-0.56784
-0.553983
-0.538504
-0.52142
-0.502831
-0.482916
-0.461832
-0.439676
-0.41651
-0.392391
-0.367381
-0.341406
-0.314839
-0.764487
-0.768121
-0.767186
-0.763763
-0.759054
-0.753745
-0.74821
-0.74265
-0.737164
-0.731798
-0.726565
-0.721464
-0.716485
-0.711615
-0.70684
-0.702147
-0.697524
-0.69296
-0.688444
-0.683967
-0.679516
-0.675078
-0.670637
-0.666173
-0.66166
-0.657064
-0.652346
-0.647454
-0.642329
-0.636895
-0.631069
-0.624749
-0.617822
-0.61016
-0.601618
-0.592038
-0.581255
-0.569107
-0.555452
-0.540196
-0.523354
-0.505021
-0.485371
-0.464559
-0.442679
-0.419791
-0.395953
-0.371222
-0.345534
-0.319276
-0.762259
-0.765974
-0.765134
-0.761813
-0.75721
-0.752003
-0.746568
-0.741104
-0.735711
-0.730434
-0.725288
-0.72027
-0.715372
-0.710581
-0.705882
-0.701265
-0.696715
-0.692224
-0.68778
-0.683373
-0.678992
-0.674624
-0.670252
-0.665858
-0.661414
-0.65689
-0.652245
-0.64743
-0.642383
-0.637035
-0.631298
-0.625077
-0.618257
-0.610712
-0.602301
-0.592866
-0.582243
-0.570273
-0.556817
-0.541779
-0.525174
-0.507092
-0.487703
-0.467156
-0.445547
-0.422933
-0.399371
-0.374916
-0.349511
-0.323553
-0.760036
-0.763822
-0.763071
-0.759849
-0.755346
-0.750238
-0.7449
-0.73953
-0.734227
-0.729037
-0.723975
-0.719039
-0.714219
-0.709505
-0.704882
-0.700337
-0.69586
-0.691439
-0.687065
-0.682727
-0.678414
-0.674113
-0.669809
-0.665482
-0.661108
-0.656653
-0.65208
-0.647338
-0.64237
-0.637103
-0.631455
-0.625329
-0.618614
-0.611184
-0.6029
-0.593606
-0.583141
-0.571346
-0.558083
-0.543259
-0.526885
-0.509049
-0.489915
-0.469629
-0.448286
-0.425942
-0.402652
-0.378468
-0.35334
-0.327676
-0.757819
-0.761669
-0.761001
-0.757872
-0.753466
-0.748455
-0.74321
-0.737931
-0.732716
-0.727611
-0.722631
-0.717773
-0.713031
-0.708391
-0.703841
-0.699368
-0.694961
-0.690609
-0.686303
-0.682032
-0.677785
-0.673551
-0.669313
-0.665052
-0.660744
-0.656358
-0.651854
-0.647185
-0.642292
-0.637106
-0.631544
-0.625511
-0.618898
-0.61158
-0.60342
-0.594264
-0.583953
-0.572329
-0.559255
-0.54464
-0.528493
-0.510897
-0.492013
-0.471984
-0.450901
-0.428822
-0.405799
-0.381882
-0.357029
-0.331651
-0.755612
-0.759516
-0.758927
-0.755887
-0.751573
-0.746655
-0.741502
-0.736311
-0.731182
-0.726159
-0.721258
-0.716478
-0.711811
-0.707244
-0.702765
-0.698361
-0.694023
-0.689738
-0.685498
-0.681292
-0.677111
-0.672941
-0.668767
-0.664571
-0.660328
-0.656008
-0.651572
-0.646973
-0.642154
-0.637047
-0.631569
-0.625627
-0.619113
-0.611905
-0.603866
-0.594845
-0.584684
-0.573227
-0.560339
-0.545928
-0.530002
-0.512642
-0.494003
-0.474225
-0.453398
-0.43158
-0.408819
-0.385165
-0.36058
-0.335482
-0.753416
-0.757367
-0.75685
-0.753895
-0.749672
-0.744844
-0.739779
-0.734674
-0.729628
-0.724685
-0.719861
-0.715157
-0.710562
-0.706066
-0.701656
-0.697321
-0.693049
-0.68883
-0.684654
-0.680512
-0.676394
-0.672287
-0.668176
-0.664042
-0.659863
-0.655607
-0.651238
-0.646708
-0.641961
-0.63693
-0.631534
-0.625681
-0.619264
-0.612163
-0.604242
-0.595353
-0.585339
-0.574045
-0.561338
-0.547126
-0.531417
-0.514288
-0.495888
-0.476356
-0.455781
-0.434218
-0.411717
-0.388321
-0.364
-0.339173
-0.751233
-0.755224
-0.754774
-0.7519
-0.747763
-0.743022
-0.738043
-0.733022
-0.728056
-0.723191
-0.718443
-0.713812
-0.709288
-0.704861
-0.700519
-0.69625
-0.692042
-0.687887
-0.683774
-0.679695
-0.675638
-0.671592
-0.667542
-0.663471
-0.659353
-0.65516
-0.650856
-0.646393
-0.641717
-0.63676
-0.631444
-0.625677
-0.619354
-0.612358
-0.604553
-0.595792
-0.585921
-0.574787
-0.562256
-0.54824
-0.532743
-0.515839
-0.497674
-0.478384
-0.458055
-0.436743
-0.414495
-0.391354
-0.367292
-0.34273
-0.749064
-0.753088
-0.752701
-0.749905
-0.74585
-0.741194
-0.736298
-0.731357
-0.72647
-0.721682
-0.717007
-0.712446
-0.707992
-0.703633
-0.699356
-0.695151
-0.691007
-0.686914
-0.682863
-0.678844
-0.674847
-0.670861
-0.666871
-0.662859
-0.658802
-0.654671
-0.650429
-0.646032
-0.641424
-0.636539
-0.631301
-0.625619
-0.619389
-0.612494
-0.604801
-0.596166
-0.586435
-0.575457
-0.563099
-0.549274
-0.533983
-0.5173
-0.499366
-0.480311
-0.460225
-0.439159
-0.417161
-0.39427
-0.370462
-0.346157
-0.746912
-0.750962
-0.750634
-0.74791
-0.743936
-0.739361
-0.734546
-0.729684
-0.724873
-0.720159
-0.715555
-0.711064
-0.706677
-0.702383
-0.698171
-0.694029
-0.689946
-0.685914
-0.681922
-0.677962
-0.674024
-0.670096
-0.666164
-0.66221
-0.658212
-0.654141
-0.649961
-0.645627
-0.641086
-0.636273
-0.631111
-0.62551
-0.61937
-0.612574
-0.604992
-0.59648
-0.586885
-0.576059
-0.56387
-0.550232
-0.535143
-0.518676
-0.500966
-0.482144
-0.462294
-0.441471
-0.419717
-0.397072
-0.373514
-0.349459
-0.744777
-0.748847
-0.748573
-0.745919
-0.742022
-0.737526
-0.732789
-0.728004
-0.723267
-0.718624
-0.714091
-0.709667
-0.705345
-0.701115
-0.696965
-0.692884
-0.688862
-0.684888
-0.680955
-0.677053
-0.673172
-0.669301
-0.665425
-0.661528
-0.657588
-0.653575
-0.649455
-0.645183
-0.640707
-0.635963
-0.630875
-0.625355
-0.619303
-0.612603
-0.605129
-0.596736
-0.587274
-0.576597
-0.564573
-0.551117
-0.536226
-0.519969
-0.50248
-0.483885
-0.464268
-0.443681
-0.422168
-0.399765
-0.376452
-0.352639
-0.742661
-0.746744
-0.746521
-0.743934
-0.74011
-0.73569
-0.73103
-0.726319
-0.721655
-0.717082
-0.712616
-0.708257
-0.704
-0.699832
-0.695743
-0.691721
-0.687757
-0.683841
-0.679965
-0.676119
-0.672293
-0.668477
-0.664657
-0.660816
-0.656931
-0.652975
-0.648913
-0.644703
-0.64029
-0.635613
-0.630597
-0.625156
-0.619189
-0.612584
-0.605214
-0.596938
-0.587607
-0.577074
-0.565212
-0.551933
-0.537235
-0.521185
-0.503911
-0.485538
-0.466149
-0.445795
-0.424518
-0.402352
-0.37928
-0.355703
-0.740565
-0.744656
-0.744479
-0.741956
-0.738203
-0.733857
-0.72927
-0.724632
-0.720037
-0.715532
-0.711132
-0.706838
-0.702643
-0.698535
-0.694505
-0.690542
-0.686635
-0.682775
-0.678954
-0.675162
-0.671391
-0.667629
-0.663863
-0.660075
-0.656245
-0.652345
-0.64834
-0.644188
-0.639838
-0.635227
-0.630281
-0.624916
-0.619032
-0.612519
-0.605251
-0.597089
-0.587885
-0.577494
-0.565789
-0.552685
-0.538176
-0.522327
-0.505264
-0.487108
-0.467943
-0.447817
-0.426771
-0.404839
-0.382003
-0.358653
-0.738491
-0.742584
-0.742449
-0.739986
-0.736302
-0.732028
-0.727512
-0.722944
-0.718418
-0.713979
-0.709643
-0.705411
-0.701276
-0.697228
-0.693256
-0.689349
-0.685497
-0.681692
-0.677924
-0.674186
-0.670468
-0.666758
-0.663044
-0.65931
-0.655533
-0.651686
-0.647737
-0.643643
-0.639353
-0.634806
-0.629929
-0.624638
-0.618836
-0.612412
-0.605244
-0.597193
-0.588113
-0.57786
-0.566309
-0.553374
-0.53905
-0.523398
-0.506541
-0.488599
-0.469652
-0.44975
-0.428931
-0.407228
-0.384623
-0.361495
-0.736437
-0.740527
-0.740432
-0.738027
-0.734409
-0.730204
-0.725758
-0.721257
-0.716798
-0.712423
-0.70815
-0.703978
-0.699902
-0.695911
-0.691995
-0.688143
-0.684346
-0.680594
-0.676879
-0.673192
-0.669525
-0.665867
-0.662205
-0.658521
-0.654796
-0.651002
-0.647107
-0.643069
-0.638838
-0.634353
-0.629543
-0.624324
-0.618602
-0.612266
-0.605195
-0.597252
-0.588293
-0.578176
-0.566775
-0.554005
-0.539861
-0.524401
-0.507746
-0.490013
-0.47128
-0.451597
-0.431001
-0.409523
-0.387146
-0.364231
-0.734407
-0.738489
-0.73843
-0.736079
-0.732525
-0.728387
-0.724008
-0.719574
-0.715179
-0.710867
-0.706654
-0.702542
-0.698523
-0.694588
-0.690726
-0.686928
-0.683183
-0.679483
-0.675819
-0.672183
-0.668566
-0.664958
-0.661345
-0.657712
-0.654037
-0.650295
-0.646453
-0.64247
-0.638296
-0.633871
-0.629127
-0.623979
-0.618333
-0.612083
-0.605106
-0.597269
-0.588428
-0.578443
-0.567189
-0.554581
-0.540613
-0.525341
-0.508883
-0.491354
-0.472832
-0.453363
-0.432985
-0.411728
-0.389575
-0.366866
-0.732399
-0.736469
-0.736443
-0.734145
-0.730652
-0.726578
-0.722264
-0.717895
-0.713563
-0.709312
-0.705158
-0.701103
-0.69714
-0.693259
-0.689451
-0.685705
-0.682011
-0.678362
-0.674748
-0.671161
-0.667593
-0.664033
-0.660469
-0.656885
-0.653259
-0.649567
-0.645776
-0.641846
-0.637728
-0.633363
-0.628682
-0.623603
-0.618033
-0.611866
-0.604981
-0.597247
-0.588522
-0.578665
-0.567554
-0.555105
-0.541308
-0.52622
-0.509955
-0.492626
-0.474309
-0.455051
-0.434887
-0.413847
-0.391913
-0.369403
-0.730416
-0.734468
-0.734472
-0.732224
-0.72879
-0.724779
-0.720529
-0.716222
-0.711951
-0.707759
-0.703663
-0.699663
-0.695755
-0.691927
-0.688171
-0.684476
-0.680832
-0.677231
-0.673666
-0.670127
-0.666607
-0.663095
-0.659578
-0.656041
-0.652463
-0.64882
-0.645079
-0.641201
-0.637138
-0.63283
-0.628211
-0.623199
-0.617703
-0.611617
-0.604822
-0.597189
-0.588576
-0.578845
-0.567874
-0.555579
-0.54195
-0.527041
-0.510965
-0.493831
-0.475715
-0.456664
-0.43671
-0.415883
-0.394163
-0.371845
-0.728456
-0.732488
-0.732519
-0.730319
-0.726942
-0.722991
-0.718802
-0.714556
-0.710344
-0.70621
-0.70217
-0.698225
-0.694369
-0.690593
-0.686887
-0.683242
-0.679647
-0.676094
-0.672576
-0.669084
-0.66561
-0.662144
-0.658673
-0.655182
-0.651652
-0.648056
-0.644364
-0.640537
-0.636526
-0.632275
-0.627716
-0.62277
-0.617345
-0.611338
-0.604632
-0.597096
-0.588593
-0.578984
-0.56815
-0.556005
-0.54254
-0.527807
-0.511915
-0.494973
-0.477054
-0.458205
-0.438457
-0.417838
-0.39633
-0.374196
-0.726522
-0.730528
-0.730585
-0.728429
-0.725107
-0.721215
-0.717086
-0.712898
-0.708744
-0.704667
-0.700681
-0.696789
-0.692985
-0.689259
-0.685602
-0.682005
-0.678457
-0.674951
-0.671479
-0.668033
-0.664604
-0.661183
-0.657757
-0.654311
-0.650826
-0.647277
-0.643633
-0.639855
-0.635896
-0.6317
-0.6272
-0.622317
-0.616962
-0.611032
-0.604411
-0.596972
-0.588575
-0.579087
-0.568385
-0.556388
-0.543083
-0.528521
-0.512809
-0.496054
-0.478328
-0.459677
-0.440131
-0.419717
-0.398415
-0.37646
-0.724613
-0.728589
-0.728669
-0.726556
-0.723287
-0.719452
-0.715381
-0.71125
-0.707153
-0.703129
-0.699197
-0.695356
-0.691602
-0.687926
-0.684317
-0.680766
-0.677264
-0.673804
-0.670377
-0.666975
-0.66359
-0.660213
-0.656831
-0.653429
-0.649989
-0.646485
-0.642887
-0.639157
-0.635249
-0.631106
-0.626663
-0.621842
-0.616555
-0.610701
-0.604164
-0.596817
-0.588525
-0.579154
-0.568582
-0.556728
-0.54358
-0.529185
-0.513649
-0.497077
-0.47954
-0.461082
-0.441734
-0.421521
-0.400423
-0.378639
-0.722729
-0.726673
-0.726773
-0.724701
-0.721482
-0.717702
-0.713687
-0.709613
-0.70557
-0.7016
-0.697719
-0.693928
-0.690223
-0.686594
-0.683032
-0.679527
-0.676071
-0.672654
-0.669271
-0.665912
-0.662571
-0.659236
-0.655897
-0.652538
-0.649141
-0.645681
-0.642128
-0.638445
-0.634586
-0.630495
-0.626108
-0.621348
-0.616127
-0.610346
-0.60389
-0.596635
-0.588445
-0.579187
-0.568743
-0.557029
-0.544033
-0.529802
-0.514439
-0.498045
-0.480693
-0.462425
-0.443271
-0.423255
-0.402355
-0.380736
-0.720871
-0.724778
-0.724897
-0.722864
-0.719694
-0.715968
-0.712007
-0.707987
-0.703997
-0.700079
-0.696248
-0.692506
-0.688849
-0.685266
-0.681749
-0.678289
-0.674876
-0.671503
-0.668162
-0.664846
-0.661546
-0.658253
-0.654956
-0.651639
-0.648283
-0.644866
-0.641358
-0.63772
-0.633909
-0.629869
-0.625537
-0.620836
-0.61568
-0.60997
-0.603594
-0.596427
-0.588337
-0.57919
-0.56887
-0.557293
-0.544446
-0.530374
-0.515179
-0.498961
-0.48179
-0.463707
-0.444743
-0.42492
-0.404216
-0.382755
-0.719039
-0.722906
-0.723042
-0.721046
-0.717923
-0.714248
-0.710341
-0.706374
-0.702435
-0.698567
-0.694785
-0.691091
-0.68748
-0.683943
-0.68047
-0.677053
-0.673683
-0.670352
-0.667053
-0.663777
-0.660518
-0.657266
-0.654009
-0.650733
-0.647418
-0.644043
-0.640578
-0.636985
-0.63322
-0.62923
-0.62495
-0.620307
-0.615214
-0.609574
-0.603275
-0.596195
-0.588202
-0.579164
-0.568964
-0.557521
-0.544819
-0.530904
-0.515873
-0.499826
-0.482832
-0.464931
-0.446153
-0.426519
-0.406007
-0.384697
-0.717233
-0.721058
-0.721208
-0.719247
-0.71617
-0.712545
-0.708689
-0.704773
-0.700885
-0.697066
-0.693332
-0.689684
-0.686118
-0.682624
-0.679195
-0.67582
-0.672492
-0.669202
-0.665943
-0.662708
-0.659488
-0.656275
-0.653058
-0.649821
-0.646547
-0.643213
-0.639789
-0.63624
-0.632521
-0.628579
-0.624351
-0.619764
-0.614732
-0.60916
-0.602936
-0.595941
-0.588042
-0.57911
-0.569029
-0.557716
-0.545156
-0.531393
-0.516523
-0.500643
-0.483822
-0.4661
-0.447504
-0.428056
-0.407732
-0.386567
-0.715452
-0.719232
-0.719395
-0.717468
-0.714435
-0.710859
-0.707053
-0.703186
-0.699347
-0.695576
-0.691888
-0.688285
-0.684763
-0.681312
-0.677925
-0.674591
-0.671303
-0.668053
-0.664834
-0.661638
-0.658457
-0.655283
-0.652104
-0.648906
-0.645671
-0.642376
-0.638993
-0.635486
-0.631811
-0.627916
-0.623739
-0.619206
-0.614235
-0.608729
-0.602579
-0.595666
-0.587859
-0.579031
-0.569065
-0.557879
-0.545458
-0.531844
-0.51713
-0.501415
-0.484763
-0.467215
-0.448797
-0.429531
-0.409393
-0.388367
)
;

boundaryField
{
    top
    {
        type            groovyBC;
        refValue        uniform -1;
        refGradient     uniform 0;
        valueFraction   uniform 1;
        value           uniform -1;
        valueExpression "0";
        gradientExpression "nrf";
        fractionExpression "0";
        evaluateDuringConstruction 0;
        cyclicSlave     0;
        variables       "nrf=-(vector(0,0,1))&normal();";
        timelines       (
);
        lookuptables    (
);
        lookuptables2D  (
);
    }
    bottom
    {
        type            groovyBC;
        refValue        uniform -1;
        refGradient     uniform 0;
        valueFraction   uniform 1;
        value           uniform -1;
        valueExpression "0";
        gradientExpression "nrf";
        fractionExpression "0";
        evaluateDuringConstruction 0;
        cyclicSlave     0;
        variables       "nrf=-(vector(0,0,1))&normal();";
        timelines       (
);
        lookuptables    (
);
        lookuptables2D  (
);
    }
    downSlope
    {
        type            groovyBC;
        refValue        uniform -1;
        refGradient     uniform 0;
        valueFraction   uniform 1;
        value           uniform -1;
        valueExpression "0";
        gradientExpression "nrf";
        fractionExpression "0";
        evaluateDuringConstruction 0;
        cyclicSlave     0;
        variables       "nrf=-(vector(0,0,1))&normal();";
        timelines       (
);
        lookuptables    (
);
        lookuptables2D  (
);
    }
    upSlope
    {
        type            groovyBC;
        refValue        uniform -1;
        refGradient     uniform 0;
        valueFraction   uniform 1;
        value           uniform -1;
        valueExpression "0";
        gradientExpression "nrf";
        fractionExpression "0";
        evaluateDuringConstruction 0;
        cyclicSlave     0;
        variables       "nrf=-(vector(0,0,1))&normal();";
        timelines       (
);
        lookuptables    (
);
        lookuptables2D  (
);
    }
    sides
    {
        type            empty;
    }
}


// ************************************************************************* //
