/*--------------------------------*- C++ -*----------------------------------*\
| =========                 |                                                 |
| \\      /  F ield         | OpenFOAM: The Open Source CFD Toolbox           |
|  \\    /   O peration     | Version:  v1906                                 |
|   \\  /    A nd           | Web:      www.OpenFOAM.com                      |
|    \\/     M anipulation  |                                                 |
\*---------------------------------------------------------------------------*/
FoamFile
{
    version     2.0;
    format      ascii;
    class       volScalarField;
    location    "10368000";
    object      T;
}
// * * * * * * * * * * * * * * * * * * * * * * * * * * * * * * * * * * * * * //

dimensions      [0 0 0 1 0 0 0];


internalField   nonuniform List<scalar> 
4250
(
277.326
277.324
277.321
277.318
277.315
277.313
277.31
277.307
277.304
277.302
277.3
277.298
277.296
277.294
277.292
277.291
277.289
277.288
277.287
277.286
277.285
277.285
277.284
277.283
277.283
277.282
277.281
277.281
277.28
277.278
277.277
277.275
277.273
277.27
277.267
277.263
277.259
277.253
277.247
277.24
277.232
277.223
277.214
277.204
277.194
277.183
277.173
277.163
277.155
277.149
277.326
277.324
277.321
277.318
277.316
277.313
277.31
277.307
277.305
277.302
277.3
277.298
277.296
277.294
277.292
277.291
277.29
277.288
277.287
277.286
277.286
277.285
277.284
277.284
277.283
277.282
277.282
277.281
277.28
277.279
277.277
277.275
277.273
277.271
277.267
277.264
277.259
277.254
277.247
277.24
277.232
277.224
277.214
277.205
277.194
277.184
277.173
277.164
277.155
277.149
277.326
277.324
277.321
277.319
277.316
277.313
277.31
277.308
277.305
277.303
277.3
277.298
277.296
277.294
277.293
277.291
277.29
277.289
277.288
277.287
277.286
277.285
277.284
277.284
277.283
277.283
277.282
277.281
277.28
277.279
277.278
277.276
277.274
277.271
277.268
277.264
277.259
277.254
277.248
277.241
277.233
277.224
277.215
277.205
277.195
277.184
277.174
277.164
277.156
277.15
277.327
277.324
277.322
277.319
277.316
277.313
277.311
277.308
277.305
277.303
277.301
277.298
277.296
277.295
277.293
277.292
277.29
277.289
277.288
277.287
277.286
277.286
277.285
277.284
277.284
277.283
277.282
277.281
277.281
277.279
277.278
277.276
277.274
277.272
277.268
277.265
277.26
277.255
277.249
277.242
277.234
277.225
277.216
277.206
277.196
277.185
277.175
277.165
277.157
277.151
277.327
277.325
277.322
277.319
277.317
277.314
277.311
277.308
277.306
277.303
277.301
277.299
277.297
277.295
277.294
277.292
277.291
277.29
277.289
277.288
277.287
277.286
277.285
277.285
277.284
277.284
277.283
277.282
277.281
277.28
277.279
277.277
277.275
277.272
277.269
277.265
277.261
277.255
277.249
277.242
277.235
277.226
277.217
277.207
277.197
277.187
277.176
277.166
277.158
277.152
277.328
277.325
277.323
277.32
277.317
277.314
277.312
277.309
277.306
277.304
277.302
277.3
277.298
277.296
277.294
277.293
277.291
277.29
277.289
277.288
277.288
277.287
277.286
277.285
277.285
277.284
277.283
277.283
277.282
277.281
277.279
277.278
277.276
277.273
277.27
277.266
277.262
277.256
277.25
277.243
277.236
277.227
277.218
277.208
277.198
277.188
277.178
277.168
277.159
277.153
277.328
277.326
277.323
277.321
277.318
277.315
277.312
277.31
277.307
277.305
277.302
277.3
277.298
277.297
277.295
277.293
277.292
277.291
277.29
277.289
277.288
277.288
277.287
277.286
277.286
277.285
277.284
277.283
277.283
277.281
277.28
277.278
277.276
277.274
277.271
277.267
277.263
277.257
277.251
277.245
277.237
277.229
277.219
277.21
277.2
277.19
277.179
277.17
277.161
277.154
277.329
277.327
277.324
277.321
277.318
277.316
277.313
277.31
277.308
277.305
277.303
277.301
277.299
277.297
277.296
277.294
277.293
277.292
277.291
277.29
277.289
277.288
277.288
277.287
277.286
277.286
277.285
277.284
277.283
277.282
277.281
277.279
277.277
277.275
277.272
277.268
277.264
277.259
277.253
277.246
277.238
277.23
277.221
277.211
277.202
277.191
277.181
277.171
277.163
277.156
277.33
277.327
277.325
277.322
277.319
277.316
277.314
277.311
277.309
277.306
277.304
277.302
277.3
277.298
277.297
277.295
277.294
277.293
277.292
277.291
277.29
277.289
277.289
277.288
277.287
277.287
277.286
277.285
277.284
277.283
277.282
277.28
277.278
277.276
277.273
277.269
277.265
277.26
277.254
277.247
277.24
277.232
277.223
277.213
277.203
277.193
277.183
277.173
277.164
277.158
277.33
277.328
277.325
277.323
277.32
277.317
277.315
277.312
277.31
277.307
277.305
277.303
277.301
277.299
277.298
277.296
277.295
277.294
277.293
277.292
277.291
277.29
277.29
277.289
277.289
277.288
277.287
277.286
277.286
277.285
277.283
277.282
277.28
277.277
277.274
277.271
277.266
277.261
277.255
277.249
277.241
277.233
277.224
277.215
277.205
277.195
277.185
277.176
277.167
277.16
277.331
277.329
277.326
277.324
277.321
277.318
277.316
277.313
277.311
277.308
277.306
277.304
277.302
277.3
277.299
277.297
277.296
277.295
277.294
277.293
277.292
277.292
277.291
277.29
277.29
277.289
277.288
277.288
277.287
277.286
277.284
277.283
277.281
277.278
277.276
277.272
277.268
277.263
277.257
277.25
277.243
277.235
277.226
277.217
277.207
277.198
277.188
277.178
277.169
277.162
277.332
277.33
277.327
277.325
277.322
277.319
277.317
277.314
277.312
277.309
277.307
277.305
277.303
277.301
277.3
277.298
277.297
277.296
277.295
277.294
277.293
277.293
277.292
277.291
277.291
277.29
277.29
277.289
277.288
277.287
277.286
277.284
277.282
277.28
277.277
277.273
277.269
277.264
277.259
277.252
277.245
277.237
277.228
277.219
277.21
277.2
277.19
277.18
277.171
277.164
277.333
277.331
277.328
277.325
277.323
277.32
277.318
277.315
277.313
277.31
277.308
277.306
277.304
277.303
277.301
277.3
277.298
277.297
277.296
277.295
277.295
277.294
277.293
277.293
277.292
277.292
277.291
277.29
277.289
277.288
277.287
277.286
277.284
277.281
277.278
277.275
277.271
277.266
277.26
277.254
277.247
277.239
277.231
277.222
277.212
277.202
277.193
277.183
277.174
277.166
277.334
277.332
277.329
277.326
277.324
277.321
277.319
277.316
277.314
277.312
277.309
277.307
277.306
277.304
277.302
277.301
277.3
277.299
277.298
277.297
277.296
277.295
277.295
277.294
277.294
277.293
277.292
277.292
277.291
277.29
277.289
277.287
277.285
277.283
277.28
277.277
277.273
277.268
277.262
277.256
277.249
277.241
277.233
277.224
277.215
277.205
277.195
277.186
277.177
277.169
277.335
277.333
277.33
277.327
277.325
277.322
277.32
277.317
277.315
277.313
277.311
277.309
277.307
277.305
277.304
277.302
277.301
277.3
277.299
277.298
277.297
277.297
277.296
277.296
277.295
277.294
277.294
277.293
277.292
277.291
277.29
277.289
277.287
277.284
277.282
277.278
277.274
277.27
277.264
277.258
277.251
277.243
277.235
277.226
277.217
277.208
277.198
277.188
277.179
277.172
277.336
277.334
277.331
277.329
277.326
277.323
277.321
277.319
277.316
277.314
277.312
277.31
277.308
277.307
277.305
277.304
277.303
277.301
277.3
277.3
277.299
277.298
277.298
277.297
277.296
277.296
277.295
277.295
277.294
277.293
277.292
277.29
277.288
277.286
277.283
277.28
277.276
277.272
277.266
277.26
277.253
277.246
277.238
277.229
277.22
277.21
277.201
277.191
277.182
277.174
277.337
277.335
277.332
277.33
277.327
277.325
277.322
277.32
277.318
277.315
277.313
277.311
277.31
277.308
277.306
277.305
277.304
277.303
277.302
277.301
277.3
277.3
277.299
277.299
277.298
277.297
277.297
277.296
277.295
277.294
277.293
277.292
277.29
277.288
277.285
277.282
277.278
277.273
277.268
277.262
277.255
277.248
277.24
277.231
277.222
277.213
277.204
277.194
277.185
277.177
277.339
277.336
277.333
277.331
277.328
277.326
277.323
277.321
277.319
277.317
277.315
277.313
277.311
277.309
277.308
277.307
277.305
277.304
277.303
277.303
277.302
277.301
277.301
277.3
277.3
277.299
277.298
277.298
277.297
277.296
277.295
277.293
277.292
277.29
277.287
277.284
277.28
277.275
277.27
277.264
277.258
277.25
277.243
277.234
277.225
277.216
277.207
277.198
277.189
277.18
277.34
277.337
277.334
277.332
277.33
277.327
277.325
277.322
277.32
277.318
277.316
277.314
277.312
277.311
277.309
277.308
277.307
277.306
277.305
277.304
277.304
277.303
277.302
277.302
277.301
277.301
277.3
277.299
277.299
277.298
277.297
277.295
277.293
277.291
277.289
277.286
277.282
277.278
277.272
277.267
277.26
277.253
277.245
277.237
277.228
277.219
277.21
277.201
277.192
277.183
277.341
277.338
277.336
277.333
277.331
277.328
277.326
277.324
277.322
277.319
277.317
277.316
277.314
277.312
277.311
277.31
277.309
277.308
277.307
277.306
277.305
277.304
277.304
277.303
277.303
277.302
277.302
277.301
277.3
277.299
277.298
277.297
277.295
277.293
277.291
277.288
277.284
277.28
277.275
277.269
277.263
277.255
277.248
277.24
277.231
277.222
277.213
277.204
277.195
277.186
277.342
277.339
277.337
277.334
277.332
277.33
277.327
277.325
277.323
277.321
277.319
277.317
277.315
277.314
277.313
277.311
277.31
277.309
277.308
277.307
277.307
277.306
277.306
277.305
277.305
277.304
277.303
277.303
277.302
277.301
277.3
277.299
277.297
277.295
277.293
277.29
277.286
277.282
277.277
277.271
277.265
277.258
277.251
277.243
277.234
277.225
277.216
277.207
277.198
277.19
277.343
277.341
277.338
277.336
277.333
277.331
277.329
277.326
277.324
277.322
277.32
277.319
277.317
277.316
277.314
277.313
277.312
277.311
277.31
277.309
277.308
277.308
277.307
277.307
277.306
277.306
277.305
277.305
277.304
277.303
277.302
277.301
277.299
277.297
277.295
277.292
277.288
277.284
277.279
277.274
277.267
277.261
277.253
277.245
277.237
277.229
277.22
277.211
277.202
277.193
277.345
277.342
277.339
277.337
277.335
277.332
277.33
277.328
277.326
277.324
277.322
277.32
277.319
277.317
277.316
277.315
277.313
277.312
277.312
277.311
277.31
277.31
277.309
277.308
277.308
277.307
277.307
277.306
277.306
277.305
277.304
277.302
277.301
277.299
277.297
277.294
277.29
277.286
277.281
277.276
277.27
277.263
277.256
277.248
277.24
277.232
277.223
277.214
277.205
277.196
277.346
277.343
277.34
277.338
277.336
277.334
277.331
277.329
277.327
277.325
277.323
277.322
277.32
277.319
277.317
277.316
277.315
277.314
277.313
277.313
277.312
277.311
277.311
277.31
277.31
277.309
277.309
277.308
277.307
277.307
277.306
277.304
277.303
277.301
277.299
277.296
277.292
277.288
277.284
277.278
277.273
277.266
277.259
277.251
277.243
277.235
277.227
277.218
277.209
277.2
277.347
277.344
277.342
277.339
277.337
277.335
277.333
277.331
277.329
277.327
277.325
277.323
277.322
277.32
277.319
277.318
277.317
277.316
277.315
277.314
277.314
277.313
277.313
277.312
277.312
277.311
277.31
277.31
277.309
277.308
277.307
277.306
277.305
277.303
277.301
277.298
277.294
277.291
277.286
277.281
277.275
277.269
277.262
277.254
277.246
277.238
277.23
277.221
277.212
277.203
277.348
277.345
277.343
277.341
277.338
277.336
277.334
277.332
277.33
277.328
277.327
277.325
277.323
277.322
277.321
277.32
277.319
277.318
277.317
277.316
277.315
277.315
277.314
277.314
277.313
277.313
277.312
277.312
277.311
277.31
277.309
277.308
277.307
277.305
277.303
277.3
277.297
277.293
277.288
277.283
277.278
277.271
277.265
277.257
277.25
277.242
277.233
277.225
277.216
277.207
277.349
277.347
277.344
277.342
277.34
277.338
277.336
277.334
277.332
277.33
277.328
277.327
277.325
277.324
277.322
277.321
277.32
277.319
277.319
277.318
277.317
277.317
277.316
277.316
277.315
277.315
277.314
277.314
277.313
277.312
277.311
277.31
277.309
277.307
277.305
277.302
277.299
277.295
277.291
277.286
277.28
277.274
277.267
277.26
277.253
277.245
277.237
277.228
277.22
277.21
277.351
277.348
277.345
277.343
277.341
277.339
277.337
277.335
277.333
277.331
277.33
277.328
277.327
277.325
277.324
277.323
277.322
277.321
277.32
277.32
277.319
277.318
277.318
277.317
277.317
277.316
277.316
277.315
277.315
277.314
277.313
277.312
277.311
277.309
277.307
277.304
277.301
277.297
277.293
277.288
277.283
277.277
277.27
277.263
277.256
277.248
277.24
277.232
277.223
277.214
277.352
277.349
277.347
277.345
277.342
277.34
277.338
277.337
277.335
277.333
277.331
277.33
277.328
277.327
277.326
277.325
277.324
277.323
277.322
277.321
277.321
277.32
277.32
277.319
277.319
277.318
277.318
277.317
277.317
277.316
277.315
277.314
277.313
277.311
277.309
277.306
277.303
277.3
277.296
277.291
277.286
277.28
277.273
277.266
277.259
277.252
277.244
277.236
277.227
277.218
277.353
277.35
277.348
277.346
277.344
277.342
277.34
277.338
277.336
277.334
277.333
277.331
277.33
277.329
277.327
277.326
277.325
277.325
277.324
277.323
277.323
277.322
277.322
277.321
277.321
277.32
277.32
277.319
277.319
277.318
277.317
277.316
277.315
277.313
277.311
277.308
277.305
277.302
277.298
277.293
277.288
277.282
277.276
277.27
277.262
277.255
277.247
277.239
277.231
277.221
277.354
277.352
277.349
277.347
277.345
277.343
277.341
277.339
277.338
277.336
277.334
277.333
277.332
277.33
277.329
277.328
277.327
277.326
277.326
277.325
277.324
277.324
277.323
277.323
277.322
277.322
277.322
277.321
277.32
277.32
277.319
277.318
277.317
277.315
277.313
277.311
277.308
277.304
277.3
277.296
277.291
277.285
277.279
277.273
277.266
277.258
277.251
277.243
277.234
277.225
277.356
277.353
277.351
277.348
277.346
277.345
277.343
277.341
277.339
277.338
277.336
277.335
277.333
277.332
277.331
277.33
277.329
277.328
277.327
277.327
277.326
277.326
277.325
277.325
277.324
277.324
277.323
277.323
277.322
277.322
277.321
277.32
277.319
277.317
277.315
277.313
277.31
277.307
277.303
277.298
277.293
277.288
277.282
277.276
277.269
277.262
277.255
277.247
277.238
277.229
277.357
277.354
277.352
277.35
277.348
277.346
277.344
277.342
277.341
277.339
277.338
277.336
277.335
277.334
277.333
277.332
277.331
277.33
277.329
277.329
277.328
277.327
277.327
277.327
277.326
277.326
277.325
277.325
277.324
277.324
277.323
277.322
277.321
277.319
277.317
277.315
277.312
277.309
277.305
277.301
277.296
277.291
277.285
277.279
277.272
277.265
277.258
277.25
277.242
277.232
277.358
277.355
277.353
277.351
277.349
277.347
277.346
277.344
277.342
277.341
277.339
277.338
277.336
277.335
277.334
277.333
277.332
277.332
277.331
277.33
277.33
277.329
277.329
277.328
277.328
277.328
277.327
277.327
277.326
277.325
277.325
277.324
277.322
277.321
277.319
277.317
277.314
277.311
277.308
277.303
277.299
277.294
277.288
277.282
277.275
277.269
277.262
277.254
277.246
277.236
277.359
277.356
277.354
277.352
277.35
277.349
277.347
277.345
277.344
277.342
277.341
277.339
277.338
277.337
277.336
277.335
277.334
277.333
277.333
277.332
277.332
277.331
277.331
277.33
277.33
277.329
277.329
277.329
277.328
277.327
277.327
277.326
277.324
277.323
277.321
277.319
277.317
277.313
277.31
277.306
277.301
277.296
277.291
277.285
277.279
277.272
277.265
277.258
277.25
277.24
277.36
277.358
277.355
277.354
277.352
277.35
277.348
277.347
277.345
277.344
277.342
277.341
277.34
277.339
277.338
277.337
277.336
277.335
277.334
277.334
277.333
277.333
277.332
277.332
277.332
277.331
277.331
277.33
277.33
277.329
277.329
277.328
277.326
277.325
277.323
277.321
277.319
277.316
277.312
277.308
277.304
277.299
277.294
277.288
277.282
277.275
277.269
277.261
277.253
277.244
277.362
277.359
277.357
277.355
277.353
277.351
277.35
277.348
277.347
277.345
277.344
277.343
277.341
277.34
277.339
277.338
277.338
277.337
277.336
277.336
277.335
277.335
277.334
277.334
277.333
277.333
277.333
277.332
277.332
277.331
277.33
277.33
277.328
277.327
277.325
277.323
277.321
277.318
277.315
277.311
277.307
277.302
277.296
277.291
277.285
277.279
277.272
277.265
277.257
277.247
277.363
277.36
277.358
277.356
277.354
277.353
277.351
277.35
277.348
277.347
277.345
277.344
277.343
277.342
277.341
277.34
277.339
277.339
277.338
277.337
277.337
277.336
277.336
277.336
277.335
277.335
277.335
277.334
277.334
277.333
277.332
277.331
277.33
277.329
277.327
277.325
277.323
277.32
277.317
277.313
277.309
277.304
277.299
277.294
277.288
277.282
277.276
277.269
277.261
277.251
277.364
277.361
277.359
277.357
277.356
277.354
277.353
277.351
277.35
277.348
277.347
277.346
277.345
277.344
277.343
277.342
277.341
277.34
277.34
277.339
277.339
277.338
277.338
277.337
277.337
277.337
277.336
277.336
277.335
277.335
277.334
277.333
277.332
277.331
277.329
277.328
277.325
277.323
277.319
277.316
277.312
277.307
277.302
277.297
277.291
277.285
277.279
277.272
277.265
277.255
277.365
277.362
277.36
277.359
277.357
277.355
277.354
277.352
277.351
277.35
277.348
277.347
277.346
277.345
277.344
277.343
277.343
277.342
277.341
277.341
277.34
277.34
277.34
277.339
277.339
277.339
277.338
277.338
277.337
277.337
277.336
277.335
277.334
277.333
277.331
277.33
277.327
277.325
277.322
277.318
277.314
277.31
277.305
277.3
277.294
277.289
277.282
277.276
277.268
277.259
277.366
277.364
277.362
277.36
277.358
277.357
277.355
277.354
277.352
277.351
277.35
277.349
277.348
277.347
277.346
277.345
277.344
277.344
277.343
277.343
277.342
277.342
277.341
277.341
277.341
277.34
277.34
277.34
277.339
277.339
277.338
277.337
277.336
277.335
277.333
277.332
277.329
277.327
277.324
277.321
277.317
277.312
277.308
277.303
277.297
277.292
277.286
277.279
277.272
277.262
277.367
277.365
277.363
277.361
277.359
277.358
277.357
277.355
277.354
277.353
277.351
277.35
277.349
277.348
277.347
277.347
277.346
277.345
277.345
277.344
277.344
277.343
277.343
277.343
277.342
277.342
277.342
277.341
277.341
277.34
277.34
277.339
277.338
277.337
277.335
277.334
277.332
277.329
277.326
277.323
277.319
277.315
277.31
277.306
277.3
277.295
277.289
277.283
277.276
277.266
277.368
277.366
277.364
277.362
277.361
277.359
277.358
277.357
277.355
277.354
277.353
277.352
277.351
277.35
277.349
277.348
277.348
277.347
277.346
277.346
277.346
277.345
277.345
277.344
277.344
277.344
277.343
277.343
277.343
277.342
277.342
277.341
277.34
277.339
277.337
277.336
277.334
277.331
277.328
277.325
277.322
277.318
277.313
277.308
277.303
277.298
277.293
277.287
277.279
277.27
277.369
277.367
277.365
277.363
277.362
277.361
277.359
277.358
277.357
277.356
277.354
277.353
277.352
277.351
277.351
277.35
277.349
277.349
277.348
277.348
277.347
277.347
277.346
277.346
277.346
277.346
277.345
277.345
277.344
277.344
277.343
277.343
277.342
277.341
277.339
277.338
277.336
277.333
277.331
277.328
277.324
277.32
277.316
277.311
277.306
277.301
277.296
277.29
277.283
277.273
277.37
277.368
277.366
277.365
277.363
277.362
277.361
277.359
277.358
277.357
277.356
277.355
277.354
277.353
277.352
277.351
277.351
277.35
277.35
277.349
277.349
277.349
277.348
277.348
277.348
277.347
277.347
277.347
277.346
277.346
277.345
277.344
277.344
277.343
277.341
277.34
277.338
277.336
277.333
277.33
277.326
277.323
277.319
277.314
277.309
277.304
277.299
277.293
277.287
277.277
277.372
277.369
277.367
277.366
277.364
277.363
277.362
277.361
277.359
277.358
277.357
277.356
277.355
277.355
277.354
277.353
277.352
277.352
277.351
277.351
277.351
277.35
277.35
277.35
277.349
277.349
277.349
277.348
277.348
277.347
277.347
277.346
277.345
277.344
277.343
277.342
277.34
277.338
277.335
277.332
277.329
277.325
277.321
277.317
277.312
277.308
277.302
277.297
277.29
277.281
277.373
277.37
277.368
277.367
277.366
277.364
277.363
277.362
277.361
277.36
277.359
277.358
277.357
277.356
277.355
277.355
277.354
277.353
277.353
277.353
277.352
277.352
277.352
277.351
277.351
277.351
277.35
277.35
277.35
277.349
277.349
277.348
277.347
277.346
277.345
277.344
277.342
277.34
277.337
277.334
277.331
277.328
277.324
277.32
277.315
277.311
277.306
277.3
277.294
277.284
277.374
277.371
277.369
277.368
277.367
277.366
277.364
277.363
277.362
277.361
277.36
277.359
277.358
277.358
277.357
277.356
277.356
277.355
277.355
277.354
277.354
277.353
277.353
277.353
277.353
277.352
277.352
277.352
277.351
277.351
277.35
277.35
277.349
277.348
277.347
277.345
277.344
277.342
277.339
277.337
277.334
277.33
277.326
277.322
277.318
277.314
277.309
277.304
277.297
277.288
277.375
277.372
277.371
277.369
277.368
277.367
277.366
277.365
277.363
277.362
277.362
277.361
277.36
277.359
277.358
277.358
277.357
277.357
277.356
277.356
277.355
277.355
277.355
277.355
277.354
277.354
277.354
277.353
277.353
277.353
277.352
277.352
277.351
277.35
277.349
277.347
277.346
277.344
277.341
277.339
277.336
277.333
277.329
277.325
277.321
277.317
277.312
277.307
277.301
277.292
277.376
277.373
277.372
277.37
277.369
277.368
277.367
277.366
277.365
277.364
277.363
277.362
277.361
277.36
277.36
277.359
277.359
277.358
277.358
277.357
277.357
277.357
277.356
277.356
277.356
277.356
277.355
277.355
277.355
277.354
277.354
277.353
277.353
277.352
277.351
277.349
277.348
277.346
277.344
277.341
277.338
277.335
277.332
277.328
277.324
277.32
277.315
277.31
277.304
277.295
277.376
277.374
277.373
277.371
277.37
277.369
277.368
277.367
277.366
277.365
277.364
277.363
277.363
277.362
277.361
277.361
277.36
277.36
277.359
277.359
277.359
277.358
277.358
277.358
277.357
277.357
277.357
277.357
277.356
277.356
277.356
277.355
277.354
277.353
277.352
277.351
277.35
277.348
277.346
277.343
277.34
277.337
277.334
277.33
277.327
277.323
277.318
277.313
277.308
277.299
277.377
277.375
277.374
277.372
277.371
277.37
277.369
277.368
277.367
277.366
277.366
277.365
277.364
277.363
277.363
277.362
277.362
277.361
277.361
277.36
277.36
277.36
277.36
277.359
277.359
277.359
277.359
277.358
277.358
277.358
277.357
277.357
277.356
277.355
277.354
277.353
277.351
277.35
277.348
277.345
277.343
277.34
277.336
277.333
277.329
277.325
277.321
277.317
277.311
277.302
277.378
277.376
277.375
277.374
277.372
277.371
277.37
277.369
277.369
277.368
277.367
277.366
277.365
277.365
277.364
277.364
277.363
277.363
277.362
277.362
277.362
277.361
277.361
277.361
277.361
277.36
277.36
277.36
277.36
277.359
277.359
277.358
277.358
277.357
277.356
277.355
277.353
277.352
277.35
277.347
277.345
277.342
277.339
277.336
277.332
277.328
277.324
277.32
277.314
277.306
277.379
277.377
277.376
277.375
277.374
277.373
277.372
277.371
277.37
277.369
277.368
277.367
277.367
277.366
277.366
277.365
277.365
277.364
277.364
277.363
277.363
277.363
277.363
277.362
277.362
277.362
277.362
277.361
277.361
277.361
277.36
277.36
277.359
277.359
277.358
277.356
277.355
277.354
277.352
277.349
277.347
277.344
277.341
277.338
277.335
277.331
277.327
277.323
277.318
277.309
277.38
277.378
277.377
277.376
277.375
277.374
277.373
277.372
277.371
277.37
277.369
277.369
277.368
277.367
277.367
277.366
277.366
277.366
277.365
277.365
277.365
277.364
277.364
277.364
277.364
277.363
277.363
277.363
277.363
277.362
277.362
277.362
277.361
277.36
277.359
277.358
277.357
277.355
277.354
277.351
277.349
277.347
277.344
277.341
277.337
277.334
277.33
277.326
277.321
277.312
277.381
277.379
277.378
277.377
277.376
277.375
277.374
277.373
277.372
277.371
277.371
277.37
277.369
277.369
277.368
277.368
277.367
277.367
277.367
277.366
277.366
277.366
277.366
277.365
277.365
277.365
277.365
277.365
277.364
277.364
277.364
277.363
277.363
277.362
277.361
277.36
277.359
277.357
277.355
277.354
277.351
277.349
277.346
277.343
277.34
277.337
277.333
277.329
277.324
277.316
277.382
277.38
277.379
277.378
277.377
277.376
277.375
277.374
277.373
277.373
277.372
277.371
277.371
277.37
277.37
277.369
277.369
277.368
277.368
277.368
277.367
277.367
277.367
277.367
277.367
277.366
277.366
277.366
277.366
277.365
277.365
277.365
277.364
277.363
277.363
277.362
277.36
277.359
277.357
277.355
277.353
277.351
277.348
277.345
277.342
277.339
277.336
277.332
277.327
277.319
277.383
277.381
277.38
277.379
277.378
277.377
277.376
277.375
277.375
277.374
277.373
277.373
277.372
277.371
277.371
277.371
277.37
277.37
277.369
277.369
277.369
277.369
277.368
277.368
277.368
277.368
277.368
277.367
277.367
277.367
277.367
277.366
277.366
277.365
277.364
277.363
277.362
277.361
277.359
277.357
277.355
277.353
277.351
277.348
277.345
277.342
277.339
277.335
277.33
277.323
277.384
277.382
277.38
277.38
277.379
277.378
277.377
277.376
277.376
277.375
277.374
277.374
277.373
277.373
277.372
277.372
277.371
277.371
277.371
277.371
277.37
277.37
277.37
277.37
277.37
277.369
277.369
277.369
277.369
277.368
277.368
277.368
277.367
277.367
277.366
277.365
277.364
277.363
277.361
277.359
277.357
277.355
277.353
277.35
277.347
277.345
277.341
277.338
277.333
277.326
277.384
277.383
277.381
277.381
277.38
277.379
277.378
277.378
277.377
277.376
277.376
277.375
277.374
277.374
277.374
277.373
277.373
277.372
277.372
277.372
277.372
277.371
277.371
277.371
277.371
277.371
277.371
277.37
277.37
277.37
277.37
277.369
277.369
277.368
277.367
277.367
277.366
277.364
277.363
277.361
277.359
277.357
277.355
277.353
277.35
277.347
277.344
277.341
277.337
277.329
277.385
277.383
277.382
277.381
277.381
277.38
277.379
277.379
277.378
277.377
277.377
277.376
277.376
277.375
277.375
277.374
277.374
277.374
277.373
277.373
277.373
277.373
277.373
277.372
277.372
277.372
277.372
277.372
277.372
277.371
277.371
277.371
277.37
277.37
277.369
277.368
277.367
277.366
277.365
277.363
277.361
277.359
277.357
277.355
277.352
277.35
277.347
277.344
277.34
277.332
277.386
277.384
277.383
277.382
277.382
277.381
277.38
277.38
277.379
277.378
277.378
277.377
277.377
277.376
277.376
277.376
277.375
277.375
277.375
277.375
277.374
277.374
277.374
277.374
277.374
277.374
277.373
277.373
277.373
277.373
277.372
277.372
277.372
277.371
277.371
277.37
277.369
277.368
277.366
277.365
277.363
277.361
277.359
277.357
277.355
277.352
277.349
277.346
277.342
277.335
277.387
277.385
277.384
277.383
277.383
277.382
277.381
277.381
277.38
277.38
277.379
277.379
277.378
277.378
277.377
277.377
277.377
277.376
277.376
277.376
277.376
277.375
277.375
277.375
277.375
277.375
277.375
277.375
277.374
277.374
277.374
277.374
277.373
277.373
277.372
277.371
277.37
277.369
277.368
277.367
277.365
277.363
277.361
277.359
277.357
277.355
277.352
277.349
277.345
277.339
277.387
277.386
277.385
277.384
277.384
277.383
277.382
277.382
277.381
277.381
277.38
277.38
277.379
277.379
277.378
277.378
277.378
277.378
277.377
277.377
277.377
277.377
277.377
277.376
277.376
277.376
277.376
277.376
277.376
277.376
277.375
277.375
277.375
277.374
277.374
277.373
277.372
277.371
277.37
277.368
277.367
277.365
277.363
277.361
277.359
277.357
277.355
277.352
277.348
277.342
277.388
277.387
277.386
277.385
277.384
277.384
277.383
277.383
277.382
277.382
277.381
277.381
277.38
277.38
277.38
277.379
277.379
277.379
277.379
277.378
277.378
277.378
277.378
277.378
277.378
277.378
277.377
277.377
277.377
277.377
277.377
277.376
277.376
277.376
277.375
277.374
277.374
277.373
277.372
277.37
277.369
277.367
277.365
277.364
277.362
277.359
277.357
277.355
277.351
277.345
277.389
277.387
277.387
277.386
277.385
277.385
277.384
277.384
277.383
277.383
277.382
277.382
277.382
277.381
277.381
277.381
277.38
277.38
277.38
277.38
277.379
277.379
277.379
277.379
277.379
277.379
277.379
277.379
277.378
277.378
277.378
277.378
277.377
277.377
277.376
277.376
277.375
277.374
277.373
277.372
277.371
277.369
277.367
277.366
277.364
277.362
277.36
277.357
277.354
277.348
277.39
277.388
277.387
277.387
277.386
277.386
277.385
277.385
277.384
277.384
277.383
277.383
277.383
277.382
277.382
277.382
277.381
277.381
277.381
277.381
277.381
277.381
277.38
277.38
277.38
277.38
277.38
277.38
277.38
277.38
277.379
277.379
277.379
277.378
277.378
277.377
277.377
277.376
277.375
277.374
277.372
277.371
277.369
277.368
277.366
277.364
277.362
277.36
277.357
277.351
277.39
277.389
277.388
277.388
277.387
277.387
277.386
277.386
277.385
277.385
277.384
277.384
277.384
277.383
277.383
277.383
277.383
277.382
277.382
277.382
277.382
277.382
277.382
277.382
277.381
277.381
277.381
277.381
277.381
277.381
277.381
277.38
277.38
277.38
277.379
277.379
277.378
277.377
277.376
277.375
277.374
277.373
277.371
277.37
277.368
277.366
277.364
277.362
277.359
277.354
277.391
277.39
277.389
277.388
277.388
277.387
277.387
277.387
277.386
277.386
277.385
277.385
277.385
277.385
277.384
277.384
277.384
277.384
277.383
277.383
277.383
277.383
277.383
277.383
277.383
277.383
277.382
277.382
277.382
277.382
277.382
277.382
277.381
277.381
277.381
277.38
277.379
277.379
277.378
277.377
277.376
277.375
277.373
277.372
277.37
277.368
277.367
277.365
277.362
277.357
277.392
277.39
277.39
277.389
277.389
277.388
277.388
277.388
277.387
277.387
277.386
277.386
277.386
277.386
277.385
277.385
277.385
277.385
277.385
277.384
277.384
277.384
277.384
277.384
277.384
277.384
277.384
277.384
277.383
277.383
277.383
277.383
277.383
277.382
277.382
277.381
277.381
277.38
277.379
277.379
277.377
277.376
277.375
277.374
277.372
277.371
277.369
277.367
277.365
277.36
277.392
277.391
277.39
277.39
277.39
277.389
277.389
277.388
277.388
277.388
277.387
277.387
277.387
277.387
277.386
277.386
277.386
277.386
277.386
277.386
277.385
277.385
277.385
277.385
277.385
277.385
277.385
277.385
277.385
277.385
277.384
277.384
277.384
277.384
277.383
277.383
277.382
277.382
277.381
277.38
277.379
277.378
277.377
277.376
277.374
277.373
277.371
277.37
277.367
277.362
277.393
277.392
277.391
277.391
277.39
277.39
277.39
277.389
277.389
277.389
277.388
277.388
277.388
277.388
277.387
277.387
277.387
277.387
277.387
277.387
277.387
277.386
277.386
277.386
277.386
277.386
277.386
277.386
277.386
277.386
277.386
277.385
277.385
277.385
277.385
277.384
277.384
277.383
277.382
277.382
277.381
277.38
277.379
277.378
277.376
277.375
277.374
277.372
277.37
277.365
277.393
277.392
277.392
277.392
277.391
277.391
277.391
277.39
277.39
277.39
277.389
277.389
277.389
277.389
277.388
277.388
277.388
277.388
277.388
277.388
277.388
277.388
277.387
277.387
277.387
277.387
277.387
277.387
277.387
277.387
277.387
277.387
277.386
277.386
277.386
277.385
277.385
277.384
277.384
277.383
277.382
277.381
277.38
277.379
277.378
277.377
277.376
277.374
277.372
277.368
277.394
277.393
277.393
277.392
277.392
277.392
277.391
277.391
277.391
277.391
277.39
277.39
277.39
277.39
277.39
277.389
277.389
277.389
277.389
277.389
277.389
277.389
277.389
277.389
277.388
277.388
277.388
277.388
277.388
277.388
277.388
277.388
277.388
277.387
277.387
277.387
277.386
277.386
277.385
277.385
277.384
277.383
277.382
277.381
277.38
277.379
277.378
277.377
277.375
277.371
277.395
277.394
277.393
277.393
277.393
277.392
277.392
277.392
277.392
277.391
277.391
277.391
277.391
277.391
277.391
277.39
277.39
277.39
277.39
277.39
277.39
277.39
277.39
277.39
277.39
277.389
277.389
277.389
277.389
277.389
277.389
277.389
277.389
277.389
277.388
277.388
277.388
277.387
277.387
277.386
277.385
277.385
277.384
277.383
277.382
277.381
277.38
277.379
277.377
277.374
277.395
277.394
277.394
277.394
277.393
277.393
277.393
277.393
277.393
277.392
277.392
277.392
277.392
277.392
277.391
277.391
277.391
277.391
277.391
277.391
277.391
277.391
277.391
277.391
277.391
277.391
277.391
277.39
277.39
277.39
277.39
277.39
277.39
277.39
277.39
277.389
277.389
277.389
277.388
277.388
277.387
277.386
277.386
277.385
277.384
277.383
277.382
277.381
277.38
277.376
277.396
277.395
277.395
277.394
277.394
277.394
277.394
277.394
277.393
277.393
277.393
277.393
277.393
277.393
277.392
277.392
277.392
277.392
277.392
277.392
277.392
277.392
277.392
277.392
277.392
277.392
277.392
277.392
277.391
277.391
277.391
277.391
277.391
277.391
277.391
277.39
277.39
277.39
277.389
277.389
277.388
277.388
277.387
277.386
277.386
277.385
277.384
277.383
277.382
277.379
277.396
277.396
277.395
277.395
277.395
277.395
277.395
277.394
277.394
277.394
277.394
277.394
277.394
277.394
277.393
277.393
277.393
277.393
277.393
277.393
277.393
277.393
277.393
277.393
277.393
277.393
277.393
277.393
277.393
277.392
277.392
277.392
277.392
277.392
277.392
277.392
277.391
277.391
277.391
277.39
277.39
277.389
277.389
277.388
277.388
277.387
277.386
277.385
277.384
277.381
277.397
277.396
277.396
277.396
277.396
277.396
277.395
277.395
277.395
277.395
277.395
277.395
277.395
277.394
277.394
277.394
277.394
277.394
277.394
277.394
277.394
277.394
277.394
277.394
277.394
277.394
277.394
277.394
277.394
277.394
277.393
277.393
277.393
277.393
277.393
277.393
277.393
277.392
277.392
277.392
277.391
277.391
277.39
277.39
277.389
277.389
277.388
277.387
277.386
277.384
277.397
277.397
277.397
277.397
277.396
277.396
277.396
277.396
277.396
277.396
277.396
277.396
277.395
277.395
277.395
277.395
277.395
277.395
277.395
277.395
277.395
277.395
277.395
277.395
277.395
277.395
277.395
277.395
277.395
277.395
277.395
277.394
277.394
277.394
277.394
277.394
277.394
277.394
277.393
277.393
277.393
277.392
277.392
277.391
277.391
277.391
277.39
277.389
277.389
277.387
277.398
277.398
277.397
277.397
277.397
277.397
277.397
277.397
277.397
277.397
277.396
277.396
277.396
277.396
277.396
277.396
277.396
277.396
277.396
277.396
277.396
277.396
277.396
277.396
277.396
277.396
277.396
277.396
277.396
277.396
277.396
277.396
277.395
277.395
277.395
277.395
277.395
277.395
277.395
277.394
277.394
277.394
277.393
277.393
277.393
277.392
277.392
277.391
277.391
277.389
277.398
277.398
277.398
277.398
277.398
277.398
277.398
277.397
277.397
277.397
277.397
277.397
277.397
277.397
277.397
277.397
277.397
277.397
277.397
277.397
277.397
277.397
277.397
277.397
277.397
277.397
277.397
277.397
277.397
277.397
277.397
277.397
277.396
277.396
277.396
277.396
277.396
277.396
277.396
277.396
277.395
277.395
277.395
277.395
277.394
277.394
277.394
277.393
277.393
277.392
277.399
277.399
277.399
277.398
277.398
277.398
277.398
277.398
277.398
277.398
277.398
277.398
277.398
277.398
277.398
277.398
277.398
277.398
277.398
277.398
277.398
277.398
277.398
277.398
277.398
277.398
277.398
277.398
277.398
277.398
277.398
277.398
277.398
277.397
277.397
277.397
277.397
277.397
277.397
277.397
277.397
277.397
277.396
277.396
277.396
277.396
277.396
277.395
277.395
277.394
277.399
277.399
277.399
277.399
277.399
277.399
277.399
277.399
277.399
277.399
277.399
277.399
277.399
277.399
277.399
277.399
277.399
277.399
277.399
277.399
277.399
277.399
277.399
277.399
277.399
277.399
277.399
277.399
277.399
277.399
277.399
277.399
277.399
277.398
277.398
277.398
277.398
277.398
277.398
277.398
277.398
277.398
277.398
277.398
277.398
277.398
277.397
277.397
277.397
277.396
277.4
277.4
277.4
277.4
277.4
277.4
277.4
277.4
277.4
277.4
277.4
277.4
277.4
277.4
277.4
277.4
277.4
277.4
277.4
277.4
277.4
277.4
277.4
277.4
277.4
277.4
277.4
277.4
277.4
277.4
277.4
277.4
277.4
277.4
277.399
277.399
277.399
277.399
277.399
277.399
277.399
277.399
277.399
277.399
277.399
277.399
277.399
277.399
277.399
277.399
)
;

boundaryField
{
    top
    {
        type            fixedValue;
        value           uniform 268.4;
    }
    bottom
    {
        type            zeroGradient;
    }
    downSlope
    {
        type            zeroGradient;
    }
    upSlope
    {
        type            zeroGradient;
    }
    sides
    {
        type            empty;
    }
}


// ************************************************************************* //
