/*--------------------------------*- C++ -*----------------------------------*\
| =========                 |                                                 |
| \\      /  F ield         | OpenFOAM: The Open Source CFD Toolbox           |
|  \\    /   O peration     | Version:  v1912                                 |
|   \\  /    A nd           | Website:  www.openfoam.com                      |
|    \\/     M anipulation  |                                                 |
\*---------------------------------------------------------------------------*/
FoamFile
{
    version     2.0;
    format      ascii;
    class       volScalarField;
    location    "31536000";
    object      err;
}
// * * * * * * * * * * * * * * * * * * * * * * * * * * * * * * * * * * * * * //

dimensions      [0 1 0 0 0 0 0];


internalField   nonuniform List<scalar> 
4250
(
4.01675e-09
2.93767e-10
1.17382e-10
3.58966e-11
2.81943e-11
1.42109e-11
1.12266e-11
1.08855e-11
1.06013e-11
1.04592e-11
1.03455e-11
1.02887e-11
1.02602e-11
1.02318e-11
1.02034e-11
1.02034e-11
1.02602e-11
1.04308e-11
1.06013e-11
1.14824e-11
1.7252e-11
3.85114e-11
9.25979e-11
2.35417e-10
1.28426e-09
1.26944e-08
-5.18006e-09
1.63572e-09
1.82147e-09
1.8618e-09
1.92751e-09
1.99375e-09
2.0233e-09
2.05956e-09
2.08335e-09
2.16966e-09
2.2525e-09
2.36357e-09
2.58546e-09
2.78651e-09
3.04772e-09
3.3852e-09
3.90353e-09
4.60522e-09
5.30536e-09
6.47873e-09
7.73452e-09
9.45449e-09
1.0895e-08
4.55295e-07
1.56386e-08
1.36825e-09
5.47885e-10
1.53705e-10
1.29205e-10
5.65024e-11
4.02451e-11
3.91083e-11
3.83125e-11
3.79146e-11
3.75167e-11
3.72609e-11
3.71188e-11
3.69766e-11
3.69198e-11
3.69766e-11
3.7204e-11
3.76303e-11
3.83693e-11
4.09273e-11
6.84395e-11
1.63055e-10
3.84745e-10
8.65157e-10
3.9374e-09
1.13745e-08
3.20948e-09
1.43239e-09
1.65789e-09
1.81622e-09
1.81007e-09
1.89546e-09
1.98779e-09
2.09807e-09
2.27671e-09
2.38564e-09
2.50778e-09
2.72567e-09
2.90644e-09
3.19756e-09
3.53789e-09
3.93596e-09
4.32787e-09
4.79954e-09
5.53203e-09
6.04783e-09
6.97887e-09
7.5392e-09
9.42998e-09
4.30178e-07
2.50713e-08
4.88441e-09
2.28746e-09
7.27425e-10
6.12147e-10
2.62901e-10
1.83661e-10
1.79455e-10
1.77238e-10
1.75618e-10
1.74538e-10
1.73685e-10
1.73259e-10
1.72946e-10
1.72662e-10
1.7269e-10
1.73003e-10
1.74083e-10
1.76385e-10
1.8494e-10
3.05448e-10
7.24498e-10
1.53258e-09
3.54333e-09
1.36689e-08
3.13165e-08
4.12434e-09
1.05941e-09
1.31409e-09
1.33709e-09
1.51469e-09
1.53269e-09
1.60734e-09
1.74033e-09
1.76105e-09
1.90357e-09
2.17657e-09
2.35745e-09
2.49067e-09
2.73616e-09
3.02316e-09
3.46945e-09
3.84583e-09
4.20382e-09
4.87359e-09
5.43624e-09
6.02082e-09
7.98884e-09
9.78645e-09
4.22775e-07
1.37004e-09
9.57348e-09
5.74815e-09
3.08154e-09
2.28579e-09
1.06846e-09
8.05244e-10
7.86201e-10
7.75628e-10
7.68011e-10
7.62668e-10
7.59087e-10
7.56586e-10
7.54625e-10
7.53204e-10
7.52522e-10
7.53346e-10
7.57211e-10
7.66931e-10
7.96803e-10
1.16603e-09
2.66897e-09
4.37595e-09
1.17201e-08
1.62531e-08
3.58497e-10
3.4679e-09
7.25482e-10
9.7186e-10
1.05069e-09
1.07128e-09
1.15795e-09
1.25086e-09
1.20774e-09
1.38859e-09
1.49311e-09
1.51835e-09
1.64098e-09
1.95385e-09
2.14956e-09
2.38541e-09
2.55751e-09
3.00108e-09
3.52565e-09
3.80994e-09
4.32875e-09
5.81049e-09
7.6779e-09
8.07069e-09
4.13254e-07
2.01405e-09
1.91081e-08
4.52468e-09
9.19022e-09
5.24196e-09
3.56277e-09
3.20384e-09
3.06761e-09
2.97629e-09
2.91405e-09
2.87287e-09
2.84592e-09
2.82674e-09
2.81219e-09
2.80104e-09
2.79516e-09
2.79991e-09
2.82793e-09
2.90407e-09
3.07341e-09
3.56721e-09
6.3645e-09
8.14845e-09
9.14754e-09
1.47038e-09
1.09225e-10
1.85121e-09
5.79741e-10
6.99393e-10
7.71223e-10
7.88808e-10
8.14151e-10
8.46703e-10
9.87516e-10
1.04129e-09
1.06967e-09
1.17962e-09
1.35893e-09
1.40452e-09
1.55379e-09
1.84746e-09
2.10842e-09
2.36847e-09
2.67957e-09
2.94903e-09
3.62077e-09
5.36419e-09
5.90935e-09
5.99142e-09
3.9517e-07
1.22032e-09
3.47673e-09
1.46814e-08
4.81462e-09
3.97222e-09
9.12152e-09
9.25101e-09
8.4024e-09
7.84644e-09
7.49148e-09
7.26754e-09
7.12481e-09
7.02579e-09
6.95189e-09
6.8969e-09
6.86728e-09
6.89232e-09
7.03719e-09
7.44848e-09
8.3821e-09
8.34535e-09
3.13793e-09
1.08718e-08
4.11275e-09
2.89072e-09
6.05318e-10
1.49671e-09
3.50912e-10
5.24085e-10
6.32871e-10
7.04355e-10
6.6808e-10
6.88571e-10
7.14717e-10
6.81804e-10
8.75151e-10
9.17544e-10
9.15708e-10
1.00553e-09
1.22798e-09
1.39452e-09
1.65951e-09
1.79902e-09
2.1331e-09
2.29531e-09
3.2045e-09
3.83134e-09
1.46858e-09
-3.12631e-09
3.73906e-07
1.43692e-09
2.36722e-09
4.42763e-09
7.52271e-09
1.11939e-08
6.97878e-09
4.68454e-09
3.75131e-09
3.3203e-09
3.10217e-09
2.98942e-09
2.92329e-09
2.87932e-09
2.84908e-09
2.8258e-09
2.80053e-09
2.79299e-09
2.81858e-09
2.99195e-09
3.6664e-09
6.04253e-09
9.21875e-09
3.54252e-09
3.98701e-09
2.69776e-09
1.11418e-09
1.4517e-09
4.03332e-10
4.60147e-10
5.24898e-10
4.87731e-10
6.02868e-10
6.16653e-10
6.36163e-10
7.27489e-10
5.54184e-10
7.50964e-10
8.12089e-10
9.95803e-10
1.01516e-09
1.03766e-09
1.34837e-09
1.58555e-09
1.39315e-09
1.66081e-09
2.01142e-09
1.93241e-09
6.77825e-10
-4.1647e-09
3.62739e-07
1.29158e-09
2.01283e-09
2.73091e-09
5.0271e-09
4.76879e-09
4.7358e-09
5.49925e-09
6.20173e-09
6.63339e-09
6.92623e-09
7.08896e-09
7.18585e-09
7.24721e-09
7.27759e-09
7.28009e-09
7.23831e-09
7.12625e-09
6.90594e-09
6.43958e-09
5.55377e-09
4.62859e-09
5.34817e-09
2.93092e-09
3.01282e-09
2.29166e-09
1.41176e-09
1.3994e-09
3.01036e-10
4.32828e-10
4.43531e-10
5.09308e-10
4.59377e-10
4.62234e-10
4.69758e-10
4.10858e-10
6.52682e-10
5.37161e-10
6.73934e-10
6.47294e-10
8.39962e-10
1.06849e-09
8.94539e-10
8.22416e-10
6.29488e-10
1.1238e-09
1.52107e-09
1.36292e-09
-2.63809e-09
-4.11216e-09
3.58087e-07
1.0732e-09
1.97802e-09
2.0182e-09
3.25786e-09
3.0802e-09
3.74125e-09
4.45448e-09
4.8796e-09
5.1056e-09
5.19297e-09
5.23519e-09
5.2717e-09
5.28628e-09
5.297e-09
5.28105e-09
5.29617e-09
5.27199e-09
5.25051e-09
5.13268e-09
4.71937e-09
3.80849e-09
3.31431e-09
2.37235e-09
2.31424e-09
1.84609e-09
1.66949e-09
1.43003e-09
3.07747e-10
3.44939e-10
4.58282e-10
4.11666e-10
4.08241e-10
4.11397e-10
4.06516e-10
4.85615e-10
4.3287e-10
4.51082e-10
4.91725e-10
6.4488e-10
7.20127e-10
7.77896e-10
8.50214e-10
5.7948e-10
2.17625e-10
1.37654e-10
8.19623e-10
-3.27051e-10
-4.89751e-09
-4.35067e-09
3.50196e-07
8.46178e-10
1.87067e-09
1.83491e-09
2.32843e-09
2.28111e-09
2.82002e-09
3.24449e-09
3.40167e-09
3.46269e-09
3.47269e-09
3.4789e-09
3.47683e-09
3.4629e-09
3.46067e-09
3.49374e-09
3.47039e-09
3.48797e-09
3.48011e-09
3.49276e-09
3.4108e-09
2.96491e-09
2.33378e-09
2.07441e-09
1.83996e-09
1.50744e-09
1.64919e-09
1.36278e-09
2.92145e-10
2.96122e-10
3.55092e-10
3.55986e-10
4.1319e-10
4.65029e-10
4.04445e-10
4.11032e-10
3.36633e-10
5.32592e-10
4.69369e-10
5.10011e-10
5.40238e-10
3.68356e-10
2.09353e-10
-4.2172e-10
-2.14183e-10
8.65529e-11
-4.45919e-11
-3.34833e-09
-3.46214e-09
-2.92547e-09
3.45545e-07
6.71374e-10
1.69859e-09
1.72783e-09
1.82206e-09
1.96943e-09
2.36549e-09
2.4862e-09
2.49306e-09
2.46983e-09
2.44199e-09
2.46571e-09
2.45106e-09
2.44078e-09
2.45995e-09
2.42426e-09
2.45282e-09
2.46242e-09
2.4653e-09
2.49828e-09
2.52717e-09
2.39236e-09
1.88189e-09
1.84932e-09
1.53585e-09
1.26454e-09
1.65028e-09
1.46919e-09
3.44695e-10
3.56168e-10
4.15985e-10
4.23608e-10
4.17371e-10
2.73847e-10
4.02541e-10
4.02314e-10
4.02744e-10
2.28487e-10
4.36742e-10
3.30503e-10
2.93599e-10
2.86398e-10
-2.3764e-10
-4.38542e-10
-5.95236e-10
-2.66464e-10
-3.17606e-10
-1.55597e-09
-3.55229e-09
-1.55459e-09
3.37128e-07
5.76566e-10
1.54866e-09
1.67839e-09
1.57442e-09
1.81158e-09
2.04437e-09
2.02864e-09
1.99252e-09
1.97167e-09
1.98184e-09
1.94653e-09
1.92732e-09
1.97538e-09
1.93283e-09
1.94436e-09
1.94889e-09
1.95553e-09
1.98922e-09
1.97753e-09
2.04083e-09
2.12901e-09
1.78817e-09
1.70653e-09
1.38323e-09
1.14979e-09
1.49193e-09
1.38037e-09
3.31882e-10
3.05143e-10
2.95728e-10
4.12153e-10
2.77149e-10
4.00969e-10
2.36677e-10
2.19657e-10
3.86055e-10
3.8019e-10
1.60992e-10
3.61082e-10
1.1999e-10
-1.77236e-10
-8.37327e-10
-1.33578e-09
-9.7196e-10
-7.5716e-10
-1.10471e-09
-3.58913e-09
-2.16124e-09
-2.52243e-09
3.35598e-07
5.78325e-10
1.48019e-09
1.61718e-09
1.51161e-09
1.72886e-09
1.81204e-09
1.77495e-09
1.74541e-09
1.69542e-09
1.72685e-09
1.71576e-09
1.75154e-09
1.72048e-09
1.75611e-09
1.76517e-09
1.75319e-09
1.75537e-09
1.73799e-09
1.7686e-09
1.80008e-09
1.8287e-09
1.65916e-09
1.52237e-09
1.24099e-09
1.04911e-09
1.43519e-09
1.37085e-09
2.97042e-10
3.0867e-10
3.87751e-10
2.4233e-10
3.37913e-10
2.4222e-10
2.93702e-10
2.7701e-10
1.67677e-10
2.36968e-10
3.10753e-10
-1.18194e-11
6.57239e-11
-4.28457e-10
-9.98236e-10
-1.10166e-09
-7.0471e-10
-8.99045e-10
-7.21004e-10
-4.96372e-09
-2.79602e-09
5.1539e-10
3.29058e-07
5.21592e-10
1.31026e-09
1.44606e-09
1.34884e-09
1.58592e-09
1.59343e-09
1.5813e-09
1.58852e-09
1.61666e-09
1.5807e-09
1.62576e-09
1.58582e-09
1.60817e-09
1.61271e-09
1.60853e-09
1.63953e-09
1.63931e-09
1.60071e-09
1.58501e-09
1.60499e-09
1.68082e-09
1.6236e-09
1.42917e-09
1.23677e-09
1.10645e-09
1.23873e-09
1.47048e-09
4.32857e-10
3.13436e-10
3.59204e-10
4.14891e-10
3.32007e-10
3.0314e-10
2.77106e-10
2.49837e-10
1.16451e-10
1.82641e-10
-1.21196e-11
1.02805e-10
-4.69082e-10
-1.14628e-09
-1.41185e-09
-1.11133e-09
-1.00247e-09
-1.13187e-09
-2.08256e-09
1.76432e-11
-1.3029e-09
-3.11925e-09
3.20524e-07
5.28445e-10
1.23761e-09
1.42204e-09
1.40855e-09
1.46267e-09
1.507e-09
1.49129e-09
1.48876e-09
1.49608e-09
1.50142e-09
1.51466e-09
1.56091e-09
1.56736e-09
1.52199e-09
1.58251e-09
1.52939e-09
1.52893e-09
1.58352e-09
1.55281e-09
1.49621e-09
1.5109e-09
1.49814e-09
1.24725e-09
1.19563e-09
1.08425e-09
1.20999e-09
1.29676e-09
2.88333e-10
2.49383e-10
2.48939e-10
2.78702e-10
3.26589e-10
2.91864e-10
2.58656e-10
2.21028e-10
2.78828e-10
-1.52722e-12
1.41342e-10
-3.40152e-10
-6.19925e-10
-1.05854e-09
-1.73785e-09
-1.36553e-09
-1.27368e-09
-1.13086e-09
-2.53644e-09
-3.87857e-09
-2.56557e-09
1.10513e-09
3.18755e-07
6.61068e-10
1.17727e-09
1.35185e-09
1.3155e-09
1.46148e-09
1.42161e-09
1.38993e-09
1.40524e-09
1.47226e-09
1.51465e-09
1.491e-09
1.49929e-09
1.45128e-09
1.54967e-09
1.47396e-09
1.50229e-09
1.50298e-09
1.48138e-09
1.49237e-09
1.46224e-09
1.47247e-09
1.51006e-09
1.27037e-09
1.19183e-09
1.14173e-09
1.11917e-09
1.45647e-09
4.72716e-10
3.18921e-10
3.55098e-10
3.484e-10
2.36246e-10
1.91061e-10
2.21362e-10
8.74048e-11
2.10227e-11
3.97233e-11
-2.9162e-10
-3.63095e-10
-9.18746e-10
-1.59428e-09
-1.16578e-09
-1.22731e-09
-1.25831e-09
-1.66511e-09
-2.43886e-09
-2.22047e-09
2.63126e-11
-2.77724e-09
3.1147e-07
6.90076e-10
1.10417e-09
1.27735e-09
1.34881e-09
1.40043e-09
1.32033e-09
1.40868e-09
1.40036e-09
1.37114e-09
1.41963e-09
1.44022e-09
1.44597e-09
1.49351e-09
1.39801e-09
1.45936e-09
1.50232e-09
1.47758e-09
1.44829e-09
1.44594e-09
1.41779e-09
1.39651e-09
1.35998e-09
1.17865e-09
1.23411e-09
1.20778e-09
1.11968e-09
1.33593e-09
3.30383e-10
2.51585e-10
3.47667e-10
2.63243e-10
3.08521e-10
2.61842e-10
5.3507e-11
1.52905e-10
7.96017e-11
-3.25053e-11
-2.35333e-10
-6.84869e-10
-1.117e-09
-1.49729e-09
-1.36228e-09
-1.02241e-09
-1.19873e-09
-1.45835e-09
-2.0291e-09
-2.19719e-09
-1.63289e-09
-4.89708e-10
3.07913e-07
7.61766e-10
1.0372e-09
1.20227e-09
1.26188e-09
1.27919e-09
1.34697e-09
1.33257e-09
1.44717e-09
1.45596e-09
1.39425e-09
1.41563e-09
1.4191e-09
1.42143e-09
1.46943e-09
1.43151e-09
1.37005e-09
1.41946e-09
1.45111e-09
1.42645e-09
1.40829e-09
1.31158e-09
1.40261e-09
1.19658e-09
1.15143e-09
1.18026e-09
1.0943e-09
1.32467e-09
4.58004e-10
3.30714e-10
2.96902e-10
3.40429e-10
2.11307e-10
1.52113e-10
2.70334e-10
7.09832e-12
-9.21849e-11
-2.38197e-10
-4.15785e-10
-5.57817e-10
-1.34392e-09
-1.47069e-09
-1.37568e-09
-1.06127e-09
-1.11111e-09
-1.62631e-09
-3.16676e-09
-3.65455e-09
-1.6441e-09
7.77e-10
3.06495e-07
7.50864e-10
1.10452e-09
1.19094e-09
1.32897e-09
1.27872e-09
1.25809e-09
1.32915e-09
1.31412e-09
1.37768e-09
1.43262e-09
1.37414e-09
1.37578e-09
1.37715e-09
1.37835e-09
1.39882e-09
1.43102e-09
1.41196e-09
1.40095e-09
1.39065e-09
1.38567e-09
1.3351e-09
1.34155e-09
1.16859e-09
1.22042e-09
1.17517e-09
1.21361e-09
1.38592e-09
4.96558e-10
2.57844e-10
3.15088e-10
2.49385e-10
1.95795e-10
2.33571e-10
6.13785e-11
8.02745e-11
-2.74372e-11
-1.80282e-10
-4.44174e-10
-1.07603e-09
-1.24762e-09
-1.49557e-09
-1.01305e-09
-1.47163e-09
-1.63314e-09
-1.34956e-09
-2.55975e-09
1.11344e-09
2.15614e-11
-3.08066e-09
2.93578e-07
8.47953e-10
1.06355e-09
1.14214e-09
1.21521e-09
1.23955e-09
1.35952e-09
1.38099e-09
1.38487e-09
1.3282e-09
1.32927e-09
1.38138e-09
1.38111e-09
1.38147e-09
1.38219e-09
1.38368e-09
1.38605e-09
1.38919e-09
1.39437e-09
1.40172e-09
1.34634e-09
1.37131e-09
1.23898e-09
1.1362e-09
1.16801e-09
1.25165e-09
1.21661e-09
1.38744e-09
4.43961e-10
3.44764e-10
2.87641e-10
3.35145e-10
3.17421e-10
2.067e-10
2.94729e-11
5.19846e-11
-1.54877e-10
-4.01132e-10
-5.2062e-10
-1.00955e-09
-1.43785e-09
-9.57216e-10
-1.11338e-09
-1.05214e-09
-1.65959e-09
-1.61822e-09
-5.64056e-10
-1.22649e-09
-1.30845e-09
1.74072e-09
2.96513e-07
7.92081e-10
1.08443e-09
1.18292e-09
1.27507e-09
1.25068e-09
1.23906e-09
1.28011e-09
1.27185e-09
1.3964e-09
1.32602e-09
1.32523e-09
1.3236e-09
1.32347e-09
1.32391e-09
1.3252e-09
1.31289e-09
1.26378e-09
1.3214e-09
1.3477e-09
1.39326e-09
1.34536e-09
1.27249e-09
1.22978e-09
1.16433e-09
1.12129e-09
1.2671e-09
1.30864e-09
5.33431e-10
2.67595e-10
3.57589e-10
2.39083e-10
2.10891e-10
2.04015e-11
1.19777e-10
-1.04951e-10
-1.04736e-10
-3.38636e-10
-7.78843e-10
-1.2182e-09
-1.26286e-09
-1.17741e-09
-8.56069e-10
-1.18031e-09
-1.08936e-09
-1.85186e-09
-2.80928e-09
-3.50018e-09
-1.11541e-09
-1.48826e-09
2.90048e-07
8.56263e-10
1.10674e-09
1.2274e-09
1.21089e-09
1.27218e-09
1.25053e-09
1.34347e-09
1.40648e-09
1.2732e-09
1.3276e-09
1.3259e-09
1.324e-09
1.31824e-09
1.25325e-09
1.25506e-09
1.28462e-09
1.38991e-09
1.29891e-09
1.34992e-09
1.36455e-09
1.30307e-09
1.2968e-09
1.19745e-09
1.15921e-09
1.0866e-09
1.29692e-09
1.2894e-09
4.19747e-10
3.64078e-10
2.65829e-10
3.35027e-10
2.05781e-10
2.90898e-10
1.02163e-10
-1.45623e-10
-3.8867e-10
-4.00642e-10
-7.22426e-10
-1.04385e-09
-1.35974e-09
-9.08739e-10
-1.20922e-09
-9.93571e-10
-1.08462e-09
-1.62421e-09
-2.48175e-09
2.79064e-09
-1.49779e-09
-1.35535e-09
2.84462e-07
6.78309e-10
1.12571e-09
1.12711e-09
1.28004e-09
1.15196e-09
1.33914e-09
1.28561e-09
1.28295e-09
1.26792e-09
1.31361e-09
1.29754e-09
1.25858e-09
1.26845e-09
1.37554e-09
1.32215e-09
1.31252e-09
1.26759e-09
1.31939e-09
1.28328e-09
1.27284e-09
1.31615e-09
1.25021e-09
1.21969e-09
1.08143e-09
1.13578e-09
1.30268e-09
1.43004e-09
6.5806e-10
2.80286e-10
3.65545e-10
2.33031e-10
2.74971e-10
7.23976e-11
-4.21632e-11
9.56173e-11
-1.5323e-10
-4.34148e-10
-9.81307e-10
-1.03534e-09
-9.48714e-10
-1.09316e-09
-8.95604e-10
-1.04166e-09
-1.59822e-09
-1.38152e-09
-3.22675e-09
-4.17757e-09
3.09316e-11
3.56458e-11
2.78888e-07
7.94774e-10
1.05464e-09
1.18163e-09
1.15473e-09
1.31604e-09
1.28848e-09
1.30427e-09
1.28041e-09
1.33576e-09
1.24042e-09
1.26601e-09
1.26056e-09
1.25752e-09
1.23549e-09
1.34228e-09
1.27633e-09
1.2707e-09
1.28198e-09
1.28229e-09
1.37517e-09
1.36921e-09
1.1926e-09
1.15985e-09
1.23362e-09
1.13462e-09
1.2891e-09
1.25711e-09
5.13275e-10
3.84793e-10
2.68385e-10
3.41435e-10
1.58917e-10
5.64895e-11
6.9913e-11
-3.50162e-10
-3.19308e-10
-6.21727e-10
-6.15672e-10
-1.20043e-09
-7.63941e-10
-8.7468e-10
-9.46586e-10
-1.17238e-09
-1.26478e-09
-1.94161e-09
1.79616e-09
-1.15716e-09
-7.95156e-10
-1.93046e-09
2.80461e-07
7.67992e-10
1.04544e-09
1.27893e-09
1.21787e-09
1.19178e-09
1.29939e-09
1.33546e-09
1.28422e-09
1.28636e-09
1.33096e-09
1.31951e-09
1.35425e-09
1.35554e-09
1.25931e-09
1.21131e-09
1.34525e-09
1.35057e-09
1.35594e-09
1.37243e-09
1.3134e-09
1.33213e-09
1.36705e-09
1.24158e-09
1.01443e-09
1.06836e-09
1.29095e-09
1.31791e-09
5.21825e-10
2.96279e-10
3.80198e-10
2.33954e-10
2.75309e-10
1.75539e-10
-7.77782e-11
5.91063e-11
-2.11919e-10
-6.52022e-10
-9.93827e-10
-7.54395e-10
-9.45265e-10
-4.07549e-10
-5.6197e-10
-9.98977e-10
-1.13724e-09
-1.35356e-09
-3.8024e-09
-1.51651e-09
-1.67962e-09
1.22929e-09
2.72581e-07
5.6521e-10
1.12403e-09
1.1704e-09
1.16972e-09
1.28611e-09
1.22419e-09
1.2411e-09
1.21082e-09
1.29987e-09
1.21775e-09
1.22139e-09
1.22423e-09
1.22589e-09
1.38436e-09
1.30222e-09
1.24278e-09
1.26465e-09
1.24447e-09
1.23848e-09
1.23909e-09
1.31123e-09
1.24403e-09
1.25353e-09
1.215e-09
1.093e-09
1.27974e-09
1.20906e-09
6.351e-10
4.1316e-10
2.78246e-10
3.56313e-10
1.55625e-10
1.79037e-10
5.36167e-11
-2.50279e-10
-4.60739e-10
-5.07803e-10
-8.51296e-10
-1.13883e-09
-6.86663e-10
-9.19733e-10
-8.99614e-10
-6.80747e-10
-8.5875e-10
-1.05789e-09
-2.54178e-09
-1.38252e-10
-4.63515e-10
-1.82854e-09
2.70482e-07
7.3241e-10
1.03128e-09
1.16989e-09
1.31278e-09
1.3088e-09
1.30823e-09
1.31018e-09
1.39253e-09
1.23528e-09
1.40621e-09
1.32155e-09
1.32573e-09
1.3289e-09
1.25558e-09
1.34262e-09
1.33624e-09
1.32476e-09
1.33986e-09
1.33811e-09
1.41965e-09
1.35308e-09
1.34819e-09
1.17656e-09
1.15852e-09
1.13479e-09
1.1654e-09
1.28635e-09
6.61889e-10
3.19399e-10
4.04347e-10
2.44087e-10
2.88561e-10
4.20086e-11
-9.7149e-11
-2.63232e-10
-3.05574e-10
-5.35198e-10
-7.33626e-10
-5.09161e-10
-8.42005e-10
-3.95306e-10
-6.2769e-10
-7.13291e-10
-1.23667e-09
-1.57299e-09
-9.12173e-10
-3.9798e-09
-1.03797e-09
2.47053e-10
2.5331e-07
6.62812e-10
1.11844e-09
1.26269e-09
1.14393e-09
1.23689e-09
1.324e-09
1.23869e-09
1.25272e-09
1.34449e-09
1.27333e-09
1.35777e-09
1.36194e-09
1.36459e-09
1.36663e-09
1.35168e-09
1.37209e-09
1.30103e-09
1.37698e-09
1.37459e-09
1.281e-09
1.27528e-09
1.28485e-09
1.17581e-09
1.19856e-09
1.18658e-09
1.22316e-09
1.28537e-09
5.79122e-10
4.523e-10
2.98108e-10
3.82303e-10
1.63614e-10
1.84866e-10
5.20317e-11
6.63101e-11
-4.74782e-10
-5.30151e-10
-6.43533e-10
-7.51123e-10
-4.09651e-10
-9.78115e-10
-5.15094e-10
-1.01522e-09
-9.07345e-10
-1.17842e-09
-2.39806e-09
2.57694e-09
-9.65951e-10
-1.34685e-09
2.9221e-07
7.08402e-10
1.02752e-09
1.17346e-09
1.36529e-09
1.33974e-09
1.30275e-09
1.34865e-09
1.36939e-09
1.38314e-09
1.29448e-09
1.39833e-09
1.40037e-09
1.30557e-09
1.30788e-09
1.32007e-09
1.31352e-09
1.4598e-09
1.31898e-09
1.3181e-09
1.301e-09
1.37797e-09
1.39362e-09
1.28028e-09
1.19787e-09
1.23813e-09
1.24083e-09
1.28939e-09
5.99149e-10
4.82991e-10
4.39253e-10
2.6523e-10
3.14879e-10
4.40648e-11
5.94507e-11
-4.21891e-10
-2.65759e-10
-6.89191e-10
-5.69958e-10
-3.90482e-10
-2.35147e-10
7.04917e-11
-6.32527e-10
-5.02694e-10
-7.55677e-10
-1.55743e-09
-1.55372e-09
-3.45493e-09
-1.12213e-09
-4.76475e-09
2.46328e-07
7.76092e-10
1.03162e-09
1.27624e-09
1.16694e-09
1.25889e-09
1.24962e-09
1.34323e-09
1.30941e-09
1.32301e-09
1.41872e-09
1.30163e-09
1.24746e-09
1.42712e-09
1.42824e-09
1.43136e-09
1.43388e-09
1.26679e-09
1.44146e-09
1.44344e-09
1.42971e-09
1.40984e-09
1.31847e-09
1.20934e-09
1.22595e-09
1.38469e-09
1.27204e-09
1.18615e-09
8.67022e-10
3.84675e-10
4.66092e-10
4.19567e-10
1.86189e-10
2.09077e-10
-1.04425e-10
8.83089e-11
-2.36897e-10
-4.20734e-10
-7.17406e-10
-5.8177e-10
-4.61438e-10
-4.4039e-10
-1.88286e-10
-2.64803e-10
-8.26677e-10
-8.69524e-10
-1.51283e-09
-7.57637e-10
-5.94741e-10
7.67935e-09
2.58283e-07
8.543e-10
1.0467e-09
1.18489e-09
1.36299e-09
1.37343e-09
1.34144e-09
1.30496e-09
1.44141e-09
1.34571e-09
1.35191e-09
1.41988e-09
1.53035e-09
1.35661e-09
1.35745e-09
1.36043e-09
1.3626e-09
1.55091e-09
1.37273e-09
1.37993e-09
1.47816e-09
1.23652e-09
1.33801e-09
1.34195e-09
1.24875e-09
1.20305e-09
1.31127e-09
1.3025e-09
6.66848e-10
5.39591e-10
3.51513e-10
4.48263e-10
4.3737e-10
2.04109e-10
7.46305e-11
-2.65662e-10
-3.91008e-10
-3.55949e-10
-4.00729e-10
-2.85879e-10
-1.7159e-10
-1.41404e-10
-1.52721e-10
-6.10705e-10
-3.55178e-10
-6.82027e-10
-1.18899e-09
-1.1992e-09
-3.23326e-10
-5.29149e-09
2.52727e-07
1.0512e-09
1.18829e-09
1.19365e-09
1.28326e-09
1.29123e-09
1.42563e-09
1.49337e-09
1.37337e-09
1.47732e-09
1.48029e-09
1.43274e-09
1.28398e-09
1.48082e-09
1.41108e-09
1.48431e-09
1.44457e-09
1.31214e-09
1.38771e-09
1.51049e-09
1.30402e-09
1.58142e-09
1.43031e-09
1.16868e-09
1.37974e-09
1.41932e-09
1.34973e-09
1.31702e-09
6.86708e-10
4.33078e-10
5.16038e-10
3.21751e-10
2.28279e-10
1.4906e-10
9.92673e-11
-7.2446e-11
-6.21336e-11
-4.00872e-10
-3.38926e-10
-2.14716e-10
-1.45307e-10
-4.34269e-10
-4.96919e-10
-2.03485e-10
-7.38349e-10
-9.68998e-10
-1.4586e-09
-1.39452e-09
-1.59828e-09
-1.48233e-08
2.47354e-07
8.79856e-10
1.11694e-09
1.33322e-09
1.41486e-09
1.3091e-09
1.35915e-09
1.33216e-09
1.39513e-09
1.39862e-09
1.39819e-09
1.42532e-09
1.49732e-09
1.39639e-09
1.42753e-09
1.39939e-09
1.36863e-09
1.49478e-09
1.51729e-09
1.42919e-09
1.55144e-09
1.30833e-09
1.37615e-09
1.42488e-09
1.17212e-09
1.19922e-09
1.3801e-09
1.33034e-09
9.80679e-10
7.25467e-10
5.46054e-10
5.01555e-10
5.07302e-10
2.61677e-10
-5.85714e-11
-4.60325e-11
-3.80521e-10
-2.86244e-10
-3.79574e-10
-3.80094e-10
-3.45083e-10
-6.92508e-11
-4.42186e-10
-5.46326e-10
-2.40401e-10
-4.08039e-10
-1.56301e-09
-1.79627e-09
-7.34701e-10
2.93924e-08
2.56804e-07
1.13118e-09
1.15271e-09
1.14784e-09
1.31796e-09
1.33443e-09
1.3919e-09
1.5035e-09
1.53582e-09
1.53473e-09
1.5321e-09
1.39408e-09
1.5306e-09
1.40804e-09
1.55201e-09
1.41113e-09
1.6022e-09
1.42063e-09
1.52971e-09
1.44271e-09
1.56882e-09
1.56786e-09
1.43442e-09
1.36373e-09
1.41095e-09
1.38677e-09
1.39926e-09
1.34146e-09
7.38148e-10
3.8286e-10
4.15057e-10
5.38221e-10
2.83405e-10
1.42879e-10
1.69952e-10
-2.20502e-10
-3.97517e-10
-3.05947e-10
-1.17469e-10
3.56528e-11
7.95826e-11
7.85519e-11
3.55889e-10
-8.02155e-11
-2.48385e-10
-9.11915e-10
-4.95348e-10
-1.00921e-09
-7.17247e-10
-2.08125e-08
2.41191e-07
1.00535e-09
1.32101e-09
1.50489e-09
1.35296e-09
1.49739e-09
1.42465e-09
1.4459e-09
1.44503e-09
1.44333e-09
1.33583e-09
1.55171e-09
1.31353e-09
1.55247e-09
1.32425e-09
1.55605e-09
1.3214e-09
1.56477e-09
1.37445e-09
1.58512e-09
1.48662e-09
1.4999e-09
1.45374e-09
1.53402e-09
1.3156e-09
1.30508e-09
1.40885e-09
1.3491e-09
8.83823e-10
7.67333e-10
5.99774e-10
3.97118e-10
4.95194e-10
5.65876e-10
2.16571e-10
5.56704e-11
1.23741e-10
-3.9527e-10
1.75224e-11
1.71479e-10
2.528e-10
-1.22018e-10
-1.72831e-10
4.07276e-11
1.16849e-11
2.2078e-10
-1.30547e-09
2.03715e-10
-2.16272e-09
1.01215e-08
2.4264e-07
1.16287e-09
1.09867e-09
1.22555e-09
1.35784e-09
1.42398e-09
1.58954e-09
1.46533e-09
1.46669e-09
1.46175e-09
1.60332e-09
1.46251e-09
1.58102e-09
1.46559e-09
1.58392e-09
1.46989e-09
1.59005e-09
1.47858e-09
1.58042e-09
1.49348e-09
1.48884e-09
1.53586e-09
1.5158e-09
1.32216e-09
1.33885e-09
1.30942e-09
1.41484e-09
1.20922e-09
7.87867e-10
7.01706e-10
6.33458e-10
7.9086e-10
4.3282e-10
2.2191e-10
2.65649e-10
6.37026e-11
-2.9097e-10
1.92312e-10
-2.08093e-10
2.32677e-10
-2.82701e-11
7.08697e-10
3.07933e-10
2.80722e-10
-3.61267e-10
-5.28988e-10
-7.88489e-10
-3.03805e-09
1.90834e-09
-7.39927e-09
2.39545e-07
1.00109e-09
1.35879e-09
1.38833e-09
1.39445e-09
1.4675e-09
1.50069e-09
1.62598e-09
1.4843e-09
1.48945e-09
1.52099e-09
1.49551e-09
1.6383e-09
1.50032e-09
1.61022e-09
1.50498e-09
1.51023e-09
1.51361e-09
1.51796e-09
1.5209e-09
1.65142e-09
1.64465e-09
1.51642e-09
1.61339e-09
1.37459e-09
1.35017e-09
1.42431e-09
1.50716e-09
1.0917e-09
5.48197e-10
6.27451e-10
3.82591e-10
6.06581e-10
4.66564e-10
8.99121e-11
1.68541e-10
1.14944e-11
-2.81685e-10
3.96696e-10
-7.87486e-11
3.42532e-10
-1.29142e-10
4.17201e-10
8.34344e-12
4.13022e-10
1.5519e-10
-5.83403e-10
-8.75794e-10
-1.53256e-09
3.1389e-09
2.34264e-07
1.00104e-09
1.27464e-09
1.51479e-09
1.58303e-09
1.65612e-09
1.52822e-09
1.52961e-09
1.66371e-09
1.67224e-09
1.47115e-09
1.62512e-09
1.41739e-09
1.69365e-09
1.4863e-09
1.55354e-09
1.70316e-09
1.56035e-09
1.60108e-09
1.56098e-09
1.50089e-09
1.59445e-09
1.56862e-09
1.3711e-09
1.57429e-09
1.41604e-09
1.44431e-09
1.22394e-09
8.13914e-10
7.48938e-10
6.05548e-10
6.54619e-10
5.2061e-10
4.43913e-10
3.58904e-10
2.0315e-10
6.73241e-11
3.91165e-11
-1.65841e-10
2.53991e-10
3.39045e-10
3.11037e-10
-7.97151e-12
8.30451e-10
3.6528e-10
4.02564e-10
-7.00175e-10
-1.22478e-09
-2.58717e-09
-2.96497e-09
2.44889e-07
1.24039e-09
1.44105e-09
1.47284e-09
1.49991e-09
1.41726e-09
1.55843e-09
1.56526e-09
1.58079e-09
1.5948e-09
1.74133e-09
1.58423e-09
1.75526e-09
1.47289e-09
1.73038e-09
1.76519e-09
1.50543e-09
1.77221e-09
1.69974e-09
1.76626e-09
1.75708e-09
1.72189e-09
1.62479e-09
1.68477e-09
1.34969e-09
1.50238e-09
1.47756e-09
1.39204e-09
1.01323e-09
7.93395e-10
6.95533e-10
8.54999e-10
6.84416e-10
5.01932e-10
4.14389e-10
-7.95741e-12
1.1746e-10
8.40259e-11
1.51178e-10
2.52683e-10
3.45461e-10
6.39543e-10
4.8115e-10
8.3063e-11
5.44743e-10
-1.19132e-10
5.80737e-10
1.06125e-10
2.55384e-09
8.77612e-10
2.29249e-07
9.37383e-10
1.15406e-09
1.65176e-09
1.55717e-09
1.75325e-09
1.75564e-09
1.61208e-09
1.63914e-09
1.65977e-09
1.67473e-09
1.76509e-09
1.68901e-09
1.84327e-09
1.69688e-09
1.6988e-09
1.79859e-09
1.70797e-09
1.74595e-09
1.70065e-09
1.67754e-09
1.68547e-09
1.84555e-09
1.60529e-09
1.72282e-09
1.59558e-09
1.52852e-09
1.60175e-09
1.05989e-09
8.41815e-10
7.85719e-10
5.66194e-10
7.38936e-10
5.50958e-10
4.74996e-10
5.6087e-10
-1.1082e-10
1.28473e-10
1.75714e-10
2.65774e-10
3.58358e-10
1.4418e-11
5.80648e-10
1.7929e-10
4.5867e-10
1.09757e-09
-4.08565e-10
-2.2474e-09
-2.59951e-09
-1.24328e-09
2.30411e-07
1.3264e-09
1.5206e-09
1.36939e-09
1.79458e-09
1.65483e-09
1.49231e-09
1.84353e-09
1.87742e-09
1.73479e-09
1.91774e-09
1.92446e-09
1.76307e-09
1.91496e-09
1.76809e-09
1.77287e-09
1.96496e-09
1.78032e-09
1.78619e-09
1.77855e-09
1.74778e-09
1.89948e-09
1.7662e-09
1.7509e-09
1.65412e-09
1.85435e-09
1.59192e-09
1.3017e-09
1.11238e-09
8.92814e-10
8.31521e-10
1.04816e-09
7.90461e-10
9.46033e-10
5.41313e-10
7.79599e-11
4.81568e-10
1.79691e-10
2.1851e-10
-4.664e-11
-5.60094e-11
4.21466e-10
3.24128e-10
5.97765e-10
1.09756e-10
5.04463e-11
3.54609e-10
-6.93333e-10
1.63238e-09
2.66604e-10
2.28773e-07
1.10169e-09
1.54695e-09
1.74944e-09
1.53208e-09
1.72495e-09
1.99082e-09
1.77288e-09
1.65766e-09
1.99163e-09
1.6747e-09
1.68088e-09
2.0131e-09
1.69564e-09
1.96678e-09
2.02015e-09
1.69495e-09
1.85625e-09
2.0389e-09
1.90243e-09
2.0065e-09
1.78426e-09
1.82892e-09
1.55567e-09
1.72711e-09
1.58885e-09
1.66361e-09
1.71055e-09
1.16575e-09
7.26219e-10
8.77809e-10
6.32915e-10
5.88553e-10
5.0621e-10
3.39513e-10
4.22023e-10
2.12635e-10
2.26397e-10
1.94865e-10
5.80447e-10
7.63628e-10
7.29946e-10
3.62145e-10
7.35105e-10
1.03851e-09
5.89804e-10
5.5006e-10
-1.83843e-10
-6.70387e-09
5.89851e-10
2.2712e-07
1.6241e-09
1.44646e-09
1.64602e-09
1.94656e-09
1.90606e-09
1.76777e-09
1.8619e-09
2.04799e-09
1.92016e-09
2.0884e-09
2.09316e-09
1.93251e-09
2.09416e-09
1.85197e-09
1.88936e-09
2.10226e-09
2.11198e-09
1.7809e-09
2.05689e-09
1.94657e-09
1.84525e-09
1.89418e-09
1.95495e-09
1.79182e-09
1.98979e-09
1.92966e-09
1.3903e-09
1.21889e-09
1.20432e-09
9.17644e-10
8.96184e-10
1.13125e-09
8.10652e-10
9.67976e-10
5.09601e-10
1.98895e-10
-5.78431e-11
-9.13225e-12
3.46492e-10
-8.02804e-11
1.66027e-10
5.72831e-10
3.55253e-10
1.09587e-10
6.85343e-10
4.76814e-10
-5.98325e-11
6.94872e-09
-7.70687e-10
2.24332e-07
1.8227e-09
1.74643e-09
1.72161e-09
1.85107e-09
1.87249e-09
1.83403e-09
1.96293e-09
2.16069e-09
2.00085e-09
2.00474e-09
2.00484e-09
2.00405e-09
2.00417e-09
2.12619e-09
2.0525e-09
2.01308e-09
2.02167e-09
2.20761e-09
2.09722e-09
2.04699e-09
2.13466e-09
2.15486e-09
1.88875e-09
1.87807e-09
1.85518e-09
1.62141e-09
1.8408e-09
1.30589e-09
1.0374e-09
9.54491e-10
9.3495e-10
6.5519e-10
8.66509e-10
4.91884e-10
6.00719e-10
3.51702e-10
6.91538e-10
6.31534e-10
-1.21543e-10
2.68775e-10
2.22864e-10
4.62061e-10
3.51393e-10
4.5944e-10
1.28221e-09
8.06383e-10
-1.32873e-09
-5.4524e-10
-5.60434e-10
2.21426e-07
1.59977e-09
1.74604e-09
2.02411e-09
2.12921e-09
1.93761e-09
2.20084e-09
2.26541e-09
1.92332e-09
2.08148e-09
2.27999e-09
2.19193e-09
2.07599e-09
2.07769e-09
2.27785e-09
2.13314e-09
2.08442e-09
2.09559e-09
2.26255e-09
2.14228e-09
2.15108e-09
1.99569e-09
1.86028e-09
2.00263e-09
2.06213e-09
1.88209e-09
2.0817e-09
1.71241e-09
1.48139e-09
9.65924e-10
9.91214e-10
9.73574e-10
1.23949e-09
9.1897e-10
1.08601e-09
6.88406e-10
8.82083e-10
4.2034e-10
2.98392e-10
6.03616e-10
6.78307e-10
2.19659e-10
2.25722e-10
6.2478e-10
1.14264e-09
-1.21053e-10
5.48667e-10
-1.72384e-10
1.75476e-09
-9.31536e-09
2.20471e-07
2.19462e-09
1.8823e-09
1.95394e-09
1.81501e-09
2.04556e-09
2.14893e-09
2.18668e-09
2.37543e-09
2.37141e-09
1.97159e-09
2.13752e-09
2.36364e-09
2.3644e-09
1.96983e-09
2.10817e-09
2.37217e-09
2.38177e-09
2.10873e-09
2.43615e-09
2.46332e-09
2.41313e-09
2.33731e-09
2.33851e-09
2.02542e-09
1.92102e-09
1.95945e-09
1.77677e-09
1.17764e-09
1.07631e-09
1.03099e-09
1.3e-09
7.19765e-10
9.7528e-10
9.03791e-10
7.69251e-10
2.80157e-10
1.16378e-10
3.63385e-11
2.7074e-10
-2.84865e-10
2.51668e-10
3.2118e-10
7.81991e-11
-2.91423e-10
5.25473e-10
1.07308e-09
-4.56185e-10
-2.83235e-09
1.25878e-08
2.17259e-07
2.0036e-09
2.25191e-09
2.08364e-09
2.32814e-09
2.39573e-09
2.48799e-09
2.28606e-09
2.27922e-09
2.27093e-09
2.46313e-09
2.38152e-09
2.26962e-09
2.26936e-09
2.46427e-09
2.46871e-09
2.10927e-09
2.28663e-09
2.44744e-09
2.33983e-09
2.17863e-09
2.36007e-09
2.47757e-09
2.27808e-09
2.08503e-09
2.21341e-09
2.03322e-09
1.84844e-09
1.42374e-09
1.30421e-09
1.28148e-09
7.78479e-10
1.36197e-09
1.03216e-09
6.81293e-10
8.5048e-10
1.07999e-09
9.58901e-10
7.05511e-10
-7.95626e-11
6.36663e-10
6.01296e-10
2.21549e-10
4.61158e-10
1.02325e-09
3.24091e-10
3.62029e-10
6.94368e-11
-7.99105e-10
7.44098e-09
2.17524e-07
2.56455e-09
2.17709e-09
2.22491e-09
2.24122e-09
2.34104e-09
2.3278e-09
2.61789e-09
2.48563e-09
2.37241e-09
2.60325e-09
2.37581e-09
2.37863e-09
2.38176e-09
2.38458e-09
2.46329e-09
2.72538e-09
2.39483e-09
2.40778e-09
2.4377e-09
2.90022e-09
2.49742e-09
2.1784e-09
2.38741e-09
2.19823e-09
1.88213e-09
2.12393e-09
1.93204e-09
1.76155e-09
1.43438e-09
1.00071e-09
1.21649e-09
1.13081e-09
1.09367e-09
1.35422e-09
9.41265e-10
8.17866e-10
6.84422e-10
6.2678e-10
8.0744e-10
2.99142e-10
-4.2961e-10
-1.71457e-11
2.48351e-10
3.99018e-10
1.24579e-09
3.04845e-10
-1.31666e-09
-5.93124e-10
-7.87147e-09
2.12414e-07
2.22896e-09
2.30395e-09
2.61812e-09
2.6155e-09
2.49476e-09
2.61646e-09
2.31418e-09
2.50968e-09
2.7346e-09
2.2881e-09
2.74987e-09
2.51562e-09
2.76138e-09
2.76366e-09
2.61508e-09
2.36224e-09
2.53033e-09
2.6217e-09
2.55558e-09
2.40965e-09
2.88204e-09
2.76987e-09
2.58455e-09
2.58901e-09
2.7165e-09
2.48966e-09
2.29005e-09
1.60146e-09
1.1504e-09
1.11174e-09
1.3039e-09
1.19657e-09
1.1667e-09
1.12142e-09
1.39498e-09
5.09683e-10
7.87384e-10
1.0439e-09
7.68634e-10
3.16283e-10
7.99422e-10
7.4542e-10
1.09076e-09
1.85145e-10
2.53354e-10
1.02164e-09
4.7982e-10
-1.10202e-09
-7.32245e-10
2.10424e-07
2.73302e-09
2.69358e-09
2.54032e-09
2.54756e-09
2.91217e-09
2.76969e-09
3.06214e-09
2.76236e-09
2.67196e-09
2.91477e-09
2.7044e-09
2.93818e-09
2.7208e-09
2.72382e-09
2.80019e-09
2.95015e-09
2.9505e-09
2.77639e-09
2.94955e-09
2.99069e-09
2.82334e-09
2.78993e-09
2.65262e-09
2.55315e-09
2.32439e-09
2.40053e-09
2.04833e-09
1.70233e-09
1.48212e-09
1.60468e-09
1.39476e-09
1.27873e-09
1.61406e-09
1.19462e-09
7.20695e-10
1.41766e-09
1.28866e-09
2.29756e-10
1.99157e-10
3.00925e-10
3.27821e-10
3.55166e-10
-4.4376e-10
4.96526e-10
5.30846e-10
1.15878e-09
-1.02728e-09
4.90173e-10
1.55164e-09
2.10831e-07
2.60784e-09
2.5886e-09
2.85888e-09
2.72937e-09
2.85368e-09
2.92993e-09
2.596e-09
3.09118e-09
2.99319e-09
3.15323e-09
2.9081e-09
3.18412e-09
2.92573e-09
2.93177e-09
2.93474e-09
2.93621e-09
3.05628e-09
3.26766e-09
2.90588e-09
2.92126e-09
2.98615e-09
3.05062e-09
3.0831e-09
2.91582e-09
2.96639e-09
2.57006e-09
2.51992e-09
1.8256e-09
1.47617e-09
1.41009e-09
1.39131e-09
1.38038e-09
1.36075e-09
1.28204e-09
1.60672e-09
1.50015e-09
5.1223e-10
1.28582e-09
1.12139e-09
4.85097e-10
1.75511e-10
4.17988e-11
3.34155e-10
2.33706e-10
7.74987e-10
1.22809e-10
2.18474e-09
-2.51827e-10
-2.30112e-10
2.04991e-07
2.79166e-09
2.7489e-09
2.82047e-09
3.22536e-09
3.0342e-09
3.11696e-09
3.26492e-09
3.07026e-09
3.10533e-09
2.87932e-09
3.42289e-09
2.91212e-09
3.44061e-09
3.44486e-09
3.4476e-09
3.44863e-09
3.2002e-09
2.90881e-09
3.40107e-09
3.38337e-09
3.43904e-09
3.22748e-09
3.28853e-09
2.98945e-09
3.0096e-09
3.05966e-09
2.33924e-09
2.28911e-09
2.16304e-09
1.8844e-09
1.87865e-09
1.87865e-09
1.46726e-09
1.54971e-09
1.33386e-09
8.1442e-10
1.58784e-09
1.00282e-09
8.14541e-10
9.31624e-10
7.91672e-10
-4.90904e-11
6.16723e-11
4.78934e-10
5.06608e-10
7.30739e-10
-2.81615e-10
-2.74272e-09
-2.69172e-10
2.04912e-07
3.36848e-09
3.25266e-09
3.4514e-09
3.21244e-09
3.52666e-09
3.14623e-09
3.36986e-09
3.32812e-09
3.57259e-09
3.73073e-09
3.44172e-09
3.71336e-09
3.45647e-09
3.45908e-09
3.46182e-09
3.46331e-09
3.58166e-09
3.70651e-09
3.41482e-09
3.36681e-09
3.39163e-09
3.40284e-09
2.94602e-09
3.42858e-09
3.25462e-09
3.01811e-09
2.95374e-09
2.16152e-09
1.47259e-09
1.32149e-09
1.66172e-09
1.64368e-09
1.59582e-09
1.65061e-09
1.85636e-09
1.85483e-09
1.30253e-09
1.10585e-09
8.53144e-10
1.4555e-09
5.24517e-10
8.83349e-10
1.20699e-09
8.71229e-10
3.0957e-10
1.73465e-09
1.35386e-09
-1.91699e-09
-1.45134e-09
2.02086e-07
3.41775e-09
3.22566e-09
3.24511e-09
3.47236e-09
3.48598e-09
3.74741e-09
3.59894e-09
3.9335e-09
3.88206e-09
3.919e-09
4.02523e-09
4.01967e-09
3.72682e-09
3.73053e-09
3.73366e-09
3.80897e-09
4.04426e-09
4.03703e-09
3.70183e-09
3.63995e-09
3.92544e-09
3.9665e-09
3.85789e-09
3.83312e-09
3.79082e-09
3.25369e-09
2.88208e-09
2.34202e-09
2.32496e-09
2.58294e-09
1.79941e-09
2.14679e-09
2.17726e-09
2.23424e-09
1.28566e-09
1.55581e-09
1.92919e-09
1.743e-09
1.51362e-09
2.62762e-10
1.46302e-09
8.01583e-10
3.49115e-10
2.50278e-10
1.18451e-09
9.56172e-10
1.45001e-09
-1.72287e-09
4.17409e-09
1.98915e-07
4.13165e-09
3.85078e-09
3.80244e-09
4.07364e-09
3.7369e-09
3.76876e-09
4.21196e-09
3.99257e-09
4.08829e-09
4.09351e-09
4.02928e-09
4.05096e-09
4.32855e-09
4.33146e-09
4.33477e-09
4.20157e-09
3.78771e-09
3.87051e-09
4.33681e-09
4.27348e-09
3.9288e-09
3.97703e-09
3.88907e-09
3.79104e-09
3.71747e-09
3.84022e-09
3.47131e-09
2.91028e-09
2.5398e-09
1.60787e-09
2.35179e-09
1.64838e-09
1.9423e-09
1.56774e-09
2.21675e-09
2.23407e-09
1.61192e-09
1.45016e-09
1.27722e-09
1.96354e-09
8.37343e-10
1.32209e-09
6.11229e-11
7.77537e-10
7.83879e-10
5.27499e-11
1.40944e-09
-1.19908e-09
-2.09751e-09
1.98131e-07
4.25269e-09
3.89689e-09
4.2627e-09
4.08301e-09
4.37066e-09
4.45859e-09
4.21091e-09
4.34305e-09
4.69571e-09
4.40407e-09
4.38628e-09
4.3486e-09
4.48713e-09
4.68339e-09
4.68615e-09
4.76247e-09
4.92815e-09
4.79207e-09
4.72948e-09
4.67592e-09
4.25265e-09
4.61574e-09
4.25253e-09
4.04203e-09
4.27154e-09
3.8174e-09
3.44456e-09
2.81205e-09
2.36693e-09
2.5817e-09
2.21367e-09
3.00224e-09
2.6218e-09
2.50295e-09
2.54898e-09
1.97254e-09
1.86338e-09
2.289e-09
2.10687e-09
8.9601e-10
7.31017e-10
1.22241e-09
1.63547e-09
1.0749e-10
9.93461e-12
2.55601e-09
2.98697e-09
-2.43278e-09
1.93568e-10
1.93742e-07
5.13318e-09
4.68005e-09
4.32135e-09
4.78683e-09
4.7766e-09
4.92127e-09
4.91695e-09
5.06283e-09
4.73989e-09
4.96359e-09
5.0123e-09
5.02633e-09
4.751e-09
4.65223e-09
4.71715e-09
4.72683e-09
4.78377e-09
4.88965e-09
4.64826e-09
4.76906e-09
4.98643e-09
4.65958e-09
4.91069e-09
4.69842e-09
4.20948e-09
4.5077e-09
4.16743e-09
3.49671e-09
2.59712e-09
2.8506e-09
2.82056e-09
2.43502e-09
2.42825e-09
2.90033e-09
2.33766e-09
2.23716e-09
2.66965e-09
1.90417e-09
1.61438e-09
2.43998e-09
1.99557e-09
5.32814e-10
7.03368e-10
1.72436e-10
1.7124e-10
-3.57096e-10
-1.72251e-10
2.64897e-10
-5.18327e-09
1.90504e-07
5.36414e-09
5.04199e-09
5.01389e-09
4.86843e-09
4.88182e-09
5.06611e-09
5.4683e-09
5.50582e-09
5.10962e-09
5.46936e-09
5.29113e-09
5.44999e-09
5.58242e-09
5.20082e-09
5.08258e-09
5.09241e-09
5.11357e-09
5.15106e-09
5.49514e-09
5.19878e-09
5.48238e-09
5.42373e-09
5.06398e-09
4.99311e-09
4.91605e-09
4.56356e-09
4.38791e-09
3.90945e-09
3.34065e-09
2.785e-09
2.70387e-09
2.7377e-09
3.25775e-09
2.73706e-09
3.23165e-09
3.73205e-09
3.0374e-09
2.77879e-09
2.50575e-09
1.7178e-09
1.25354e-09
1.82431e-09
1.3101e-09
2.68106e-09
2.69532e-09
1.28134e-09
2.06962e-09
-1.44906e-09
8.37412e-09
1.7461e-07
6.36292e-09
5.4064e-09
5.60143e-09
5.72723e-09
5.77416e-09
5.5686e-09
6.03872e-09
5.59912e-09
5.95654e-09
5.57477e-09
5.86968e-09
5.54506e-09
5.54487e-09
5.82706e-09
5.8917e-09
5.90001e-09
5.91881e-09
5.95857e-09
5.87212e-09
6.05747e-09
5.65021e-09
5.94604e-09
5.96718e-09
5.52521e-09
5.4227e-09
5.48766e-09
4.9723e-09
3.98227e-09
3.80292e-09
3.89685e-09
3.59941e-09
4.12001e-09
3.1784e-09
3.7098e-09
3.12989e-09
2.50011e-09
2.95778e-09
2.73445e-09
3.11722e-09
2.0296e-09
3.10266e-09
1.7093e-09
2.21712e-09
1.08676e-09
-2.3092e-10
1.48638e-09
2.29918e-09
1.32286e-09
-4.32219e-09
2.21617e-07
6.55875e-09
6.61146e-09
6.19459e-09
6.31189e-09
5.99966e-09
6.52335e-09
6.16617e-09
6.48336e-09
6.36791e-09
6.44358e-09
6.28264e-09
6.44561e-09
6.45076e-09
6.45449e-09
6.45748e-09
6.46248e-09
6.47489e-09
6.50668e-09
6.56895e-09
6.6423e-09
6.60909e-09
6.13277e-09
6.17038e-09
6.0888e-09
5.65349e-09
5.92407e-09
5.64155e-09
5.01079e-09
4.39718e-09
3.33414e-09
4.1859e-09
3.76363e-09
4.67923e-09
4.28441e-09
4.25725e-09
4.80906e-09
4.07844e-09
3.89036e-09
2.89781e-09
3.81898e-09
2.66483e-09
3.08924e-09
1.37e-09
1.33226e-09
1.43622e-09
1.86678e-09
1.54223e-09
2.10991e-09
-2.67213e-09
1.68294e-07
7.5626e-09
6.6604e-09
6.56318e-09
6.518e-09
7.06889e-09
7.17786e-09
6.71418e-09
7.09934e-09
7.12194e-09
7.08142e-09
6.66672e-09
6.8931e-09
7.11729e-09
7.1212e-09
7.12349e-09
7.12449e-09
7.12716e-09
7.14076e-09
6.76656e-09
7.28514e-09
7.29299e-09
7.16302e-09
7.1824e-09
6.52874e-09
6.81133e-09
6.79482e-09
6.61422e-09
5.7157e-09
4.66013e-09
5.37458e-09
4.92046e-09
4.51422e-09
4.72057e-09
4.36622e-09
4.97509e-09
4.2895e-09
4.09865e-09
4.77366e-09
4.16269e-09
3.1643e-09
2.51846e-09
1.94593e-09
2.47659e-09
1.94811e-09
1.85777e-09
3.18855e-10
9.70928e-10
3.43307e-09
-7.30363e-10
1.80202e-07
7.82202e-09
7.73799e-09
8.1419e-09
7.66983e-09
7.82493e-09
7.88929e-09
8.24133e-09
7.71175e-09
7.80686e-09
7.38557e-09
8.26567e-09
7.86844e-09
7.45356e-09
7.46089e-09
7.4627e-09
7.45962e-09
7.45155e-09
7.44192e-09
8.31061e-09
7.54348e-09
7.60071e-09
7.47668e-09
7.89333e-09
8.21013e-09
7.69441e-09
7.05491e-09
6.81264e-09
6.29837e-09
6.62683e-09
5.88412e-09
5.26263e-09
6.32241e-09
5.37182e-09
5.80812e-09
5.80993e-09
5.75642e-09
6.33477e-09
4.85645e-09
5.83192e-09
5.40204e-09
4.8843e-09
3.91632e-09
3.75446e-09
3.53411e-09
3.67773e-09
1.27511e-09
4.80323e-09
3.65673e-09
-4.9884e-09
1.80395e-07
9.1205e-09
8.48767e-09
8.02637e-09
8.64594e-09
8.64373e-09
8.67137e-09
8.62031e-09
8.31346e-09
8.18527e-09
9.13825e-09
8.29269e-09
8.52681e-09
9.17738e-09
9.23416e-09
9.23479e-09
9.22863e-09
9.21173e-09
8.9488e-09
8.27548e-09
8.73625e-09
9.29775e-09
9.20776e-09
8.68937e-09
8.26189e-09
8.38661e-09
8.3502e-09
8.16754e-09
7.92609e-09
6.74062e-09
6.45221e-09
7.53083e-09
6.909e-09
6.78513e-09
7.49373e-09
6.23425e-09
7.48195e-09
6.64319e-09
6.66934e-09
5.26549e-09
4.75003e-09
4.69417e-09
5.49788e-09
4.67474e-09
4.70406e-09
3.05307e-09
4.8932e-09
1.24267e-09
4.34548e-09
2.84863e-09
1.75864e-07
9.83195e-09
9.32143e-09
9.33754e-09
9.39681e-09
9.54487e-09
9.03286e-09
9.00089e-09
9.90253e-09
1.00635e-08
9.2192e-09
1.02062e-08
1.02351e-08
9.40967e-09
9.31512e-09
9.31481e-09
9.308e-09
9.28968e-09
9.7207e-09
1.01365e-08
1.01293e-08
9.27469e-09
9.73193e-09
9.5803e-09
9.65748e-09
9.57785e-09
9.8005e-09
9.15979e-09
8.9566e-09
8.58163e-09
8.93882e-09
8.22727e-09
7.63733e-09
8.37654e-09
7.3173e-09
8.48489e-09
7.26291e-09
7.10386e-09
7.64758e-09
7.24912e-09
7.67277e-09
6.9004e-09
5.66014e-09
5.21783e-09
3.26412e-09
4.51967e-09
4.17411e-09
3.82997e-09
4.42698e-09
-4.27425e-10
1.74405e-07
1.0106e-08
1.02732e-08
1.03109e-08
1.02076e-08
1.05245e-08
1.09649e-08
1.09672e-08
1.00692e-08
1.02167e-08
1.1259e-08
1.03041e-08
1.04279e-08
1.1264e-08
1.1316e-08
1.1315e-08
1.13097e-08
1.12948e-08
1.07215e-08
1.02156e-08
1.01575e-08
1.11964e-08
1.05054e-08
1.05691e-08
1.11632e-08
1.07878e-08
9.74369e-09
1.07413e-08
1.00964e-08
1.06335e-08
9.17536e-09
8.93297e-09
9.66716e-09
1.00366e-08
9.28103e-09
9.48378e-09
9.36276e-09
1.00867e-08
9.89624e-09
9.62598e-09
7.42016e-09
7.79446e-09
7.28212e-09
6.84594e-09
7.44155e-09
6.38174e-09
3.6644e-09
6.83493e-09
6.33959e-09
-6.42361e-09
1.72931e-07
1.22383e-08
1.18901e-08
1.19171e-08
1.14838e-08
1.15664e-08
1.1541e-08
1.15994e-08
1.22281e-08
1.23285e-08
1.19013e-08
1.24038e-08
1.21917e-08
1.16671e-08
1.1897e-08
1.19147e-08
1.18691e-08
1.16665e-08
1.19486e-08
1.23299e-08
1.226e-08
1.17633e-08
1.22813e-08
1.21962e-08
1.16715e-08
1.15462e-08
1.18235e-08
1.06789e-08
1.16182e-08
1.0833e-08
1.19102e-08
1.21114e-08
1.17699e-08
1.00166e-08
1.15234e-08
1.08742e-08
1.17724e-08
1.10135e-08
1.01325e-08
1.06045e-08
1.19811e-08
9.58356e-09
8.90114e-09
8.08569e-09
8.95417e-09
7.26011e-09
1.01546e-08
5.01397e-09
8.48115e-09
-1.58959e-09
1.71792e-07
1.31287e-08
1.19924e-08
1.24845e-08
1.31877e-08
1.32564e-08
1.32465e-08
1.33649e-08
1.35169e-08
1.35912e-08
1.30138e-08
1.36082e-08
1.37042e-08
1.34963e-08
1.30367e-08
1.29994e-08
1.3089e-08
1.34828e-08
1.3808e-08
1.34416e-08
1.35045e-08
1.28661e-08
1.26985e-08
1.28457e-08
1.27244e-08
1.31134e-08
1.24139e-08
1.30604e-08
1.34706e-08
1.33536e-08
1.33042e-08
1.21941e-08
1.19097e-08
1.28509e-08
1.31019e-08
1.33284e-08
1.2742e-08
1.37196e-08
1.36565e-08
1.26287e-08
1.13459e-08
1.27334e-08
1.33283e-08
1.29844e-08
9.84592e-09
1.06252e-08
8.5228e-09
8.90677e-09
9.56647e-09
3.62622e-09
1.67879e-07
1.42262e-08
1.44422e-08
1.42447e-08
1.44425e-08
1.45085e-08
1.39255e-08
1.40742e-08
1.41967e-08
1.42273e-08
1.51345e-08
1.4217e-08
1.42111e-08
1.45073e-08
1.47314e-08
1.47532e-08
1.47166e-08
1.45361e-08
1.4233e-08
1.44727e-08
1.41708e-08
1.52868e-08
1.53258e-08
1.46642e-08
1.45239e-08
1.44249e-08
1.45793e-08
1.40651e-08
1.37198e-08
1.44445e-08
1.36121e-08
1.46042e-08
1.37863e-08
1.42682e-08
1.3777e-08
1.5061e-08
1.54541e-08
1.48775e-08
1.59449e-08
1.5891e-08
1.66383e-08
1.53349e-08
1.36914e-08
1.29547e-08
1.45378e-08
1.43023e-08
1.29314e-08
1.39035e-08
1.43881e-08
1.26003e-08
1.70289e-07
1.52431e-08
1.51425e-08
1.55542e-08
1.57636e-08
1.51717e-08
1.65275e-08
1.59992e-08
1.6332e-08
1.60788e-08
1.60169e-08
1.60555e-08
1.60533e-08
1.60554e-08
1.60584e-08
1.60612e-08
1.6067e-08
1.60762e-08
1.60867e-08
1.59645e-08
1.60608e-08
1.54417e-08
1.54476e-08
1.54279e-08
1.59175e-08
1.50898e-08
1.57734e-08
1.59883e-08
1.5499e-08
1.53791e-08
1.57044e-08
1.42195e-08
1.5704e-08
1.5528e-08
1.60867e-08
1.58566e-08
1.74131e-08
1.79216e-08
1.73213e-08
1.84949e-08
1.73808e-08
1.80778e-08
1.75348e-08
1.71091e-08
1.64446e-08
1.50206e-08
1.7609e-08
1.60138e-08
1.34406e-08
2.05566e-08
1.64223e-07
1.81739e-08
1.7167e-08
1.69874e-08
1.71617e-08
1.79075e-08
1.74112e-08
1.81456e-08
1.76628e-08
1.8159e-08
1.71856e-08
1.81396e-08
1.81345e-08
1.8133e-08
1.81332e-08
1.81354e-08
1.81416e-08
1.81544e-08
1.81736e-08
1.8186e-08
1.81751e-08
1.81279e-08
1.81329e-08
1.83343e-08
1.8105e-08
1.79068e-08
1.68954e-08
1.70657e-08
1.69131e-08
1.73009e-08
1.56921e-08
1.67888e-08
1.62423e-08
1.68237e-08
1.85465e-08
1.943e-08
1.93672e-08
2.11719e-08
2.1792e-08
2.20832e-08
2.23721e-08
2.11379e-08
2.07518e-08
2.15291e-08
2.05176e-08
2.10266e-08
1.91788e-08
2.05104e-08
2.45737e-08
2.32363e-08
1.78987e-07
1.85793e-08
1.94662e-08
1.93555e-08
1.88298e-08
1.96091e-08
1.89732e-08
1.96692e-08
2.00625e-08
1.90549e-08
2.04246e-08
1.90376e-08
1.90342e-08
1.90327e-08
1.90326e-08
1.90342e-08
1.90394e-08
1.90516e-08
1.90732e-08
1.90871e-08
1.90983e-08
1.90715e-08
1.98062e-08
1.95004e-08
1.90821e-08
1.97036e-08
2.04302e-08
1.94068e-08
2.02789e-08
1.81826e-08
1.90888e-08
1.83531e-08
1.86184e-08
2.02983e-08
1.92508e-08
2.13423e-08
2.23959e-08
2.24928e-08
2.45259e-08
2.4505e-08
2.53092e-08
2.56565e-08
2.54819e-08
2.38743e-08
2.41189e-08
2.47824e-08
2.39089e-08
2.43664e-08
2.48548e-08
2.44698e-08
1.65666e-07
2.18303e-08
2.04249e-08
2.13218e-08
2.21491e-08
2.07205e-08
2.23037e-08
2.11278e-08
2.08475e-08
2.2315e-08
2.0835e-08
2.22928e-08
2.22884e-08
2.22865e-08
2.22858e-08
2.22866e-08
2.22902e-08
2.23e-08
2.23193e-08
2.1847e-08
2.23657e-08
2.23521e-08
2.1205e-08
2.19096e-08
2.20794e-08
2.16844e-08
2.09386e-08
2.2548e-08
2.09322e-08
2.19617e-08
2.08778e-08
2.15973e-08
2.18464e-08
2.121e-08
2.3281e-08
2.33867e-08
2.46888e-08
2.71143e-08
2.73919e-08
2.82198e-08
2.87177e-08
2.96175e-08
3.08877e-08
3.06273e-08
3.01043e-08
2.85907e-08
3.16168e-08
3.03078e-08
2.81389e-08
3.45257e-08
1.7014e-07
2.44329e-08
2.43258e-08
2.36259e-08
2.42043e-08
2.53287e-08
2.38113e-08
2.44583e-08
2.4523e-08
2.37699e-08
2.49799e-08
2.37496e-08
2.37453e-08
2.37564e-08
2.37635e-08
2.37639e-08
2.37598e-08
2.37544e-08
2.37682e-08
2.48014e-08
2.38407e-08
2.38324e-08
2.47205e-08
2.47399e-08
2.47163e-08
2.48207e-08
2.57069e-08
2.42126e-08
2.60189e-08
2.46755e-08
2.59525e-08
2.38578e-08
2.49781e-08
2.47633e-08
2.60594e-08
2.70219e-08
2.95992e-08
2.88378e-08
3.17468e-08
3.34372e-08
3.57552e-08
3.56118e-08
3.45586e-08
3.57193e-08
3.46447e-08
3.51649e-08
3.38249e-08
3.70773e-08
3.69686e-08
4.72245e-08
2.10372e-07
2.75858e-08
2.73152e-08
2.82593e-08
2.73198e-08
2.65647e-08
2.82701e-08
2.81549e-08
2.82324e-08
2.73012e-08
2.7203e-08
2.72528e-08
2.72526e-08
2.78006e-08
2.81391e-08
2.81486e-08
2.78846e-08
2.73585e-08
2.72655e-08
2.68128e-08
2.82119e-08
2.79584e-08
2.74995e-08
2.75284e-08
2.7201e-08
2.77349e-08
2.76604e-08
2.90541e-08
2.86365e-08
2.95795e-08
2.82248e-08
3.12401e-08
2.91833e-08
3.12056e-08
3.09705e-08
3.16853e-08
3.16872e-08
3.49533e-08
3.53949e-08
3.90782e-08
3.99089e-08
4.1515e-08
4.36708e-08
4.22964e-08
4.28148e-08
4.32016e-08
4.30055e-08
4.25345e-08
4.59329e-08
4.70841e-08
1.67005e-07
3.19578e-08
3.11242e-08
3.12196e-08
3.16494e-08
3.19734e-08
3.11381e-08
3.11537e-08
3.10629e-08
3.18009e-08
3.14928e-08
3.18265e-08
3.18245e-08
3.12588e-08
3.0939e-08
3.09312e-08
3.11763e-08
3.16555e-08
3.18262e-08
3.1839e-08
3.09867e-08
3.16315e-08
3.17172e-08
3.11522e-08
3.22015e-08
3.14712e-08
3.23133e-08
3.32058e-08
3.37996e-08
3.55936e-08
3.68434e-08
3.46139e-08
3.73348e-08
3.71489e-08
3.77748e-08
3.80347e-08
3.8052e-08
3.93806e-08
4.24537e-08
4.4014e-08
4.71212e-08
5.16583e-08
5.21421e-08
5.42872e-08
5.36864e-08
5.34855e-08
5.31171e-08
5.49354e-08
5.14957e-08
5.16111e-08
1.76283e-07
3.71842e-08
3.74336e-08
3.63844e-08
3.73408e-08
3.72932e-08
3.70856e-08
3.71173e-08
3.70673e-08
3.70824e-08
3.70273e-08
3.70235e-08
3.70159e-08
3.64904e-08
3.6108e-08
3.60842e-08
3.63704e-08
3.70041e-08
3.70124e-08
3.70252e-08
3.61771e-08
3.58775e-08
3.67825e-08
3.82375e-08
3.74646e-08
3.86971e-08
3.88304e-08
3.87695e-08
4.07451e-08
4.07437e-08
4.21426e-08
4.52948e-08
4.64284e-08
4.56485e-08
4.59002e-08
4.5904e-08
4.73782e-08
4.86083e-08
4.99431e-08
5.27903e-08
5.75095e-08
6.16678e-08
6.57463e-08
6.65318e-08
6.78031e-08
6.69894e-08
6.57713e-08
6.44035e-08
6.7137e-08
6.64058e-08
1.60027e-07
4.36572e-08
4.43974e-08
4.58884e-08
4.4405e-08
4.52111e-08
4.41547e-08
4.39058e-08
4.38518e-08
4.4022e-08
4.37948e-08
4.37813e-08
4.37713e-08
4.42645e-08
4.47645e-08
4.48099e-08
4.43589e-08
4.38153e-08
4.37624e-08
4.37727e-08
4.57679e-08
4.56613e-08
4.38899e-08
4.40714e-08
4.42977e-08
4.47071e-08
4.51382e-08
4.7003e-08
4.8213e-08
5.07146e-08
5.34531e-08
5.51753e-08
5.5193e-08
5.83453e-08
5.82703e-08
5.99862e-08
5.90648e-08
5.8041e-08
5.9584e-08
6.14004e-08
6.38113e-08
6.8912e-08
7.74181e-08
8.35381e-08
8.57199e-08
8.20899e-08
8.07604e-08
7.3638e-08
6.80603e-08
6.13324e-08
7.39084e-08
5.57721e-08
5.5262e-08
5.64621e-08
5.69178e-08
5.48944e-08
5.57438e-08
5.57761e-08
5.56774e-08
5.59727e-08
5.56363e-08
5.56275e-08
5.56209e-08
5.5633e-08
5.53127e-08
5.52507e-08
5.56291e-08
5.56094e-08
5.56073e-08
5.56165e-08
5.46719e-08
5.47812e-08
5.68809e-08
5.48622e-08
5.73127e-08
5.76541e-08
5.8081e-08
5.89153e-08
6.11616e-08
6.36078e-08
6.34086e-08
6.59272e-08
6.85135e-08
6.92366e-08
7.06216e-08
6.98769e-08
7.00382e-08
6.98312e-08
6.69192e-08
6.6149e-08
6.69731e-08
6.81244e-08
7.14737e-08
8.0077e-08
8.73511e-08
8.81529e-08
7.18036e-08
5.07568e-08
1.20894e-08
-5.62071e-08
-1.12273e-07
6.82586e-08
6.97196e-08
6.92083e-08
7.04553e-08
7.15834e-08
7.18139e-08
7.19457e-08
7.07069e-08
7.08997e-08
7.0823e-08
7.0856e-08
7.0876e-08
7.0888e-08
7.10468e-08
7.1078e-08
7.08966e-08
7.08907e-08
7.08819e-08
7.08715e-08
7.08221e-08
7.07868e-08
6.97168e-08
7.30372e-08
7.08773e-08
7.07717e-08
7.17244e-08
7.26151e-08
7.1818e-08
7.04796e-08
7.29175e-08
7.18375e-08
7.08372e-08
7.00565e-08
6.85334e-08
6.67606e-08
6.68948e-08
6.33315e-08
6.09188e-08
5.36698e-08
4.68424e-08
3.74629e-08
3.14309e-08
2.58492e-08
2.51847e-08
2.91951e-08
2.66412e-08
-2.0348e-08
-1.42481e-07
-6.94532e-07
-6.46158e-07
-1.13232e-08
2.00527e-08
2.35665e-08
2.22616e-08
2.27965e-08
2.28393e-08
2.28091e-08
2.40197e-08
2.20815e-08
2.3982e-08
2.40005e-08
2.40117e-08
2.40205e-08
2.40363e-08
2.40482e-08
2.40524e-08
2.4065e-08
2.40799e-08
2.41113e-08
2.41956e-08
2.4494e-08
2.56648e-08
2.35659e-08
2.5842e-08
2.94943e-08
3.30706e-08
3.81256e-08
4.69476e-08
6.14242e-08
7.48767e-08
8.76789e-08
1.00242e-07
1.11004e-07
1.21998e-07
1.31778e-07
1.40224e-07
1.51722e-07
1.62821e-07
1.79035e-07
1.9092e-07
2.10557e-07
2.24999e-07
2.43502e-07
2.65294e-07
2.98484e-07
3.64241e-07
4.70335e-07
4.89117e-07
-2.24587e-06
-1.6335e-06
-1.63859e-08
-3.09418e-08
-3.92467e-08
-4.22857e-08
-4.61669e-08
-5.03657e-08
-5.31077e-08
-5.34135e-08
-5.30138e-08
-5.62804e-08
-5.65396e-08
-5.67762e-08
-5.69254e-08
-5.70148e-08
-5.70634e-08
-5.70827e-08
-5.70776e-08
-5.70451e-08
-5.69673e-08
-5.68783e-08
-5.4946e-08
-5.57078e-08
-5.11104e-08
-4.85372e-08
-4.40653e-08
-3.56146e-08
-2.45201e-08
-1.26678e-09
2.55537e-08
6.0061e-08
9.97141e-08
1.39399e-07
1.7407e-07
2.08066e-07
2.43258e-07
2.80307e-07
3.20775e-07
3.66823e-07
4.15654e-07
4.77462e-07
5.44215e-07
6.2836e-07
7.29001e-07
8.46391e-07
9.86403e-07
1.1525e-06
1.40977e-06
2.00718e-06
-4.10624e-07
1.76284e-07
-1.56939e-07
-1.65847e-07
-1.62604e-07
-1.62903e-07
-1.61076e-07
-1.58296e-07
-1.57171e-07
-1.5823e-07
-1.57689e-07
-1.55997e-07
-1.54437e-07
-1.54305e-07
-1.54221e-07
-1.54173e-07
-1.54153e-07
-1.54154e-07
-1.54177e-07
-1.5423e-07
-1.54333e-07
-1.5578e-07
-1.57643e-07
-1.55885e-07
-1.59204e-07
-1.61135e-07
-1.65656e-07
-1.70824e-07
-1.76589e-07
-1.94221e-07
-2.12261e-07
-2.37367e-07
-2.65366e-07
-2.96342e-07
-3.22834e-07
-3.49183e-07
-3.77924e-07
-4.09449e-07
-4.42903e-07
-4.85143e-07
-5.29506e-07
-5.87504e-07
-6.56408e-07
-7.47531e-07
-8.65704e-07
-1.01384e-06
-1.21312e-06
-1.50496e-06
-1.97387e-06
-2.86289e-06
7.81521e-06
1.03228e-05
7.52249e-07
7.32375e-07
7.23155e-07
7.18623e-07
7.12365e-07
7.09093e-07
7.07331e-07
7.06432e-07
7.05239e-07
7.04298e-07
7.00823e-07
7.00464e-07
7.0024e-07
7.00111e-07
7.0005e-07
7.00044e-07
7.00093e-07
7.0021e-07
7.00434e-07
7.03607e-07
7.04713e-07
7.0483e-07
7.07367e-07
7.12816e-07
7.20612e-07
7.29367e-07
7.41531e-07
7.57913e-07
7.67549e-07
7.71787e-07
7.63369e-07
7.46949e-07
7.25717e-07
6.98436e-07
6.71704e-07
6.3757e-07
5.96801e-07
5.49145e-07
4.85121e-07
4.09885e-07
3.08744e-07
1.84836e-07
2.39069e-08
-1.88047e-07
-4.75902e-07
-8.84198e-07
-1.55932e-06
-2.97732e-06
-5.22901e-06
-5.33455e-06
1.01012e-05
1.00882e-05
1.01044e-05
1.0116e-05
1.01255e-05
1.01308e-05
1.01343e-05
1.01367e-05
1.01383e-05
1.01394e-05
1.01414e-05
1.01418e-05
1.01421e-05
1.01423e-05
1.01423e-05
1.01423e-05
1.01423e-05
1.01421e-05
1.01419e-05
1.01401e-05
1.0139e-05
1.01369e-05
1.01332e-05
1.01246e-05
1.01097e-05
1.00828e-05
1.0033e-05
9.94691e-06
9.81748e-06
9.65447e-06
9.48643e-06
9.33252e-06
9.19617e-06
9.07638e-06
8.9634e-06
8.85667e-06
8.74945e-06
8.64211e-06
8.53533e-06
8.42962e-06
8.33397e-06
8.25514e-06
8.21237e-06
8.23436e-06
8.37583e-06
8.75092e-06
9.63301e-06
1.18632e-05
1.3511e-05
1.47545e-05
-2.58351e-08
-2.16826e-08
-2.1776e-08
-2.16289e-08
-2.1405e-08
-2.11656e-08
-2.09623e-08
-2.08043e-08
-2.0687e-08
-2.06043e-08
-2.05562e-08
-2.05177e-08
-2.04938e-08
-2.04801e-08
-2.0474e-08
-2.0474e-08
-2.04801e-08
-2.04938e-08
-2.05199e-08
-2.05611e-08
-2.06563e-08
-2.0828e-08
-2.11024e-08
-2.1466e-08
-2.18155e-08
-2.17567e-08
-2.03362e-08
-1.58291e-08
-6.41487e-09
7.7473e-09
2.426e-08
4.07105e-08
5.60289e-08
7.03296e-08
8.40834e-08
9.79684e-08
1.1239e-07
1.27768e-07
1.44431e-07
1.62421e-07
1.82208e-07
2.03557e-07
2.26589e-07
2.50998e-07
2.76435e-07
3.00812e-07
3.15528e-07
2.74701e-07
-1.1064e-07
-9.22322e-08
)
;

boundaryField
{
    top
    {
        type            zeroGradient;
    }
    bottom
    {
        type            zeroGradient;
    }
    downSlope
    {
        type            zeroGradient;
    }
    upSlope
    {
        type            zeroGradient;
    }
    sides
    {
        type            empty;
    }
}


// ************************************************************************* //
