/*--------------------------------*- C++ -*----------------------------------*\
| =========                 |                                                 |
| \\      /  F ield         | OpenFOAM: The Open Source CFD Toolbox           |
|  \\    /   O peration     | Version:  v1912                                 |
|   \\  /    A nd           | Website:  www.openfoam.com                      |
|    \\/     M anipulation  |                                                 |
\*---------------------------------------------------------------------------*/
FoamFile
{
    version     2.0;
    format      ascii;
    class       volScalarField;
    location    "31536000";
    object      errT;
}
// * * * * * * * * * * * * * * * * * * * * * * * * * * * * * * * * * * * * * //

dimensions      [0 0 0 1 0 0 0];


internalField   nonuniform List<scalar> 
4250
(
0
5.68434e-14
0
0
1.13687e-13
5.68434e-14
1.7053e-13
5.68434e-14
1.13687e-13
5.68434e-14
5.68434e-14
0
0
5.68434e-14
1.13687e-13
5.68434e-14
5.68434e-14
0
5.68434e-14
1.13687e-13
5.68434e-14
0
1.13687e-13
5.68434e-14
1.13687e-13
5.68434e-14
0
1.13687e-13
5.68434e-14
1.13687e-13
5.68434e-14
0
0
1.13687e-13
1.13687e-13
1.13687e-13
5.68434e-14
5.68434e-14
1.13687e-13
0
1.13687e-13
1.7053e-13
1.7053e-13
1.7053e-13
1.13687e-13
1.13687e-13
5.68434e-14
2.84217e-13
1.87583e-12
9.72022e-12
5.68434e-14
0
0
1.7053e-13
1.7053e-13
1.13687e-13
1.13687e-13
5.68434e-14
1.13687e-13
1.13687e-13
5.68434e-14
1.13687e-13
0
5.68434e-14
0
0
5.68434e-14
5.68434e-14
5.68434e-14
1.13687e-13
5.68434e-14
0
1.13687e-13
0
5.68434e-14
0
5.68434e-14
5.68434e-14
5.68434e-14
5.68434e-14
5.68434e-14
1.13687e-13
5.68434e-14
1.13687e-13
0
1.7053e-13
0
1.7053e-13
0
1.13687e-13
1.13687e-13
1.13687e-13
5.68434e-14
1.13687e-13
2.27374e-13
1.7053e-13
1.7053e-13
1.7053e-13
1.76215e-12
9.60654e-12
5.68434e-14
5.68434e-14
5.68434e-14
1.13687e-13
5.68434e-14
0
5.68434e-14
5.68434e-14
1.7053e-13
5.68434e-14
0
5.68434e-14
5.68434e-14
0
5.68434e-14
5.68434e-14
5.68434e-14
5.68434e-14
5.68434e-14
5.68434e-14
5.68434e-14
5.68434e-14
0
5.68434e-14
0
0
5.68434e-14
0
1.13687e-13
5.68434e-14
0
5.68434e-14
0
1.13687e-13
5.68434e-14
5.68434e-14
5.68434e-14
1.7053e-13
5.68434e-14
5.68434e-14
1.13687e-13
1.13687e-13
1.7053e-13
5.68434e-14
2.27374e-13
1.13687e-13
2.84217e-13
2.27374e-13
1.7053e-12
9.66338e-12
5.68434e-14
1.13687e-13
0
1.13687e-13
0
1.13687e-13
5.68434e-14
0
0
0
5.68434e-14
5.68434e-14
0
5.68434e-14
5.68434e-14
5.68434e-14
0
5.68434e-14
0
0
5.68434e-14
5.68434e-14
5.68434e-14
5.68434e-14
5.68434e-14
5.68434e-14
0
5.68434e-14
1.13687e-13
0
1.13687e-13
0
0
1.13687e-13
5.68434e-14
0
5.68434e-14
1.7053e-13
5.68434e-14
5.68434e-14
1.13687e-13
2.27374e-13
2.27374e-13
1.13687e-13
2.84217e-13
2.84217e-13
2.84217e-13
3.41061e-13
1.98952e-12
1.0175e-11
5.68434e-14
0
5.68434e-14
5.68434e-14
1.13687e-13
5.68434e-14
0
0
5.68434e-14
0
0
0
5.68434e-14
5.68434e-14
5.68434e-14
5.68434e-14
5.68434e-14
5.68434e-14
0
5.68434e-14
5.68434e-14
0
1.7053e-13
0
0
5.68434e-14
0
5.68434e-14
5.68434e-14
0
5.68434e-14
0
0
1.7053e-13
1.13687e-13
5.68434e-14
5.68434e-14
1.7053e-13
5.68434e-14
0
1.7053e-13
1.13687e-13
1.7053e-13
1.13687e-13
2.84217e-13
3.97904e-13
3.97904e-13
6.82121e-13
2.10321e-12
1.06866e-11
5.68434e-14
0
0
5.68434e-14
5.68434e-14
0
5.68434e-14
0
5.68434e-14
5.68434e-14
0
1.13687e-13
5.68434e-14
0
0
5.68434e-14
0
5.68434e-14
5.68434e-14
5.68434e-14
5.68434e-14
0
5.68434e-14
5.68434e-14
5.68434e-14
5.68434e-14
5.68434e-14
5.68434e-14
5.68434e-14
1.13687e-13
0
5.68434e-14
5.68434e-14
5.68434e-14
0
5.68434e-14
1.13687e-13
1.7053e-13
0
5.68434e-14
2.27374e-13
1.7053e-13
1.7053e-13
1.7053e-13
2.27374e-13
2.27374e-13
4.54747e-13
7.95808e-13
1.87583e-12
1.04592e-11
1.13687e-13
5.68434e-14
5.68434e-14
5.68434e-14
0
1.7053e-13
5.68434e-14
5.68434e-14
0
5.68434e-14
0
0
1.13687e-13
0
5.68434e-14
5.68434e-14
0
0
5.68434e-14
1.13687e-13
1.13687e-13
5.68434e-14
5.68434e-14
5.68434e-14
5.68434e-14
0
1.13687e-13
5.68434e-14
1.13687e-13
5.68434e-14
5.68434e-14
5.68434e-14
5.68434e-14
5.68434e-14
5.68434e-14
5.68434e-14
1.13687e-13
1.7053e-13
5.68434e-14
1.13687e-13
2.27374e-13
1.7053e-13
1.13687e-13
1.7053e-13
2.27374e-13
5.11591e-13
4.54747e-13
7.38964e-13
1.13687e-12
9.54969e-12
1.13687e-13
5.68434e-14
0
5.68434e-14
5.68434e-14
5.68434e-14
5.68434e-14
5.68434e-14
5.68434e-14
0
0
5.68434e-14
5.68434e-14
0
0
5.68434e-14
0
5.68434e-14
5.68434e-14
5.68434e-14
5.68434e-14
0
5.68434e-14
1.13687e-13
5.68434e-14
5.68434e-14
5.68434e-14
5.68434e-14
0
5.68434e-14
0
5.68434e-14
5.68434e-14
0
0
0
1.13687e-13
1.7053e-13
1.13687e-13
5.68434e-14
1.7053e-13
1.7053e-13
1.7053e-13
2.27374e-13
3.41061e-13
5.68434e-13
4.54747e-13
7.38964e-13
6.25278e-13
9.0381e-12
1.13687e-13
5.68434e-14
5.68434e-14
0
5.68434e-14
0
0
5.68434e-14
5.68434e-14
0
0
0
5.68434e-14
0
5.68434e-14
5.68434e-14
1.13687e-13
5.68434e-14
1.13687e-13
0
0
5.68434e-14
1.13687e-13
5.68434e-14
1.7053e-13
0
1.13687e-13
5.68434e-14
5.68434e-14
5.68434e-14
5.68434e-14
0
1.13687e-13
0
1.13687e-13
0
5.68434e-14
1.7053e-13
0
1.7053e-13
5.68434e-14
1.7053e-13
1.7053e-13
2.84217e-13
3.41061e-13
5.68434e-13
6.82121e-13
2.84217e-13
2.84217e-13
8.86757e-12
0
5.68434e-14
5.68434e-14
5.68434e-14
5.68434e-14
1.13687e-13
5.68434e-14
1.7053e-13
5.68434e-14
0
0
0
1.7053e-13
1.13687e-13
1.13687e-13
5.68434e-14
0
1.13687e-13
5.68434e-14
1.13687e-13
1.13687e-13
5.68434e-14
1.7053e-13
0
0
0
5.68434e-14
5.68434e-14
5.68434e-14
0
5.68434e-14
5.68434e-14
0
5.68434e-14
5.68434e-14
5.68434e-14
0
2.27374e-13
5.68434e-14
2.27374e-13
1.13687e-13
2.27374e-13
1.13687e-13
1.7053e-13
2.27374e-13
5.11591e-13
3.97904e-13
1.13687e-13
1.13687e-13
8.86757e-12
5.68434e-14
0
5.68434e-14
5.68434e-14
0
5.68434e-14
1.13687e-13
1.13687e-13
5.68434e-14
0
1.13687e-13
5.68434e-14
1.13687e-13
1.13687e-13
1.13687e-13
0
0
5.68434e-14
0
0
5.68434e-14
5.68434e-14
1.7053e-13
0
0
5.68434e-14
5.68434e-14
1.7053e-13
5.68434e-14
0
1.7053e-13
0
0
5.68434e-14
1.13687e-13
5.68434e-14
1.13687e-13
2.27374e-13
1.13687e-13
2.27374e-13
1.13687e-13
2.84217e-13
1.7053e-13
1.7053e-13
1.7053e-13
4.54747e-13
2.84217e-13
2.84217e-13
0
8.69704e-12
0
0
0
5.68434e-14
0
0
1.7053e-13
5.68434e-14
1.13687e-13
0
5.68434e-14
0
5.68434e-14
5.68434e-14
1.13687e-13
1.13687e-13
1.13687e-13
1.7053e-13
5.68434e-14
5.68434e-14
0
0
0
5.68434e-14
5.68434e-14
5.68434e-14
5.68434e-14
1.13687e-13
5.68434e-14
0
5.68434e-14
5.68434e-14
5.68434e-14
1.13687e-13
1.13687e-13
5.68434e-14
1.13687e-13
1.13687e-13
1.13687e-13
1.7053e-13
2.84217e-13
1.7053e-13
1.13687e-13
1.13687e-13
1.7053e-13
2.84217e-13
1.7053e-13
1.7053e-13
5.68434e-14
8.69704e-12
5.68434e-14
5.68434e-14
0
0
0
5.68434e-14
5.68434e-14
5.68434e-14
1.13687e-13
0
5.68434e-14
0
0
5.68434e-14
1.13687e-13
0
5.68434e-14
1.7053e-13
0
5.68434e-14
1.13687e-13
0
5.68434e-14
5.68434e-14
0
5.68434e-14
1.13687e-13
0
5.68434e-14
5.68434e-14
5.68434e-14
1.13687e-13
1.7053e-13
0
1.13687e-13
5.68434e-14
1.13687e-13
1.13687e-13
1.13687e-13
2.27374e-13
3.41061e-13
1.13687e-13
0
1.7053e-13
1.7053e-13
3.41061e-13
5.11591e-13
2.27374e-13
5.68434e-14
9.15179e-12
0
5.68434e-14
0
5.68434e-14
5.68434e-14
0
0
0
0
0
5.68434e-14
0
5.68434e-14
0
5.68434e-14
0
0
1.13687e-13
0
1.13687e-13
0
0
0
0
0
0
1.13687e-13
0
5.68434e-14
0
5.68434e-14
5.68434e-14
5.68434e-14
5.68434e-14
0
5.68434e-14
5.68434e-14
0
1.13687e-13
1.7053e-13
3.41061e-13
5.68434e-14
5.68434e-14
1.7053e-13
5.68434e-14
2.84217e-13
2.84217e-13
2.84217e-13
2.84217e-13
8.81073e-12
5.68434e-14
0
0
1.13687e-13
1.13687e-13
5.68434e-14
1.13687e-13
5.68434e-14
5.68434e-14
1.13687e-13
5.68434e-14
0
5.68434e-14
5.68434e-14
5.68434e-14
0
1.13687e-13
5.68434e-14
0
1.13687e-13
1.13687e-13
5.68434e-14
5.68434e-14
0
1.13687e-13
5.68434e-14
0
5.68434e-14
5.68434e-14
5.68434e-14
5.68434e-14
1.13687e-13
0
1.13687e-13
1.13687e-13
0
0
0
0
1.13687e-13
2.27374e-13
5.68434e-14
5.68434e-14
5.68434e-14
1.13687e-13
1.7053e-13
5.68434e-14
3.41061e-13
1.13687e-13
8.81073e-12
5.68434e-14
0
0
1.13687e-13
5.68434e-14
5.68434e-14
0
1.13687e-13
5.68434e-14
1.13687e-13
0
0
5.68434e-14
5.68434e-14
1.13687e-13
1.7053e-13
5.68434e-14
0
5.68434e-14
1.13687e-13
0
5.68434e-14
5.68434e-14
0
2.27374e-13
0
1.7053e-13
0
0
5.68434e-14
1.7053e-13
0
5.68434e-14
1.13687e-13
1.13687e-13
5.68434e-14
5.68434e-14
0
5.68434e-14
5.68434e-14
2.27374e-13
5.68434e-14
5.68434e-14
1.13687e-13
1.13687e-13
5.68434e-14
2.84217e-13
1.7053e-13
5.68434e-14
8.92442e-12
0
0
0
5.68434e-14
5.68434e-14
1.13687e-13
0
5.68434e-14
1.13687e-13
0
0
5.68434e-14
5.68434e-14
1.13687e-13
0
1.7053e-13
5.68434e-14
0
1.13687e-13
1.7053e-13
5.68434e-14
0
1.13687e-13
0
1.13687e-13
0
5.68434e-14
1.7053e-13
5.68434e-14
0
0
1.13687e-13
0
1.13687e-13
5.68434e-14
1.13687e-13
5.68434e-14
5.68434e-14
1.7053e-13
1.13687e-13
1.13687e-13
1.13687e-13
1.13687e-13
5.68434e-14
5.68434e-14
5.68434e-14
1.7053e-13
5.68434e-14
3.97904e-13
8.6402e-12
0
1.13687e-13
5.68434e-14
5.68434e-14
1.13687e-13
1.13687e-13
0
1.13687e-13
1.13687e-13
0
5.68434e-14
0
0
5.68434e-14
5.68434e-14
1.7053e-13
0
1.13687e-13
1.13687e-13
5.68434e-14
5.68434e-14
0
1.13687e-13
5.68434e-14
1.13687e-13
0
5.68434e-14
1.13687e-13
1.7053e-13
1.7053e-13
5.68434e-14
1.13687e-13
0
2.27374e-13
5.68434e-14
1.7053e-13
5.68434e-14
0
1.7053e-13
0
0
0
1.13687e-13
5.68434e-14
1.13687e-13
1.13687e-13
5.68434e-13
2.27374e-13
1.7053e-13
9.49285e-12
0
0
5.68434e-14
5.68434e-14
5.68434e-14
0
0
5.68434e-14
5.68434e-14
0
5.68434e-14
0
0
5.68434e-14
5.68434e-14
1.13687e-13
5.68434e-14
5.68434e-14
1.13687e-13
5.68434e-14
1.13687e-13
0
5.68434e-14
0
0
5.68434e-14
0
1.13687e-13
1.13687e-13
1.13687e-13
1.13687e-13
0
1.13687e-13
1.7053e-13
5.68434e-14
5.68434e-14
0
1.13687e-13
1.7053e-13
1.7053e-13
1.7053e-13
1.7053e-13
0
1.7053e-13
5.68434e-14
3.41061e-13
3.41061e-13
1.7053e-13
5.11591e-13
9.15179e-12
0
5.68434e-14
5.68434e-14
5.68434e-14
0
0
5.68434e-14
0
5.68434e-14
1.13687e-13
5.68434e-14
5.68434e-14
5.68434e-14
1.13687e-13
1.7053e-13
0
5.68434e-14
0
1.7053e-13
5.68434e-14
5.68434e-14
5.68434e-14
0
0
5.68434e-14
5.68434e-14
5.68434e-14
5.68434e-14
1.13687e-13
5.68434e-14
0
5.68434e-14
5.68434e-14
1.7053e-13
5.68434e-14
1.13687e-13
5.68434e-14
5.68434e-14
5.68434e-14
1.13687e-13
2.27374e-13
2.84217e-13
5.68434e-14
0
0
5.68434e-14
3.97904e-13
1.7053e-13
6.25278e-13
8.6402e-12
5.68434e-14
1.13687e-13
1.13687e-13
0
5.68434e-14
0
5.68434e-14
5.68434e-14
0
1.13687e-13
5.68434e-14
0
5.68434e-14
1.13687e-13
1.13687e-13
0
0
5.68434e-14
1.13687e-13
5.68434e-14
5.68434e-14
0
0
0
5.68434e-14
0
5.68434e-14
0
1.13687e-13
5.68434e-14
5.68434e-14
0
5.68434e-14
1.13687e-13
1.13687e-13
2.27374e-13
0
5.68434e-14
5.68434e-14
2.27374e-13
1.13687e-13
2.27374e-13
1.13687e-13
5.68434e-14
5.68434e-14
1.13687e-13
3.41061e-13
1.13687e-13
2.27374e-13
9.54969e-12
1.13687e-13
5.68434e-14
0
1.13687e-13
5.68434e-14
5.68434e-14
1.7053e-13
5.68434e-14
5.68434e-14
1.13687e-13
5.68434e-14
5.68434e-14
0
0
1.7053e-13
0
0
0
5.68434e-14
5.68434e-14
5.68434e-14
5.68434e-14
0
5.68434e-14
5.68434e-14
5.68434e-14
0
0
1.13687e-13
0
0
5.68434e-14
0
5.68434e-14
5.68434e-14
1.7053e-13
5.68434e-14
1.13687e-13
1.13687e-13
1.13687e-13
0
1.7053e-13
5.68434e-14
5.68434e-14
0
2.84217e-13
1.7053e-13
5.68434e-14
6.82121e-13
9.49285e-12
1.13687e-13
5.68434e-14
5.68434e-14
5.68434e-14
1.13687e-13
0
1.13687e-13
5.68434e-14
5.68434e-14
5.68434e-14
0
0
5.68434e-14
5.68434e-14
1.13687e-13
5.68434e-14
1.13687e-13
5.68434e-14
5.68434e-14
5.68434e-14
5.68434e-14
0
5.68434e-14
0
5.68434e-14
0
0
0
1.13687e-13
0
0
5.68434e-14
0
5.68434e-14
0
1.13687e-13
5.68434e-14
1.13687e-13
5.68434e-14
1.7053e-13
1.13687e-13
2.27374e-13
1.7053e-13
1.13687e-13
5.68434e-14
6.25278e-13
3.97904e-13
1.13687e-13
7.38964e-13
8.58336e-12
1.7053e-13
1.13687e-13
5.68434e-14
5.68434e-14
5.68434e-14
5.68434e-14
1.13687e-13
0
5.68434e-14
5.68434e-14
0
5.68434e-14
0
0
0
1.13687e-13
1.13687e-13
5.68434e-14
1.13687e-13
5.68434e-14
0
1.13687e-13
5.68434e-14
5.68434e-14
0
0
5.68434e-14
0
5.68434e-14
0
5.68434e-14
1.13687e-13
5.68434e-14
5.68434e-14
5.68434e-14
1.7053e-13
1.7053e-13
5.68434e-14
5.68434e-14
1.7053e-13
2.27374e-13
1.13687e-13
1.13687e-13
1.7053e-13
1.13687e-13
5.68434e-14
3.97904e-13
1.13687e-13
9.09495e-13
8.86757e-12
1.13687e-13
1.13687e-13
1.7053e-13
5.68434e-14
1.13687e-13
5.68434e-14
5.68434e-14
0
0
1.13687e-13
1.13687e-13
0
0
0
5.68434e-14
5.68434e-14
1.13687e-13
0
0
5.68434e-14
5.68434e-14
0
5.68434e-14
0
5.68434e-14
0
1.13687e-13
5.68434e-14
1.13687e-13
0
0
0
1.13687e-13
1.7053e-13
5.68434e-14
5.68434e-14
1.7053e-13
1.13687e-13
5.68434e-14
1.13687e-13
1.13687e-13
1.13687e-13
1.7053e-13
2.27374e-13
1.13687e-13
3.97904e-13
4.54747e-13
1.7053e-13
7.95808e-13
9.60654e-12
5.68434e-14
5.68434e-14
1.13687e-13
1.13687e-13
5.68434e-14
5.68434e-14
0
5.68434e-14
0
1.7053e-13
5.68434e-14
5.68434e-14
5.68434e-14
5.68434e-14
5.68434e-14
5.68434e-14
0
5.68434e-14
5.68434e-14
5.68434e-14
5.68434e-14
5.68434e-14
1.13687e-13
5.68434e-14
1.13687e-13
5.68434e-14
1.13687e-13
5.68434e-14
1.13687e-13
5.68434e-14
5.68434e-14
5.68434e-14
1.13687e-13
2.84217e-13
1.13687e-13
1.13687e-13
1.13687e-13
5.68434e-14
0
1.13687e-13
2.27374e-13
1.13687e-13
1.13687e-13
5.68434e-14
1.13687e-13
4.54747e-13
1.7053e-13
2.84217e-13
5.68434e-13
9.37916e-12
0
0
1.7053e-13
5.68434e-14
5.68434e-14
5.68434e-14
0
0
5.68434e-14
1.7053e-13
1.13687e-13
5.68434e-14
5.68434e-14
5.68434e-14
5.68434e-14
0
0
1.13687e-13
1.13687e-13
0
0
0
5.68434e-14
5.68434e-14
5.68434e-14
5.68434e-14
1.13687e-13
0
0
5.68434e-14
5.68434e-14
1.13687e-13
1.7053e-13
3.41061e-13
1.13687e-13
5.68434e-14
5.68434e-14
0
1.13687e-13
1.13687e-13
5.68434e-14
1.13687e-13
0
1.13687e-13
2.27374e-13
2.84217e-13
6.82121e-13
2.84217e-13
6.82121e-13
5.17275e-12
1.13687e-13
5.68434e-14
1.13687e-13
1.13687e-13
0
5.68434e-14
0
5.68434e-14
0
1.13687e-13
5.68434e-14
5.68434e-14
1.13687e-13
0
5.68434e-14
0
5.68434e-14
2.27374e-13
1.13687e-13
5.68434e-14
5.68434e-14
5.68434e-14
5.68434e-14
0
0
0
1.13687e-13
1.13687e-13
5.68434e-14
0
1.13687e-13
1.7053e-13
1.7053e-13
2.84217e-13
2.27374e-13
1.7053e-13
1.7053e-13
5.68434e-14
5.68434e-14
1.7053e-13
1.13687e-13
1.13687e-13
0
1.7053e-13
2.84217e-13
2.84217e-13
2.27374e-13
2.27374e-13
4.54747e-13
9.43601e-12
0
0
5.68434e-14
0
5.68434e-14
1.13687e-13
5.68434e-14
0
0
5.68434e-14
1.13687e-13
5.68434e-14
0
5.68434e-14
5.68434e-14
1.13687e-13
0
1.13687e-13
5.68434e-14
0
5.68434e-14
5.68434e-14
5.68434e-14
5.68434e-14
0
1.13687e-13
1.13687e-13
2.27374e-13
5.68434e-14
0
5.68434e-14
1.7053e-13
1.13687e-13
3.41061e-13
1.7053e-13
1.13687e-13
5.68434e-14
1.13687e-13
0
0
1.13687e-13
1.7053e-13
1.7053e-13
1.7053e-13
3.41061e-13
5.11591e-13
1.7053e-13
2.27374e-13
1.93268e-12
1.33014e-11
5.68434e-14
0
0
0
5.68434e-14
5.68434e-14
5.68434e-14
5.68434e-14
1.13687e-13
1.13687e-13
5.68434e-14
1.13687e-13
0
5.68434e-14
5.68434e-14
1.13687e-13
1.13687e-13
5.68434e-14
5.68434e-14
1.13687e-13
1.13687e-13
0
1.13687e-13
0
0
0
1.13687e-13
2.84217e-13
1.13687e-13
5.68434e-14
5.68434e-14
1.7053e-13
1.13687e-13
1.7053e-13
1.13687e-13
1.7053e-13
5.68434e-14
1.7053e-13
5.68434e-14
5.68434e-14
5.68434e-14
2.27374e-13
5.68434e-14
2.27374e-13
3.97904e-13
3.97904e-13
2.27374e-13
2.27374e-13
5.68434e-13
9.0381e-12
5.68434e-14
0
5.68434e-14
1.13687e-13
0
5.68434e-14
5.68434e-14
0
1.7053e-13
1.7053e-13
5.68434e-14
0
5.68434e-14
1.13687e-13
0
0
1.13687e-13
5.68434e-14
1.13687e-13
5.68434e-14
5.68434e-14
0
1.7053e-13
5.68434e-14
0
0
0
1.13687e-13
1.7053e-13
0
5.68434e-14
1.7053e-13
2.27374e-13
1.13687e-13
5.68434e-14
0
1.13687e-13
5.68434e-14
0
5.68434e-14
5.68434e-14
1.13687e-13
5.68434e-14
1.13687e-13
3.41061e-13
2.84217e-13
1.13687e-13
0
5.68434e-13
9.15179e-12
5.68434e-14
0
5.68434e-14
1.13687e-13
5.68434e-14
1.13687e-13
5.68434e-14
0
1.13687e-13
1.13687e-13
5.68434e-14
0
1.13687e-13
5.68434e-14
0
5.68434e-14
1.13687e-13
5.68434e-14
5.68434e-14
0
0
5.68434e-14
1.13687e-13
5.68434e-14
5.68434e-14
0
1.7053e-13
5.68434e-14
1.13687e-13
5.68434e-14
5.68434e-14
1.13687e-13
2.27374e-13
1.7053e-13
5.68434e-14
5.68434e-14
2.84217e-13
0
5.68434e-14
1.13687e-13
0
2.27374e-13
5.68434e-14
1.7053e-13
2.27374e-13
2.84217e-13
5.68434e-14
5.68434e-14
5.79803e-12
7.50333e-12
5.68434e-14
1.13687e-13
0
1.13687e-13
5.68434e-14
1.13687e-13
5.68434e-14
5.68434e-14
1.7053e-13
1.13687e-13
0
1.13687e-13
5.68434e-14
5.68434e-14
0
0
1.13687e-13
5.68434e-14
1.13687e-13
0
5.68434e-14
0
2.27374e-13
0
0
5.68434e-14
1.13687e-13
5.68434e-14
5.68434e-14
5.68434e-14
1.13687e-13
2.27374e-13
1.13687e-13
2.27374e-13
5.68434e-14
5.68434e-14
3.41061e-13
1.13687e-13
1.13687e-13
5.68434e-14
1.13687e-13
3.41061e-13
5.68434e-14
2.84217e-13
4.54747e-13
4.54747e-13
5.68434e-14
1.7053e-13
8.52651e-13
8.98126e-12
0
5.68434e-14
5.68434e-14
5.68434e-14
1.13687e-13
5.68434e-14
5.68434e-14
1.13687e-13
5.68434e-14
0
1.7053e-13
5.68434e-14
1.13687e-13
1.7053e-13
1.7053e-13
5.68434e-14
0
5.68434e-14
5.68434e-14
0
1.7053e-13
0
1.7053e-13
0
1.13687e-13
1.13687e-13
1.7053e-13
5.68434e-14
5.68434e-14
1.13687e-13
1.7053e-13
5.68434e-14
1.13687e-13
2.27374e-13
5.68434e-14
1.7053e-13
2.84217e-13
1.13687e-13
1.13687e-13
5.68434e-14
1.13687e-13
2.27374e-13
2.27374e-13
1.7053e-13
5.68434e-13
5.11591e-13
1.7053e-13
1.13687e-13
1.76215e-12
1.02318e-11
5.68434e-14
1.13687e-13
5.68434e-14
5.68434e-14
0
5.68434e-14
5.68434e-14
0
1.13687e-13
5.68434e-14
2.84217e-13
1.13687e-13
0
5.68434e-14
1.13687e-13
1.13687e-13
5.68434e-14
5.68434e-14
1.13687e-13
5.68434e-14
1.13687e-13
0
1.13687e-13
0
1.7053e-13
0
1.13687e-13
0
5.68434e-14
5.68434e-14
1.13687e-13
0
0
1.13687e-13
5.68434e-14
5.68434e-14
2.84217e-13
5.68434e-14
5.68434e-14
1.13687e-13
2.27374e-13
1.13687e-13
1.13687e-13
2.27374e-13
6.82121e-13
4.54747e-13
3.97904e-13
6.82121e-13
1.7053e-12
8.75389e-12
1.7053e-13
1.7053e-13
5.68434e-14
0
0
0
0
5.68434e-14
5.68434e-14
1.13687e-13
1.7053e-13
1.7053e-13
0
0
1.13687e-13
1.13687e-13
5.68434e-14
5.68434e-14
5.68434e-14
0
0
0
0
5.68434e-14
1.13687e-13
1.7053e-13
1.13687e-13
0
1.13687e-13
5.68434e-14
1.13687e-13
1.13687e-13
5.68434e-14
0
5.68434e-14
0
5.68434e-14
5.68434e-14
0
1.7053e-13
0
5.68434e-14
1.13687e-13
2.84217e-13
5.11591e-13
6.82121e-13
1.13687e-13
2.27374e-13
5.11591e-13
8.46967e-12
1.13687e-13
1.7053e-13
5.68434e-14
0
5.68434e-14
0
1.13687e-13
0
5.68434e-14
0
1.13687e-13
1.7053e-13
0
5.68434e-14
1.13687e-13
0
5.68434e-14
0
5.68434e-14
0
5.68434e-14
5.68434e-14
0
5.68434e-14
0
5.68434e-14
1.13687e-13
1.7053e-13
5.68434e-14
1.7053e-13
0
1.13687e-13
0
5.68434e-14
1.13687e-13
5.68434e-14
5.68434e-14
5.68434e-14
0
2.27374e-13
5.68434e-14
0
5.68434e-14
3.41061e-13
5.11591e-13
5.68434e-13
4.54747e-13
3.97904e-13
1.7053e-12
6.87805e-12
1.7053e-13
5.68434e-14
0
0
1.13687e-13
5.68434e-14
1.7053e-13
5.68434e-14
1.7053e-13
1.13687e-13
5.68434e-14
1.13687e-13
1.13687e-13
0
1.7053e-13
0
0
0
0
5.68434e-14
5.68434e-14
5.68434e-14
0
5.68434e-14
5.68434e-14
5.68434e-14
1.13687e-13
5.68434e-14
0
1.7053e-13
5.68434e-14
1.13687e-13
5.68434e-14
1.7053e-13
5.68434e-14
5.68434e-14
1.13687e-13
0
1.13687e-13
2.84217e-13
0
5.68434e-14
0
2.27374e-13
3.97904e-13
6.25278e-13
3.41061e-13
5.68434e-13
1.25056e-12
8.75389e-12
1.7053e-13
5.68434e-14
5.68434e-14
5.68434e-14
0
1.13687e-13
5.68434e-14
1.13687e-13
1.7053e-13
0
5.68434e-14
2.27374e-13
5.68434e-14
0
1.7053e-13
5.68434e-14
5.68434e-14
0
5.68434e-14
5.68434e-14
0
1.13687e-13
5.68434e-14
1.7053e-13
0
0
1.13687e-13
5.68434e-14
5.68434e-14
1.7053e-13
2.27374e-13
1.13687e-13
5.68434e-14
1.13687e-13
1.7053e-13
1.13687e-13
5.68434e-14
2.84217e-13
1.13687e-13
5.68434e-14
5.68434e-14
5.68434e-14
5.68434e-14
1.13687e-13
4.54747e-13
3.97904e-13
1.13687e-13
1.13687e-13
1.64846e-12
1.0516e-11
1.13687e-13
5.68434e-14
1.13687e-13
1.13687e-13
0
1.13687e-13
0
0
0
1.13687e-13
1.7053e-13
3.41061e-13
1.13687e-13
0
5.68434e-14
5.68434e-14
5.68434e-14
1.13687e-13
0
5.68434e-14
0
1.13687e-13
1.13687e-13
1.7053e-13
0
0
5.68434e-14
5.68434e-14
5.68434e-14
2.27374e-13
3.41061e-13
1.7053e-13
5.68434e-14
5.68434e-14
1.13687e-13
5.68434e-14
2.27374e-13
2.27374e-13
5.68434e-14
5.68434e-14
1.13687e-13
0
0
5.68434e-14
2.84217e-13
2.27374e-13
1.7053e-13
5.68434e-14
1.64846e-12
8.86757e-12
2.84217e-13
1.13687e-13
0
1.13687e-13
0
1.7053e-13
5.68434e-14
0
0
1.13687e-13
2.27374e-13
2.84217e-13
1.13687e-13
5.68434e-14
5.68434e-14
1.7053e-13
0
5.68434e-14
0
5.68434e-14
5.68434e-14
1.7053e-13
5.68434e-14
1.7053e-13
0
1.7053e-13
1.13687e-13
5.68434e-14
0
2.27374e-13
2.84217e-13
1.13687e-13
0
5.68434e-14
1.13687e-13
5.68434e-14
1.7053e-13
2.84217e-13
2.84217e-13
0
2.27374e-13
5.68434e-14
5.68434e-14
5.68434e-14
5.68434e-14
3.41061e-13
6.25278e-13
5.68434e-14
1.76215e-12
8.86757e-12
1.7053e-13
2.27374e-13
0
5.68434e-14
5.68434e-14
1.7053e-13
1.7053e-13
1.13687e-13
0
2.27374e-13
1.7053e-13
2.84217e-13
2.84217e-13
5.68434e-14
1.7053e-13
5.68434e-14
1.13687e-13
1.7053e-13
5.68434e-14
5.68434e-14
5.68434e-14
0
1.13687e-13
1.13687e-13
0
1.7053e-13
5.68434e-14
1.7053e-13
0
2.27374e-13
1.7053e-13
5.68434e-14
1.13687e-13
1.7053e-13
2.27374e-13
1.13687e-13
2.27374e-13
3.97904e-13
2.84217e-13
5.68434e-14
5.68434e-14
1.13687e-13
0
5.68434e-14
2.27374e-13
2.27374e-13
5.11591e-13
1.47793e-12
1.25056e-12
9.26548e-12
3.41061e-13
1.7053e-13
5.68434e-14
1.13687e-13
5.68434e-14
1.13687e-13
1.7053e-13
1.13687e-13
5.68434e-14
1.7053e-13
2.84217e-13
2.27374e-13
1.13687e-13
5.68434e-14
2.27374e-13
1.13687e-13
2.27374e-13
5.68434e-14
5.68434e-14
0
1.13687e-13
1.13687e-13
1.13687e-13
1.13687e-13
1.13687e-13
2.84217e-13
1.7053e-13
2.27374e-13
5.68434e-14
5.68434e-14
2.84217e-13
1.7053e-13
1.7053e-13
2.27374e-13
1.7053e-13
5.68434e-14
1.7053e-13
3.41061e-13
2.27374e-13
5.68434e-14
1.13687e-13
5.68434e-14
5.68434e-14
1.13687e-13
1.13687e-13
1.7053e-13
2.84217e-13
1.25056e-12
1.25056e-12
9.37916e-12
2.84217e-13
1.7053e-13
1.13687e-13
5.68434e-14
5.68434e-14
1.13687e-13
2.84217e-13
5.68434e-14
1.13687e-13
1.13687e-13
2.84217e-13
3.41061e-13
5.68434e-14
1.13687e-13
0
0
2.27374e-13
0
1.13687e-13
1.13687e-13
1.13687e-13
0
1.13687e-13
0
1.7053e-13
2.27374e-13
1.13687e-13
1.13687e-13
0
5.68434e-14
3.41061e-13
2.84217e-13
2.27374e-13
2.27374e-13
2.84217e-13
2.27374e-13
2.84217e-13
3.41061e-13
3.41061e-13
0
0
5.68434e-14
0
5.68434e-14
1.7053e-13
1.13687e-13
3.97904e-13
8.52651e-13
1.53477e-12
9.32232e-12
2.84217e-13
2.27374e-13
5.68434e-14
5.68434e-14
0
5.68434e-14
2.27374e-13
5.68434e-14
0
1.7053e-13
3.41061e-13
3.97904e-13
5.68434e-14
0
1.7053e-13
1.13687e-13
2.27374e-13
5.68434e-14
1.7053e-13
1.13687e-13
1.7053e-13
1.13687e-13
1.13687e-13
1.13687e-13
5.68434e-14
2.27374e-13
2.27374e-13
1.7053e-13
0
5.68434e-14
2.84217e-13
2.27374e-13
2.27374e-13
2.27374e-13
3.41061e-13
1.13687e-13
5.68434e-14
2.27374e-13
2.84217e-13
0
1.13687e-13
5.68434e-14
0
1.13687e-13
1.13687e-13
0
6.82121e-13
1.08002e-12
5.11591e-12
9.43601e-12
1.7053e-13
2.84217e-13
0
1.13687e-13
0
1.13687e-13
3.41061e-13
1.7053e-13
1.7053e-13
2.84217e-13
2.27374e-13
3.97904e-13
5.68434e-14
1.13687e-13
2.27374e-13
1.7053e-13
1.13687e-13
1.13687e-13
1.13687e-13
5.68434e-14
1.13687e-13
1.7053e-13
5.68434e-14
5.68434e-14
1.7053e-13
1.13687e-13
1.13687e-13
1.7053e-13
0
5.68434e-14
2.27374e-13
2.84217e-13
2.84217e-13
2.84217e-13
5.11591e-13
1.13687e-13
2.27374e-13
3.97904e-13
3.41061e-13
2.27374e-13
5.68434e-14
1.13687e-13
0
5.68434e-14
5.68434e-14
1.13687e-13
6.82121e-13
9.66338e-13
4.43379e-12
9.49285e-12
1.7053e-13
2.84217e-13
1.13687e-13
0
0
2.27374e-13
2.84217e-13
2.27374e-13
5.68434e-14
1.7053e-13
2.84217e-13
3.41061e-13
0
2.27374e-13
2.84217e-13
1.7053e-13
1.7053e-13
1.13687e-13
5.68434e-14
1.7053e-13
5.68434e-14
1.13687e-13
1.7053e-13
0
1.7053e-13
2.84217e-13
5.68434e-14
1.13687e-13
0
1.13687e-13
1.13687e-13
2.84217e-13
2.84217e-13
2.27374e-13
5.68434e-13
1.7053e-13
2.84217e-13
5.68434e-13
3.97904e-13
3.97904e-13
5.68434e-14
1.7053e-13
0
1.13687e-13
2.27374e-13
1.13687e-13
6.25278e-13
5.68434e-14
1.7053e-12
1.0175e-11
3.41061e-13
2.84217e-13
5.68434e-14
0
1.13687e-13
1.13687e-13
2.27374e-13
2.27374e-13
1.13687e-13
2.27374e-13
2.84217e-13
3.41061e-13
5.68434e-14
2.84217e-13
2.27374e-13
1.7053e-13
2.27374e-13
1.7053e-13
1.7053e-13
0
1.13687e-13
1.7053e-13
2.27374e-13
1.13687e-13
3.41061e-13
2.84217e-13
1.13687e-13
1.7053e-13
1.13687e-13
2.27374e-13
2.84217e-13
2.27374e-13
2.27374e-13
2.27374e-13
4.54747e-13
1.7053e-13
2.84217e-13
5.11591e-13
5.11591e-13
4.54747e-13
2.84217e-13
2.84217e-13
5.68434e-14
2.27374e-13
2.27374e-13
1.13687e-13
8.52651e-13
2.27374e-13
1.02318e-12
1.06866e-11
4.54747e-13
1.7053e-13
1.7053e-13
5.68434e-14
1.7053e-13
2.27374e-13
1.13687e-13
2.84217e-13
2.27374e-13
3.41061e-13
3.41061e-13
3.41061e-13
5.68434e-14
3.41061e-13
2.84217e-13
2.27374e-13
3.97904e-13
3.41061e-13
2.27374e-13
5.68434e-14
5.68434e-14
1.13687e-13
2.84217e-13
1.7053e-13
3.41061e-13
3.41061e-13
2.27374e-13
3.41061e-13
2.27374e-13
2.84217e-13
2.84217e-13
2.84217e-13
2.84217e-13
1.7053e-13
3.97904e-13
3.41061e-13
3.41061e-13
3.97904e-13
3.41061e-13
5.68434e-13
5.11591e-13
3.97904e-13
0
0
1.7053e-13
1.7053e-13
1.25056e-12
3.97904e-13
2.21689e-12
1.02318e-11
5.68434e-13
2.27374e-13
2.27374e-13
2.27374e-13
3.41061e-13
1.13687e-13
1.13687e-13
4.54747e-13
2.84217e-13
3.97904e-13
3.41061e-13
4.54747e-13
1.7053e-13
2.84217e-13
2.84217e-13
3.41061e-13
4.54747e-13
3.41061e-13
4.54747e-13
1.7053e-13
5.68434e-14
5.68434e-14
2.84217e-13
2.84217e-13
3.97904e-13
3.97904e-13
2.27374e-13
3.97904e-13
3.41061e-13
4.54747e-13
3.41061e-13
2.84217e-13
2.84217e-13
3.97904e-13
5.11591e-13
5.68434e-13
2.84217e-13
5.68434e-13
5.68434e-13
7.95808e-13
5.11591e-13
5.11591e-13
1.7053e-13
3.41061e-13
4.54747e-13
1.7053e-13
1.53477e-12
2.27374e-13
2.04636e-12
1.07434e-11
6.82121e-13
3.41061e-13
4.54747e-13
3.41061e-13
4.54747e-13
2.27374e-13
1.7053e-13
5.11591e-13
3.41061e-13
3.97904e-13
5.11591e-13
6.25278e-13
3.41061e-13
2.84217e-13
3.41061e-13
5.11591e-13
4.54747e-13
3.41061e-13
6.82121e-13
3.97904e-13
5.68434e-14
1.7053e-13
3.41061e-13
5.11591e-13
4.54747e-13
5.68434e-13
4.54747e-13
5.68434e-13
4.54747e-13
5.11591e-13
5.68434e-13
5.11591e-13
3.97904e-13
5.68434e-13
6.25278e-13
6.82121e-13
5.11591e-13
7.95808e-13
8.52651e-13
1.08002e-12
9.09495e-13
7.38964e-13
4.54747e-13
5.11591e-13
6.25278e-13
4.54747e-13
1.59162e-12
1.7053e-13
1.93268e-12
1.09708e-11
7.38964e-13
5.11591e-13
5.68434e-13
5.11591e-13
4.54747e-13
2.84217e-13
3.97904e-13
5.11591e-13
4.54747e-13
5.68434e-13
5.68434e-13
7.38964e-13
4.54747e-13
3.41061e-13
3.97904e-13
7.38964e-13
4.54747e-13
5.11591e-13
7.95808e-13
5.11591e-13
5.68434e-14
3.41061e-13
4.54747e-13
7.38964e-13
5.68434e-13
6.82121e-13
7.95808e-13
6.82121e-13
6.25278e-13
7.95808e-13
7.38964e-13
7.95808e-13
6.82121e-13
7.95808e-13
7.95808e-13
1.13687e-12
7.95808e-13
9.66338e-13
1.13687e-12
1.25056e-12
1.13687e-12
1.25056e-12
9.09495e-13
9.09495e-13
8.52651e-13
9.66338e-13
1.42109e-12
3.41061e-13
2.50111e-12
1.07434e-11
8.52651e-13
6.82121e-13
7.38964e-13
6.82121e-13
6.25278e-13
5.68434e-13
6.82121e-13
7.38964e-13
6.25278e-13
7.95808e-13
8.52651e-13
1.02318e-12
8.52651e-13
6.25278e-13
5.11591e-13
9.66338e-13
6.82121e-13
6.82121e-13
9.66338e-13
6.82121e-13
3.41061e-13
5.68434e-13
5.68434e-13
1.02318e-12
7.95808e-13
9.09495e-13
1.02318e-12
7.38964e-13
9.09495e-13
1.08002e-12
1.02318e-12
1.19371e-12
1.08002e-12
1.19371e-12
1.08002e-12
1.36424e-12
1.13687e-12
1.42109e-12
1.53477e-12
1.36424e-12
1.47793e-12
1.64846e-12
1.13687e-12
1.19371e-12
1.36424e-12
1.13687e-12
1.98952e-12
1.7053e-12
3.63798e-12
1.09708e-11
1.13687e-12
9.66338e-13
1.02318e-12
9.09495e-13
7.95808e-13
7.95808e-13
1.02318e-12
9.09495e-13
9.66338e-13
1.13687e-12
9.66338e-13
1.19371e-12
1.08002e-12
1.13687e-12
9.09495e-13
1.3074e-12
9.66338e-13
1.02318e-12
1.3074e-12
1.02318e-12
6.82121e-13
5.68434e-13
8.52651e-13
1.19371e-12
1.13687e-12
1.19371e-12
1.19371e-12
1.08002e-12
1.3074e-12
1.42109e-12
1.53477e-12
1.59162e-12
1.53477e-12
1.47793e-12
1.64846e-12
1.81899e-12
1.47793e-12
1.98952e-12
1.93268e-12
1.81899e-12
1.87583e-12
1.87583e-12
1.59162e-12
1.59162e-12
1.76215e-12
1.3074e-12
2.21689e-12
2.78533e-12
3.46745e-12
1.08002e-11
1.53477e-12
1.47793e-12
1.3074e-12
1.3074e-12
1.19371e-12
1.3074e-12
1.42109e-12
1.42109e-12
1.47793e-12
1.7053e-12
1.3074e-12
1.42109e-12
1.36424e-12
1.59162e-12
1.36424e-12
1.7053e-12
1.42109e-12
1.42109e-12
1.59162e-12
1.42109e-12
1.02318e-12
1.02318e-12
1.25056e-12
1.47793e-12
1.42109e-12
1.59162e-12
1.64846e-12
1.59162e-12
1.76215e-12
1.93268e-12
2.10321e-12
2.33058e-12
2.21689e-12
2.21689e-12
2.27374e-12
2.44427e-12
2.21689e-12
2.72848e-12
2.55795e-12
2.55795e-12
2.44427e-12
2.44427e-12
2.6148e-12
2.33058e-12
2.21689e-12
2.21689e-12
2.72848e-12
3.9222e-12
3.58114e-12
1.07434e-11
2.21689e-12
2.10321e-12
1.87583e-12
1.98952e-12
1.7053e-12
1.81899e-12
1.81899e-12
1.87583e-12
1.93268e-12
2.16005e-12
2.04636e-12
1.93268e-12
1.93268e-12
2.16005e-12
1.64846e-12
2.16005e-12
1.87583e-12
2.04636e-12
2.04636e-12
1.81899e-12
1.7053e-12
1.42109e-12
1.76215e-12
2.04636e-12
2.04636e-12
2.10321e-12
2.27374e-12
2.44427e-12
2.55795e-12
2.78533e-12
2.89901e-12
3.18323e-12
3.18323e-12
3.24007e-12
3.12639e-12
3.46745e-12
3.24007e-12
3.63798e-12
3.41061e-12
3.46745e-12
3.63798e-12
3.41061e-12
3.63798e-12
3.29692e-12
3.46745e-12
3.0127e-12
3.24007e-12
5.74119e-12
5.34328e-12
1.03455e-11
3.12639e-12
2.95586e-12
2.50111e-12
2.78533e-12
2.6148e-12
2.50111e-12
2.67164e-12
2.6148e-12
2.55795e-12
2.95586e-12
2.78533e-12
2.72848e-12
2.84217e-12
2.95586e-12
2.44427e-12
3.06954e-12
2.72848e-12
2.72848e-12
2.78533e-12
2.6148e-12
2.55795e-12
2.27374e-12
2.67164e-12
3.0127e-12
2.72848e-12
3.0127e-12
3.24007e-12
3.46745e-12
3.69482e-12
3.86535e-12
4.03588e-12
4.3201e-12
4.37694e-12
4.49063e-12
4.49063e-12
4.88853e-12
4.66116e-12
5.00222e-12
4.77485e-12
4.718e-12
4.88853e-12
5.05906e-12
5.11591e-12
5.17275e-12
5.22959e-12
4.54747e-12
4.83169e-12
7.90124e-12
8.58336e-12
8.46967e-12
4.26326e-12
4.09273e-12
3.69482e-12
3.80851e-12
3.9222e-12
3.75167e-12
3.86535e-12
3.69482e-12
3.69482e-12
3.97904e-12
3.9222e-12
3.9222e-12
3.86535e-12
4.09273e-12
3.52429e-12
4.14957e-12
3.80851e-12
3.86535e-12
4.09273e-12
3.80851e-12
3.69482e-12
3.58114e-12
3.86535e-12
4.14957e-12
4.14957e-12
4.3201e-12
4.66116e-12
5.00222e-12
5.34328e-12
5.57066e-12
5.79803e-12
6.08225e-12
5.96856e-12
6.36646e-12
6.30962e-12
6.76437e-12
6.53699e-12
6.9349e-12
6.70752e-12
6.48015e-12
6.87805e-12
7.10543e-12
7.10543e-12
6.87805e-12
6.9349e-12
6.9349e-12
7.44649e-12
1.09139e-11
9.72022e-12
9.09495e-13
6.08225e-12
5.74119e-12
5.45697e-12
5.51381e-12
5.68434e-12
5.45697e-12
5.57066e-12
5.34328e-12
5.34328e-12
5.79803e-12
5.51381e-12
5.45697e-12
5.57066e-12
5.74119e-12
5.28644e-12
5.74119e-12
5.57066e-12
5.6275e-12
5.74119e-12
5.51381e-12
5.51381e-12
5.28644e-12
5.51381e-12
5.91172e-12
6.13909e-12
6.13909e-12
6.65068e-12
7.21911e-12
7.56017e-12
7.95808e-12
8.18545e-12
8.35598e-12
8.41283e-12
8.81073e-12
9.0381e-12
9.37916e-12
9.09495e-12
9.60654e-12
9.26548e-12
9.26548e-12
9.49285e-12
9.77707e-12
9.66338e-12
9.43601e-12
9.72022e-12
9.89075e-12
1.00613e-11
1.47793e-11
1.15392e-11
4.54747e-12
8.52651e-12
8.18545e-12
7.95808e-12
7.95808e-12
8.07177e-12
7.95808e-12
8.01492e-12
7.7307e-12
7.7307e-12
8.01492e-12
7.95808e-12
7.90124e-12
7.95808e-12
8.18545e-12
7.7307e-12
8.12861e-12
7.84439e-12
7.90124e-12
8.2423e-12
7.90124e-12
8.01492e-12
7.78755e-12
7.95808e-12
8.58336e-12
8.6402e-12
8.81073e-12
9.37916e-12
1.02318e-11
1.06866e-11
1.13118e-11
1.14824e-11
1.18234e-11
1.18234e-11
1.22213e-11
1.25056e-11
1.3074e-11
1.26761e-11
1.31308e-11
1.30171e-11
1.28466e-11
1.3074e-11
1.33014e-11
1.34719e-11
1.33582e-11
1.40972e-11
1.35287e-11
1.4154e-11
1.93268e-11
1.82467e-11
6.36646e-12
1.20508e-11
1.17666e-11
1.16529e-11
1.13687e-11
1.15392e-11
1.13687e-11
1.15392e-11
1.11413e-11
1.10845e-11
1.15961e-11
1.15392e-11
1.13687e-11
1.14255e-11
1.15392e-11
1.11982e-11
1.15392e-11
1.13118e-11
1.13687e-11
1.17666e-11
1.13118e-11
1.14824e-11
1.13687e-11
1.14255e-11
1.22782e-11
1.22213e-11
1.25056e-11
1.33014e-11
1.43814e-11
1.51203e-11
1.59162e-11
1.61435e-11
1.6712e-11
1.6712e-11
1.72804e-11
1.73941e-11
1.79625e-11
1.76215e-11
1.80762e-11
1.81331e-11
1.79057e-11
1.84741e-11
1.8531e-11
1.88152e-11
1.87015e-11
1.94973e-11
1.91562e-11
2.03499e-11
2.53522e-11
2.56364e-11
5.68434e-12
1.7053e-11
1.68257e-11
1.65414e-11
1.63709e-11
1.65983e-11
1.64277e-11
1.64277e-11
1.60867e-11
1.5973e-11
1.64277e-11
1.63141e-11
1.62004e-11
1.63709e-11
1.63709e-11
1.62572e-11
1.63709e-11
1.62004e-11
1.62004e-11
1.64846e-11
1.62004e-11
1.64277e-11
1.64846e-11
1.64846e-11
1.74509e-11
1.73941e-11
1.78488e-11
1.88152e-11
2.02363e-11
2.12026e-11
2.21121e-11
2.27374e-11
2.31921e-11
2.33626e-11
2.40448e-11
2.40448e-11
2.47269e-11
2.4329e-11
2.48406e-11
2.49543e-11
2.47837e-11
2.55795e-11
2.56932e-11
2.57501e-11
2.56364e-11
2.6148e-11
2.69438e-11
2.77964e-11
3.3765e-11
3.64366e-11
1.39266e-11
2.42721e-11
2.39879e-11
2.36469e-11
2.33058e-11
2.35332e-11
2.33626e-11
2.33626e-11
2.31921e-11
2.29079e-11
2.3249e-11
2.33058e-11
2.31353e-11
2.33626e-11
2.34195e-11
2.31353e-11
2.33626e-11
2.30784e-11
2.31353e-11
2.34763e-11
2.33058e-11
2.33626e-11
2.359e-11
2.36469e-11
2.46132e-11
2.46132e-11
2.52953e-11
2.66027e-11
2.81943e-11
2.96154e-11
3.08091e-11
3.17186e-11
3.21734e-11
3.26281e-11
3.30829e-11
3.31966e-11
3.37081e-11
3.33671e-11
3.42766e-11
3.44471e-11
3.41629e-11
3.49587e-11
3.50724e-11
3.49587e-11
3.47882e-11
3.54703e-11
3.64366e-11
3.81988e-11
4.54179e-11
4.95675e-11
2.51248e-11
3.41629e-11
3.40492e-11
3.37081e-11
3.32534e-11
3.33671e-11
3.31966e-11
3.31397e-11
3.27987e-11
3.25144e-11
3.28555e-11
3.29692e-11
3.27418e-11
3.31397e-11
3.3026e-11
3.28555e-11
3.29692e-11
3.27987e-11
3.27418e-11
3.3026e-11
3.3026e-11
3.31397e-11
3.34239e-11
3.35945e-11
3.45608e-11
3.47882e-11
3.57545e-11
3.74598e-11
3.93925e-11
4.14389e-11
4.27463e-11
4.38263e-11
4.46221e-11
4.502e-11
4.55316e-11
4.5759e-11
4.63274e-11
4.63274e-11
4.6839e-11
4.74643e-11
4.68958e-11
4.78622e-11
4.75779e-11
4.75211e-11
4.76348e-11
4.83169e-11
4.91696e-11
5.28644e-11
6.13909e-11
6.66205e-11
4.11546e-11
4.80895e-11
4.7919e-11
4.77485e-11
4.70095e-11
4.69527e-11
4.67253e-11
4.67821e-11
4.64411e-11
4.60432e-11
4.62137e-11
4.63842e-11
4.61569e-11
4.66116e-11
4.66684e-11
4.62137e-11
4.66116e-11
4.63274e-11
4.64411e-11
4.66684e-11
4.66116e-11
4.67253e-11
4.71232e-11
4.74643e-11
4.84874e-11
4.89422e-11
5.03633e-11
5.24096e-11
5.49676e-11
5.7355e-11
5.92877e-11
6.07088e-11
6.15046e-11
6.19593e-11
6.2812e-11
6.2812e-11
6.36078e-11
6.34941e-11
6.40057e-11
6.45173e-11
6.39488e-11
6.49152e-11
6.4631e-11
6.44604e-11
6.48583e-11
6.53131e-11
6.72458e-11
7.12816e-11
8.29914e-11
9.2939e-11
6.23572e-11
6.74163e-11
6.70184e-11
6.68479e-11
6.59952e-11
6.59384e-11
6.54836e-11
6.56541e-11
6.52562e-11
6.48015e-11
6.50289e-11
6.51426e-11
6.4972e-11
6.52562e-11
6.53699e-11
6.49152e-11
6.53699e-11
6.50857e-11
6.53131e-11
6.55973e-11
6.54836e-11
6.55405e-11
6.61089e-11
6.66773e-11
6.77005e-11
6.87237e-11
7.0429e-11
7.29869e-11
7.61702e-11
7.94103e-11
8.17408e-11
8.33893e-11
8.42988e-11
8.50946e-11
8.57199e-11
8.58904e-11
8.67431e-11
8.64588e-11
8.7141e-11
8.7482e-11
8.67999e-11
8.80505e-11
8.74252e-11
8.70841e-11
8.68567e-11
8.80505e-11
9.03242e-11
9.63496e-11
1.11413e-10
1.28352e-10
9.04947e-11
9.35643e-11
9.33937e-11
9.30527e-11
9.20863e-11
9.19158e-11
9.14611e-11
9.14611e-11
9.09495e-11
9.04947e-11
9.07789e-11
9.07221e-11
9.05516e-11
9.08358e-11
9.112e-11
9.06653e-11
9.112e-11
9.07789e-11
9.10063e-11
9.12905e-11
9.13474e-11
9.15179e-11
9.22569e-11
9.29958e-11
9.43601e-11
9.57243e-11
9.79412e-11
1.01181e-10
1.0516e-10
1.0931e-10
1.12095e-10
1.14312e-10
1.15278e-10
1.16415e-10
1.16643e-10
1.17097e-10
1.17723e-10
1.17382e-10
1.18121e-10
1.18291e-10
1.17325e-10
1.18348e-10
1.17268e-10
1.16643e-10
1.16813e-10
1.18007e-10
1.20451e-10
1.2983e-10
1.49157e-10
1.72406e-10
1.2875e-10
1.29148e-10
1.29205e-10
1.28807e-10
1.275e-10
1.27216e-10
1.26761e-10
1.26704e-10
1.26136e-10
1.25624e-10
1.25794e-10
1.25681e-10
1.25681e-10
1.25794e-10
1.26306e-10
1.25794e-10
1.26079e-10
1.25965e-10
1.26249e-10
1.26477e-10
1.26761e-10
1.26931e-10
1.2767e-10
1.28864e-10
1.30626e-10
1.32275e-10
1.3523e-10
1.39437e-10
1.44496e-10
1.49612e-10
1.53307e-10
1.55921e-10
1.57343e-10
1.58252e-10
1.58536e-10
1.58877e-10
1.59332e-10
1.58821e-10
1.59332e-10
1.59048e-10
1.57911e-10
1.58423e-10
1.56945e-10
1.55865e-10
1.55865e-10
1.56831e-10
1.61094e-10
1.72292e-10
1.98554e-10
2.27203e-10
1.79e-10
1.77465e-10
1.77693e-10
1.77067e-10
1.75703e-10
1.75248e-10
1.7468e-10
1.74396e-10
1.7377e-10
1.73372e-10
1.73316e-10
1.73316e-10
1.73372e-10
1.73316e-10
1.7377e-10
1.73486e-10
1.73713e-10
1.736e-10
1.73998e-10
1.74339e-10
1.74623e-10
1.74964e-10
1.75817e-10
1.77408e-10
1.79568e-10
1.82069e-10
1.85878e-10
1.91221e-10
1.97986e-10
2.04182e-10
2.08786e-10
2.1214e-10
2.13277e-10
2.143e-10
2.14641e-10
2.14811e-10
2.1447e-10
2.14129e-10
2.14186e-10
2.13049e-10
2.11514e-10
2.11287e-10
2.09582e-10
2.0799e-10
2.07251e-10
2.08161e-10
2.13163e-10
2.27601e-10
2.64095e-10
2.96097e-10
2.46189e-10
2.42153e-10
2.42721e-10
2.41982e-10
2.40391e-10
2.39766e-10
2.3897e-10
2.38515e-10
2.3789e-10
2.37321e-10
2.37435e-10
2.37321e-10
2.37492e-10
2.37208e-10
2.3789e-10
2.37662e-10
2.37662e-10
2.37549e-10
2.38231e-10
2.38458e-10
2.3914e-10
2.39538e-10
2.40675e-10
2.42778e-10
2.45393e-10
2.48917e-10
2.53863e-10
2.60798e-10
2.69438e-10
2.77396e-10
2.83023e-10
2.87059e-10
2.88026e-10
2.89162e-10
2.88708e-10
2.88765e-10
2.87912e-10
2.86661e-10
2.86377e-10
2.84331e-10
2.82114e-10
2.81091e-10
2.78476e-10
2.75861e-10
2.74781e-10
2.75293e-10
2.81375e-10
2.99679e-10
3.4828e-10
3.86081e-10
3.31113e-10
3.28328e-10
3.29464e-10
3.28782e-10
3.26907e-10
3.25826e-10
3.25031e-10
3.24121e-10
3.23723e-10
3.22814e-10
3.22984e-10
3.22927e-10
3.23269e-10
3.22814e-10
3.23553e-10
3.23325e-10
3.23382e-10
3.23382e-10
3.24235e-10
3.24576e-10
3.25372e-10
3.25997e-10
3.27304e-10
3.29862e-10
3.335e-10
3.37934e-10
3.44642e-10
3.53396e-10
3.64537e-10
3.74655e-10
3.81704e-10
3.86251e-10
3.87161e-10
3.87729e-10
3.87047e-10
3.85967e-10
3.84716e-10
3.82556e-10
3.80965e-10
3.77895e-10
3.74598e-10
3.72381e-10
3.68402e-10
3.64707e-10
3.62604e-10
3.62149e-10
3.70278e-10
3.93413e-10
4.56907e-10
5.05679e-10
4.42299e-10
4.42526e-10
4.44572e-10
4.43833e-10
4.4156e-10
4.40252e-10
4.39059e-10
4.38035e-10
4.37637e-10
4.36557e-10
4.36614e-10
4.36557e-10
4.37012e-10
4.36387e-10
4.37353e-10
4.37183e-10
4.37296e-10
4.37296e-10
4.3832e-10
4.38831e-10
4.39741e-10
4.40764e-10
4.42697e-10
4.45652e-10
4.50257e-10
4.56055e-10
4.64922e-10
4.75893e-10
4.89933e-10
5.02894e-10
5.11477e-10
5.16309e-10
5.17275e-10
5.17332e-10
5.15911e-10
5.13694e-10
5.11307e-10
5.07782e-10
5.04883e-10
5.00279e-10
4.95447e-10
4.91127e-10
4.84931e-10
4.79872e-10
4.76291e-10
4.75268e-10
4.8442e-10
5.1449e-10
5.99641e-10
6.60521e-10
5.91115e-10
5.92536e-10
5.96117e-10
5.95492e-10
5.92479e-10
5.90944e-10
5.89637e-10
5.88273e-10
5.87761e-10
5.8634e-10
5.8651e-10
5.86283e-10
5.86795e-10
5.86283e-10
5.87363e-10
5.87022e-10
5.87534e-10
5.87704e-10
5.8867e-10
5.89466e-10
5.9066e-10
5.91967e-10
5.94582e-10
5.98106e-10
6.04018e-10
6.11578e-10
6.22833e-10
6.36987e-10
6.54552e-10
6.70695e-10
6.80984e-10
6.86441e-10
6.8701e-10
6.86384e-10
6.83542e-10
6.80132e-10
6.75925e-10
6.70695e-10
6.65864e-10
6.58702e-10
6.51426e-10
6.44661e-10
6.36078e-10
6.2812e-10
6.22606e-10
6.20844e-10
6.31758e-10
6.69672e-10
7.82393e-10
8.56176e-10
7.67557e-10
7.88248e-10
7.93762e-10
7.93364e-10
7.9001e-10
7.8802e-10
7.86429e-10
7.84496e-10
7.84041e-10
7.8262e-10
7.8245e-10
7.8245e-10
7.83132e-10
7.8262e-10
7.8353e-10
7.83359e-10
7.83984e-10
7.8461e-10
7.85633e-10
7.86656e-10
7.87963e-10
7.89896e-10
7.93193e-10
7.97741e-10
8.05244e-10
8.15078e-10
8.29232e-10
8.4691e-10
8.68681e-10
8.8869e-10
9.01196e-10
9.06539e-10
9.06994e-10
9.04663e-10
9.00457e-10
8.95227e-10
8.88747e-10
8.81414e-10
8.73683e-10
8.62769e-10
8.52026e-10
8.41681e-10
8.29743e-10
8.18488e-10
8.10076e-10
8.06665e-10
8.20364e-10
8.68624e-10
1.01448e-09
1.10816e-09
1.00181e-09
1.04177e-09
1.05024e-09
1.0503e-09
1.04654e-09
1.0441e-09
1.04211e-09
1.03972e-09
1.03898e-09
1.03751e-09
1.03739e-09
1.03734e-09
1.03802e-09
1.03773e-09
1.0387e-09
1.03859e-09
1.03938e-09
1.04018e-09
1.04131e-09
1.04285e-09
1.04433e-09
1.047e-09
1.05126e-09
1.05706e-09
1.06644e-09
1.07912e-09
1.09691e-09
1.11902e-09
1.14596e-09
1.16989e-09
1.18467e-09
1.19007e-09
1.18911e-09
1.18456e-09
1.17859e-09
1.17109e-09
1.16222e-09
1.15136e-09
1.14005e-09
1.12453e-09
1.10902e-09
1.09281e-09
1.0757e-09
1.05968e-09
1.04757e-09
1.04222e-09
1.05877e-09
1.12044e-09
1.3103e-09
1.43393e-09
1.31871e-09
1.36839e-09
1.38056e-09
1.38169e-09
1.37726e-09
1.37396e-09
1.37175e-09
1.36868e-09
1.36794e-09
1.36629e-09
1.36606e-09
1.366e-09
1.36691e-09
1.3668e-09
1.36788e-09
1.36805e-09
1.3689e-09
1.36987e-09
1.37129e-09
1.37322e-09
1.3755e-09
1.37885e-09
1.38402e-09
1.39136e-09
1.40307e-09
1.41893e-09
1.44109e-09
1.46906e-09
1.50203e-09
1.53091e-09
1.54751e-09
1.55194e-09
1.54847e-09
1.54148e-09
1.53273e-09
1.5221e-09
1.50982e-09
1.49493e-09
1.47855e-09
1.45747e-09
1.43478e-09
1.4104e-09
1.38596e-09
1.36316e-09
1.34577e-09
1.33821e-09
1.35867e-09
1.43768e-09
1.68347e-09
1.84548e-09
1.72645e-09
1.78596e-09
1.80273e-09
1.80495e-09
1.80052e-09
1.79591e-09
1.79352e-09
1.78994e-09
1.78892e-09
1.78733e-09
1.78693e-09
1.78699e-09
1.78795e-09
1.78795e-09
1.78898e-09
1.78949e-09
1.79068e-09
1.79205e-09
1.79392e-09
1.7962e-09
1.79892e-09
1.80324e-09
1.81018e-09
1.8191e-09
1.83383e-09
1.85372e-09
1.88123e-09
1.91613e-09
1.9561e-09
1.99026e-09
2.00845e-09
2.01038e-09
2.00419e-09
1.99265e-09
1.98014e-09
1.96491e-09
1.94831e-09
1.92887e-09
1.90619e-09
1.87811e-09
1.84656e-09
1.81205e-09
1.77545e-09
1.74265e-09
1.71747e-09
1.70803e-09
1.73333e-09
1.83798e-09
2.15584e-09
2.36889e-09
2.29113e-09
2.31501e-09
2.33831e-09
2.34132e-09
2.33678e-09
2.33183e-09
2.32853e-09
2.32438e-09
2.32308e-09
2.32137e-09
2.32097e-09
2.3212e-09
2.32234e-09
2.32239e-09
2.32347e-09
2.32444e-09
2.32586e-09
2.32785e-09
2.33024e-09
2.33308e-09
2.33649e-09
2.34184e-09
2.35025e-09
2.36236e-09
2.37975e-09
2.40476e-09
2.43887e-09
2.48178e-09
2.53016e-09
2.56983e-09
2.58996e-09
2.58888e-09
2.57779e-09
2.56023e-09
2.54192e-09
2.52106e-09
2.49918e-09
2.47383e-09
2.44484e-09
2.40897e-09
2.3681e-09
2.32234e-09
2.27175e-09
2.2236e-09
2.18614e-09
2.17307e-09
2.21155e-09
2.35633e-09
2.78482e-09
3.09313e-09
3.12707e-09
2.98041e-09
3.01168e-09
3.01674e-09
3.01151e-09
3.00554e-09
3.00105e-09
2.9961e-09
2.99474e-09
2.99286e-09
2.99275e-09
2.99309e-09
2.99423e-09
2.99491e-09
2.99599e-09
2.99735e-09
2.99923e-09
3.00167e-09
3.00463e-09
3.00815e-09
3.01304e-09
3.01964e-09
3.03004e-09
3.04459e-09
3.06648e-09
3.09757e-09
3.13946e-09
3.19233e-09
3.25139e-09
3.29914e-09
3.32085e-09
3.31687e-09
3.30004e-09
3.27617e-09
3.25139e-09
3.22461e-09
3.1954e-09
3.16345e-09
3.12741e-09
3.08557e-09
3.0368e-09
2.98382e-09
2.92346e-09
2.86354e-09
2.81381e-09
2.793e-09
2.84587e-09
3.05886e-09
3.68198e-09
4.3853e-09
4.52758e-09
3.84972e-09
3.87894e-09
3.88565e-09
3.88036e-09
3.87251e-09
3.86683e-09
3.86132e-09
3.85933e-09
3.85791e-09
3.85711e-09
3.85762e-09
3.85882e-09
3.86007e-09
3.86143e-09
3.86325e-09
3.86581e-09
3.86882e-09
3.87257e-09
3.87712e-09
3.88314e-09
3.89133e-09
3.90435e-09
3.92271e-09
3.94982e-09
3.98711e-09
4.03759e-09
4.1012e-09
4.17032e-09
4.22176e-09
4.23859e-09
4.22477e-09
4.19482e-09
4.15724e-09
4.11802e-09
4.07749e-09
4.03395e-09
3.9862e-09
3.93248e-09
3.87115e-09
3.80385e-09
3.72768e-09
3.64582e-09
3.56255e-09
3.48768e-09
3.43852e-09
3.45949e-09
3.67072e-09
4.47346e-09
7.15107e-09
7.06092e-09
4.96652e-09
5.00791e-09
5.02149e-09
5.01791e-09
5.01035e-09
5.00512e-09
5.00023e-09
4.99739e-09
4.99631e-09
4.99648e-09
4.99745e-09
4.99909e-09
5.00091e-09
5.00273e-09
5.00506e-09
5.00836e-09
5.01245e-09
5.01728e-09
5.02291e-09
5.03059e-09
5.04008e-09
5.05645e-09
5.07862e-09
5.11096e-09
5.15479e-09
5.21345e-09
5.28632e-09
5.35783e-09
5.40155e-09
5.3966e-09
5.34914e-09
5.2803e-09
5.20578e-09
5.12892e-09
5.04957e-09
4.96613e-09
4.87245e-09
4.76774e-09
4.64865e-09
4.51519e-09
4.36347e-09
4.19664e-09
4.01553e-09
3.83318e-09
3.66339e-09
3.54669e-09
3.57625e-09
4.11387e-09
9.86086e-09
9.26053e-09
6.43337e-09
6.50778e-09
6.52801e-09
6.52511e-09
6.51619e-09
6.50908e-09
6.50363e-09
6.50078e-09
6.49885e-09
6.49976e-09
6.50004e-09
6.50209e-09
6.50459e-09
6.50715e-09
6.51045e-09
6.51477e-09
6.51994e-09
6.52597e-09
6.53358e-09
6.5441e-09
6.55723e-09
6.57764e-09
6.60663e-09
6.64886e-09
6.7073e-09
6.78415e-09
6.87953e-09
6.97861e-09
7.04352e-09
7.04949e-09
7.00214e-09
6.92967e-09
6.84804e-09
6.76357e-09
6.67671e-09
6.58599e-09
6.48328e-09
6.37124e-09
6.24311e-09
6.10129e-09
5.94542e-09
5.78063e-09
5.61374e-09
5.46294e-09
5.36056e-09
5.38955e-09
5.69787e-09
6.76215e-09
6.38721e-09
5.19361e-09
7.65931e-09
7.7705e-09
7.80244e-09
7.80398e-09
7.79846e-09
7.79147e-09
7.78624e-09
7.78448e-09
7.78357e-09
7.78425e-09
7.78692e-09
7.78954e-09
7.79278e-09
7.79613e-09
7.80028e-09
7.80551e-09
7.81165e-09
7.81898e-09
7.82796e-09
7.83865e-09
7.85474e-09
7.87776e-09
7.91215e-09
7.95876e-09
8.02368e-09
8.10923e-09
8.21365e-09
8.32438e-09
8.3989e-09
8.41192e-09
8.37645e-09
8.32114e-09
8.25827e-09
8.1987e-09
8.13856e-09
8.08262e-09
8.0214e-09
7.96155e-09
7.9001e-09
7.84297e-09
7.80062e-09
7.78465e-09
7.81921e-09
7.93938e-09
8.21899e-09
8.81772e-09
1.0104e-08
1.32472e-08
8.96358e-09
7.65732e-09
4.63217e-10
5.50813e-10
5.87193e-10
6.05837e-10
6.18968e-10
6.27381e-10
6.33008e-10
6.3784e-10
6.41478e-10
6.44548e-10
6.48527e-10
6.50857e-10
6.52904e-10
6.54722e-10
6.56598e-10
6.58815e-10
6.61373e-10
6.63988e-10
6.67001e-10
6.68933e-10
6.72628e-10
6.77289e-10
6.82235e-10
6.85645e-10
6.87976e-10
6.89624e-10
6.89397e-10
6.87407e-10
6.81837e-10
6.72458e-10
6.67001e-10
6.68649e-10
6.75016e-10
6.87749e-10
7.02471e-10
7.25151e-10
7.52095e-10
7.86827e-10
8.33154e-10
8.9176e-10
9.73785e-10
1.08082e-09
1.22731e-09
1.42836e-09
1.71639e-09
2.15556e-09
2.91436e-09
4.53286e-09
3.44022e-09
3.08057e-09
3.24547e-09
3.22666e-09
3.21171e-09
3.19631e-09
3.18346e-09
3.1734e-09
3.16629e-09
3.16106e-09
3.15765e-09
3.15555e-09
3.15418e-09
3.1535e-09
3.15339e-09
3.15345e-09
3.15379e-09
3.15447e-09
3.15521e-09
3.15623e-09
3.15799e-09
3.16061e-09
3.16481e-09
3.17186e-09
3.18357e-09
3.2021e-09
3.22979e-09
3.26838e-09
3.31744e-09
3.37059e-09
3.41271e-09
3.43096e-09
3.42635e-09
3.40782e-09
3.38252e-09
3.35473e-09
3.32443e-09
3.29112e-09
3.25394e-09
3.21245e-09
3.16527e-09
3.11269e-09
3.05482e-09
2.99372e-09
2.93301e-09
2.88031e-09
2.84905e-09
2.86991e-09
3.01259e-09
3.48706e-09
3.72148e-09
3.53037e-09
)
;

boundaryField
{
    top
    {
        type            zeroGradient;
    }
    bottom
    {
        type            zeroGradient;
    }
    downSlope
    {
        type            zeroGradient;
    }
    upSlope
    {
        type            zeroGradient;
    }
    sides
    {
        type            empty;
    }
}


// ************************************************************************* //
