/*--------------------------------*- C++ -*----------------------------------*\
| =========                 |                                                 |
| \\      /  F ield         | OpenFOAM: The Open Source CFD Toolbox           |
|  \\    /   O peration     | Version:  v1912                                 |
|   \\  /    A nd           | Website:  www.openfoam.com                      |
|    \\/     M anipulation  |                                                 |
\*---------------------------------------------------------------------------*/
FoamFile
{
    version     2.0;
    format      ascii;
    class       surfaceScalarField;
    location    "31536000";
    object      gradT;
}
// * * * * * * * * * * * * * * * * * * * * * * * * * * * * * * * * * * * * * //

dimensions      [0 -1 0 1 0 0 0];
oriented        oriented;


internalField   nonuniform List<scalar> 
8365
(
0.161966
-0.131803
0.152624
-0.114002
0.124765
-0.112545
0.0972796
-0.113157
0.0745719
-0.114221
0.0562369
-0.115201
0.0421456
-0.116116
0.0316618
-0.11691
0.0241381
-0.117586
0.0190804
-0.11817
0.0161391
-0.11869
0.0150605
-0.119177
0.0156203
-0.119656
0.0175829
-0.120153
0.0206184
-0.120691
0.0242464
-0.121288
0.0277553
-0.121957
0.0301702
-0.122703
0.0303096
-0.123534
0.0269945
-0.124466
0.01942
-0.125542
0.00807481
-0.12688
-0.00644148
-0.128442
-0.0289359
-0.129548
-0.0593568
-0.130416
-0.0881564
-0.127509
-0.091495
-0.0979986
-0.0806624
-0.0973638
-0.0742845
-0.0947504
-0.070642
-0.0925014
-0.0684194
-0.0903817
-0.0664091
-0.0883132
-0.0636697
-0.0862768
-0.0595987
-0.0842931
-0.0539316
-0.0823982
-0.0466843
-0.0806298
-0.0380517
-0.0790225
-0.0282904
-0.077611
-0.0176056
-0.0764227
-0.00605776
-0.075485
0.00650707
-0.0748212
0.0204903
-0.0744489
0.0365342
-0.0743735
0.0553878
-0.0745879
0.0774037
-0.0750204
0.101243
-0.0754528
0.121523
-0.0754036
0.127348
-0.0741767
0.0987004
-0.0706821
-0.0626188
0.136187
-0.252328
0.128081
-0.225434
0.100707
-0.222876
0.0734645
-0.224217
0.0509132
-0.22633
0.0326656
-0.228292
0.0186147
-0.230108
0.0081378
-0.23168
0.000592305
-0.233018
-0.00451501
-0.234172
-0.00753501
-0.235201
-0.00872243
-0.236162
-0.00830237
-0.237105
-0.00650866
-0.238085
-0.00366553
-0.239144
-0.000241626
-0.240321
0.00306949
-0.24164
0.0053155
-0.243113
0.00533571
-0.244754
0.00196105
-0.246598
-0.00564303
-0.248711
-0.0169976
-0.251314
-0.0312855
-0.25433
-0.0532693
-0.256334
-0.0821762
-0.256795
-0.104967
-0.24612
-0.109128
-0.198147
-0.0977697
-0.192498
-0.0910131
-0.187357
-0.0869928
-0.182929
-0.0844009
-0.178775
-0.082045
-0.174716
-0.0790001
-0.170728
-0.074675
-0.166842
-0.0688113
-0.16313
-0.0614272
-0.159665
-0.0527181
-0.156519
-0.0429409
-0.153753
-0.0323051
-0.15142
-0.0208788
-0.149581
-0.00851921
-0.148277
0.005161
-0.147545
0.0207901
-0.147391
0.0391218
-0.147804
0.0605734
-0.148654
0.0840014
-0.149516
0.104374
-0.149458
0.111394
-0.147132
0.0863069
-0.140461
-0.125609
0.115803
-0.352557
0.10741
-0.331749
0.0797245
-0.329855
0.0521265
-0.332789
0.0292847
-0.33601
0.0107672
-0.339127
-0.0035062
-0.341878
-0.0141678
-0.34422
-0.0218709
-0.346211
-0.0271179
-0.347929
-0.0302678
-0.349457
-0.0315812
-0.350883
-0.0312886
-0.352281
-0.0296265
-0.353731
-0.0269201
-0.355298
-0.0236354
-0.35704
-0.0204617
-0.35899
-0.0183474
-0.361169
-0.0184552
-0.363595
-0.0219621
-0.366317
-0.0297404
-0.369364
-0.0412968
-0.372943
-0.0555152
-0.376887
-0.0769212
-0.378665
-0.103214
-0.373398
-0.120048
-0.347591
-0.127559
-0.297417
-0.115571
-0.285118
-0.108352
-0.277406
-0.103911
-0.270868
-0.100925
-0.264765
-0.0982042
-0.258806
-0.0948219
-0.252958
-0.0901891
-0.247255
-0.0840486
-0.241815
-0.0764196
-0.236739
-0.0674998
-0.232126
-0.0575511
-0.22807
-0.0467906
-0.224656
-0.0352928
-0.221959
-0.0229228
-0.220047
-0.0092976
-0.218968
0.006209
-0.218743
0.0243718
-0.219351
0.0456841
-0.2206
0.069177
-0.221898
0.0900674
-0.221862
0.0984368
-0.218507
0.0763885
-0.208868
-0.188275
0.097162
-0.438719
0.0878766
-0.428356
0.059382
-0.430358
0.0312997
-0.437196
0.00808714
-0.441984
-0.0107375
-0.4471
-0.025227
-0.45098
-0.0360597
-0.454093
-0.0439091
-0.456732
-0.0492873
-0.459006
-0.052561
-0.461027
-0.0539968
-0.462907
-0.0538304
-0.46475
-0.0523006
-0.466658
-0.0497331
-0.468718
-0.046591
-0.471005
-0.0435582
-0.473565
-0.0415792
-0.476423
-0.0418189
-0.4796
-0.0454398
-0.483151
-0.0533051
-0.486809
-0.0648927
-0.490191
-0.0785574
-0.493576
-0.0980043
-0.490525
-0.120033
-0.473602
-0.133375
-0.436905
-0.144811
-0.39368
-0.132598
-0.375063
-0.124967
-0.364698
-0.120137
-0.356128
-0.116779
-0.348148
-0.113714
-0.340382
-0.110015
-0.332761
-0.105101
-0.325338
-0.0987105
-0.318257
-0.0908653
-0.311647
-0.0817651
-0.305638
-0.071677
-0.300359
-0.0608232
-0.295914
-0.0492853
-0.292402
-0.0369342
-0.289913
-0.0233921
-0.2885
-0.00803304
-0.288203
0.00994312
-0.288998
0.0311113
-0.290635
0.0547014
-0.292376
0.0761944
-0.292372
0.0860501
-0.288005
0.0672247
-0.275629
-0.25022
0.0794959
-0.522347
0.0699371
-0.50916
0.0400431
-0.522153
0.0114928
-0.532364
-0.0124027
-0.541055
-0.0316055
-0.549978
-0.0463081
-0.555404
-0.0573042
-0.559359
-0.0652925
-0.562683
-0.0707956
-0.565533
-0.0741884
-0.568055
-0.0757433
-0.57039
-0.0757018
-0.57267
-0.0743043
-0.575024
-0.071877
-0.57756
-0.0688788
-0.580369
-0.0659873
-0.583505
-0.0641409
-0.586986
-0.0645056
-0.590818
-0.0681653
-0.595045
-0.0757941
-0.598711
-0.0870153
-0.599069
-0.0991263
-0.599831
-0.115474
-0.588224
-0.134037
-0.564346
-0.146669
-0.52772
-0.160796
-0.48626
-0.148824
-0.462263
-0.140851
-0.449204
-0.135663
-0.438671
-0.131957
-0.428907
-0.128567
-0.419414
-0.124573
-0.410102
-0.1194
-0.401049
-0.112785
-0.392394
-0.104751
-0.384334
-0.0954996
-0.377006
-0.0853003
-0.370558
-0.0743818
-0.365126
-0.0628323
-0.36084
-0.0505267
-0.357791
-0.0370927
-0.356064
-0.0219033
-0.355688
-0.00413087
-0.356654
0.0168853
-0.358681
0.0406062
-0.360867
0.0627862
-0.360849
0.0742339
-0.355519
0.0587455
-0.340686
-0.311295
0.0637933
-0.601427
0.0532403
-0.57918
0.0224181
-0.601117
-0.0069552
-0.616687
-0.0317467
-0.631483
-0.051124
-0.642387
-0.0660194
-0.649418
-0.0772091
-0.654714
-0.0853545
-0.659056
-0.0909921
-0.662691
-0.0945086
-0.665834
-0.0961848
-0.668691
-0.0962698
-0.671442
-0.0950059
-0.674257
-0.0927194
-0.677266
-0.0898622
-0.680571
-0.0871006
-0.684209
-0.0853568
-0.688145
-0.0857835
-0.692262
-0.0893311
-0.696421
-0.096305
-0.699786
-0.106814
-0.698545
-0.116542
-0.691924
-0.130632
-0.677145
-0.147555
-0.653086
-0.159835
-0.616276
-0.175625
-0.575561
-0.164248
-0.546724
-0.156018
-0.530985
-0.150506
-0.518544
-0.146474
-0.507074
-0.142779
-0.495956
-0.138511
-0.485037
-0.133099
-0.474418
-0.126284
-0.464278
-0.118086
-0.454824
-0.108709
-0.446244
-0.0984245
-0.438684
-0.0874686
-0.432321
-0.0759309
-0.427286
-0.063695
-0.423688
-0.0503903
-0.421652
-0.0353914
-0.421202
-0.0178422
-0.422328
0.00301406
-0.424757
0.0269057
-0.427367
0.0498359
-0.427307
0.0629334
-0.421224
0.0508337
-0.404357
-0.371763
0.0500228
-0.676236
0.0374072
-0.648354
0.0064026
-0.66924
-0.024042
-0.692115
-0.0491613
-0.710383
-0.0685967
-0.722319
-0.0837756
-0.731901
-0.0952351
-0.739425
-0.103579
-0.745278
-0.109372
-0.749973
-0.113022
-0.753889
-0.114825
-0.757347
-0.11504
-0.760613
-0.113912
-0.763908
-0.111766
-0.76739
-0.109041
-0.771175
-0.106382
-0.775253
-0.104672
-0.779493
-0.105006
-0.783501
-0.108265
-0.786616
-0.114555
-0.788407
-0.12375
-0.787498
-0.13185
-0.774285
-0.144867
-0.761017
-0.160584
-0.737544
-0.172576
-0.701946
-0.189403
-0.661628
-0.178886
-0.628476
-0.170492
-0.610115
-0.16469
-0.595821
-0.160357
-0.58273
-0.156375
-0.570064
-0.151852
-0.557621
-0.14622
-0.545516
-0.139228
-0.533966
-0.13089
-0.523198
-0.121409
-0.513407
-0.111066
-0.504799
-0.100095
-0.497538
-0.0885899
-0.491785
-0.0764454
-0.487666
-0.0632902
-0.485307
-0.0485018
-0.48479
-0.0311991
-0.486094
-0.0105074
-0.488935
0.0135893
-0.49196
0.0372897
-0.49191
0.0520418
-0.485365
0.043337
-0.467062
-0.431919
0.0373727
-0.746736
0.0225303
-0.715432
-0.00884733
-0.734908
-0.039562
-0.759863
-0.0645814
-0.778897
-0.0843606
-0.794177
-0.0998858
-0.806682
-0.111586
-0.816142
-0.1201
-0.823246
-0.126023
-0.828786
-0.129789
-0.833326
-0.131707
-0.83728
-0.132044
-0.840979
-0.131045
-0.84469
-0.129034
-0.848598
-0.126435
-0.852847
-0.123865
-0.857402
-0.122144
-0.862074
-0.122269
-0.866282
-0.125085
-0.868838
-0.130801
-0.868595
-0.138381
-0.865782
-0.146229
-0.853109
-0.158339
-0.840198
-0.173106
-0.817886
-0.184812
-0.784373
-0.202207
-0.74447
-0.192758
-0.707545
-0.184299
-0.686652
-0.178247
-0.670596
-0.173635
-0.65597
-0.169383
-0.641826
-0.164621
-0.627941
-0.158792
-0.614425
-0.151643
-0.601541
-0.143184
-0.589523
-0.133623
-0.578577
-0.123241
-0.56896
-0.112275
-0.560838
-0.100824
-0.554396
-0.0887895
-0.549776
-0.0758061
-0.547117
-0.0612528
-0.546549
-0.0442206
-0.548087
-0.023697
-0.551325
0.000624926
-0.554782
0.025078
-0.554824
0.0414455
-0.548162
0.0361438
-0.528917
-0.491725
0.0256798
-0.81326
0.00829912
-0.779888
-0.0234701
-0.798522
-0.0538695
-0.823547
-0.0789853
-0.843747
-0.0990575
-0.861114
-0.114704
-0.874911
-0.126465
-0.885158
-0.135033
-0.89283
-0.141016
-0.898805
-0.144852
-0.903721
-0.146854
-0.907998
-0.147293
-0.912008
-0.14641
-0.91604
-0.14453
-0.920313
-0.142057
-0.924972
-0.139586
-0.930025
-0.137886
-0.935255
-0.137854
-0.940115
-0.140248
-0.943306
-0.145414
-0.94303
-0.151983
-0.938965
-0.159919
-0.928397
-0.171192
-0.915637
-0.185201
-0.894551
-0.196523
-0.863363
-0.214113
-0.824114
-0.205892
-0.783998
-0.197468
-0.760681
-0.191204
-0.742944
-0.186336
-0.726869
-0.181833
-0.711349
-0.17685
-0.696101
-0.170844
-0.681251
-0.163555
-0.667102
-0.154993
-0.653865
-0.145374
-0.641849
-0.13497
-0.631253
-0.124028
-0.62231
-0.11265
-0.615191
-0.100744
-0.610079
-0.0879592
-0.607168
-0.073674
-0.606607
-0.0569303
-0.608451
-0.0365807
-0.612081
-0.012024
-0.615957
0.0131252
-0.61621
0.0310583
-0.609922
0.0291957
-0.590004
-0.551093
0.0148042
-0.876208
-0.00532237
-0.841514
-0.0375326
-0.859963
-0.0676405
-0.884651
-0.0928546
-0.906128
-0.112914
-0.924554
-0.12844
-0.938796
-0.14012
-0.94939
-0.148662
-0.957398
-0.154659
-0.96371
-0.158534
-0.968938
-0.1606
-0.973488
-0.161126
-0.977778
-0.160351
-0.982091
-0.158593
-0.986671
-0.156246
-0.991689
-0.153882
-0.997169
-0.152239
-1.00289
-0.152148
-1.00837
-0.154284
-1.01246
-0.159034
-1.01319
-0.165085
-1.00908
-0.172983
-1.0004
-0.18354
-0.987895
-0.196915
-0.967975
-0.207725
-0.938897
-0.225203
-0.900622
-0.21832
-0.857888
-0.210028
-0.832307
-0.203593
-0.812955
-0.198493
-0.795538
-0.193755
-0.778708
-0.188567
-0.762158
-0.182401
-0.746065
-0.174987
-0.730702
-0.166345
-0.71634
-0.156681
-0.703275
-0.146275
-0.691761
-0.135373
-0.682016
-0.124085
-0.674252
-0.112334
-0.6687
-0.0997789
-0.665574
-0.0857985
-0.665127
-0.0693539
-0.667311
-0.0491838
-0.671339
-0.0244032
-0.675638
0.00134372
-0.676356
0.0208282
-0.670749
0.0224576
-0.650343
-0.609973
0.00463952
-0.935953
-0.0183766
-0.900362
-0.0510761
-0.919066
-0.0810457
-0.943616
-0.106265
-0.966269
-0.126133
-0.985247
-0.141458
-0.999713
-0.153024
-1.01062
-0.161524
-1.01897
-0.167525
-1.02563
-0.171429
-1.03115
-0.173556
-1.03598
-0.174164
-1.04055
-0.173489
-1.04511
-0.17185
-1.04997
-0.169624
-1.05531
-0.167361
-1.06116
-0.165775
-1.06731
-0.165654
-1.07329
-0.167619
-1.07813
-0.172018
-1.08003
-0.1778
-1.07665
-0.185493
-1.0693
-0.195453
-1.0573
-0.208262
-1.03849
-0.218462
-1.01111
-0.235552
-0.974048
-0.230075
-0.929256
-0.222005
-0.901585
-0.215444
-0.880708
-0.210132
-0.862041
-0.205173
-0.843964
-0.199798
-0.826212
-0.193486
-0.808927
-0.185966
-0.792417
-0.17726
-0.77701
-0.167569
-0.762948
-0.157176
-0.750544
-0.146331
-0.740057
-0.135156
-0.731687
-0.123588
-0.72575
-0.111304
-0.722503
-0.0976564
-0.722264
-0.081514
-0.724793
-0.0615292
-0.729182
-0.0365675
-0.733942
-0.0103164
-0.735374
0.0107351
-0.730632
0.0159054
-0.709862
-0.668368
-0.00489894
-0.99278
-0.0309036
-0.956577
-0.0641351
-0.97577
-0.0941088
-1.00055
-0.119229
-1.02415
-0.138839
-1.04347
-0.15397
-1.05824
-0.165431
-1.06954
-0.173898
-1.07828
-0.179898
-1.08531
-0.183829
-1.09112
-0.186015
-1.09623
-0.186698
-1.10104
-0.186124
-1.10586
-0.184599
-1.11101
-0.182489
-1.11663
-0.180321
-1.12279
-0.178785
-1.12931
-0.178637
-1.13572
-0.18046
-1.14112
-0.184529
-1.14399
-0.190115
-1.14168
-0.197515
-1.13526
-0.20697
-1.12403
-0.219238
-1.10631
-0.228775
-1.08018
-0.245233
-1.04447
-0.24119
-0.998146
-0.233425
-0.968571
-0.226782
-0.94629
-0.221274
-0.926422
-0.216115
-0.907222
-0.210568
-0.888346
-0.204124
-0.869943
-0.196517
-0.85235
-0.18776
-0.83592
-0.178059
-0.820955
-0.167697
-0.807709
-0.156927
-0.796507
-0.145893
-0.787606
-0.134542
-0.781344
-0.122574
-0.778119
-0.109274
-0.77816
-0.0934278
-0.781017
-0.0736391
-0.785723
-0.0485549
-0.790974
-0.0218748
-0.7933
0.000771337
-0.789559
0.00951176
-0.768577
-0.726196
-0.0138755
-1.04687
-0.0429348
-1.01028
-0.0767442
-1.03009
-0.106808
-1.05543
-0.131747
-1.07977
-0.151101
-1.09939
-0.166066
-1.11458
-0.177437
-1.12635
-0.185871
-1.13553
-0.191864
-1.14289
-0.195822
-1.14901
-0.198059
-1.15439
-0.198815
-1.15942
-0.19834
-1.16449
-0.196925
-1.16989
-0.194928
-1.17577
-0.192852
-1.18223
-0.191363
-1.18909
-0.191183
-1.19588
-0.19287
-1.2017
-0.196628
-1.20528
-0.202001
-1.20413
-0.209099
-1.19844
-0.218115
-1.18821
-0.229834
-1.17158
-0.238705
-1.14635
-0.254318
-1.11204
-0.251701
-1.06465
-0.244318
-1.03335
-0.237631
-1.00978
-0.231952
-0.988809
-0.22661
-0.968575
-0.220905
-0.948629
-0.214344
-0.929204
-0.206661
-0.910593
-0.19787
-0.893176
-0.188174
-0.877347
-0.17786
-0.863333
-0.167187
-0.851472
-0.156321
-0.842092
-0.145237
-0.835621
-0.133622
-0.83256
-0.120671
-0.832939
-0.10511
-0.836048
-0.0855324
-0.841057
-0.0603989
-0.846789
-0.0333524
-0.850356
-0.00907321
-0.847535
0.00326647
-0.826419
-0.783303
-0.022341
-1.09839
-0.0544995
-1.06162
-0.0889372
-1.08213
-0.119123
-1.10826
-0.143834
-1.13316
-0.162959
-1.15317
-0.17778
-1.16885
-0.189066
-1.1811
-0.197458
-1.19072
-0.203442
-1.1984
-0.20742
-1.20481
-0.209702
-1.21043
-0.210527
-1.21569
-0.210147
-1.22096
-0.208838
-1.22659
-0.206951
-1.23272
-0.204968
-1.23947
-0.203526
-1.24667
-0.203308
-1.25381
-0.204861
-1.26
-0.208335
-1.26412
-0.213453
-1.26402
-0.220287
-1.25902
-0.228905
-1.24989
-0.240045
-1.23436
-0.248285
-1.20983
-0.262873
-1.17681
-0.261642
-1.1288
-0.254708
-1.09597
-0.248018
-1.07121
-0.242194
-1.04927
-0.236679
-1.02807
-0.230834
-1.00715
-0.224168
-0.986757
-0.216423
-0.967194
-0.207615
-0.948898
-0.197937
-0.932216
-0.18769
-0.917496
-0.177138
-0.905044
-0.166479
-0.895273
-0.155712
-0.888748
-0.144472
-0.885938
-0.131853
-0.886629
-0.116571
-0.88993
-0.0972205
-0.895252
-0.0721362
-0.901467
-0.044741
-0.906383
-0.0188035
-0.904556
-0.00284421
-0.883432
-0.839837
-0.030345
-1.14749
-0.0656323
-1.11076
-0.100746
-1.13204
-0.131046
-1.15906
-0.155517
-1.18446
-0.174439
-1.2049
-0.189122
-1.22112
-0.20032
-1.23383
-0.208661
-1.24384
-0.214629
-1.25186
-0.218619
-1.2585
-0.220939
-1.26436
-0.22183
-1.26981
-0.221541
-1.2753
-0.220332
-1.28112
-0.218556
-1.28749
-0.21667
-1.2945
-0.215276
-1.30203
-0.215019
-1.30953
-0.216443
-1.31608
-0.219661
-1.32063
-0.224486
-1.32143
-0.231107
-1.31716
-0.239344
-1.30912
-0.249874
-1.29469
-0.25753
-1.27083
-0.270955
-1.23894
-0.271047
-1.19068
-0.264623
-1.15653
-0.25797
-1.1307
-0.252018
-1.10785
-0.246347
-1.08576
-0.240374
-1.06396
-0.233615
-1.04267
-0.225826
-1.02222
-0.217013
-1.00311
-0.207373
-0.985664
-0.19721
-0.970281
-0.186811
-0.957321
-0.176406
-0.947296
-0.166
-0.940851
-0.155138
-0.938387
-0.142825
-0.939303
-0.127825
-0.942755
-0.108718
-0.948361
-0.0837722
-0.955148
-0.0560342
-0.961336
-0.0284314
-0.960637
-0.00885221
-0.93961
-0.89578
-0.0379286
-1.19421
-0.0763595
-1.1578
-0.112189
-1.17988
-0.142583
-1.20784
-0.166818
-1.23373
-0.185556
-1.25465
-0.2001
-1.27142
-0.2112
-1.28458
-0.21948
-1.29493
-0.225418
-1.30323
-0.229415
-1.3101
-0.231766
-1.31615
-0.232722
-1.32181
-0.232516
-1.32748
-0.23141
-1.33349
-0.229744
-1.3401
-0.227954
-1.34737
-0.226609
-1.35517
-0.226319
-1.36303
-0.227621
-1.36997
-0.230608
-1.3749
-0.235123
-1.37643
-0.241569
-1.37297
-0.249436
-1.36595
-0.259337
-1.35259
-0.266452
-1.32947
-0.278617
-1.29854
-0.279954
-1.25034
-0.274091
-1.21508
-0.267508
-1.18832
-0.261447
-1.16463
-0.255636
-1.14174
-0.249546
-1.11914
-0.242708
-1.097
-0.234891
-1.07577
-0.226089
-1.05589
-0.216504
-1.03777
-0.20645
-1.02178
-0.19624
-1.00843
-0.186137
-0.998263
-0.176126
-0.992028
-0.165626
-0.989927
-0.153599
-0.991018
-0.138882
-0.994584
-0.120047
-1.00046
-0.0953107
-1.00788
-0.067245
-1.01539
-0.0379617
-1.01574
-0.014774
-0.994939
-0.951069
-0.0451278
-1.23859
-0.0867021
-1.20283
-0.123282
-1.22576
-0.153739
-1.25467
-0.177748
-1.281
-0.19632
-1.30249
-0.210718
-1.31978
-0.221706
-1.33337
-0.229912
-1.34402
-0.235811
-1.35255
-0.239809
-1.35964
-0.24219
-1.36587
-0.243204
-1.37172
-0.243079
-1.37755
-0.242075
-1.38375
-0.240516
-1.39055
-0.238821
-1.39806
-0.237531
-1.40616
-0.237216
-1.41435
-0.238397
-1.42171
-0.241175
-1.42699
-0.245386
-1.42915
-0.251678
-1.42653
-0.259181
-1.42041
-0.268446
-1.40808
-0.275052
-1.38586
-0.285903
-1.35569
-0.288396
-1.30785
-0.283136
-1.27168
-0.276654
-1.24408
-0.270505
-1.21968
-0.26457
-1.19608
-0.258375
-1.17276
-0.251474
-1.14988
-0.243641
-1.1279
-0.234865
-1.10732
-0.225354
-1.08858
-0.215439
-1.07212
-0.205457
-1.05845
-0.195703
-1.04828
-0.186102
-1.04238
-0.175935
-1.04055
-0.164179
-1.04178
-0.149749
-1.04544
-0.131216
-1.05159
-0.106758
-1.05963
-0.078364
-1.06847
-0.0474036
-1.06982
-0.0206296
-1.04952
-1.00575
-0.0519855
-1.2807
-0.0966847
-1.24598
-0.13404
-1.2698
-0.164523
-1.29961
-0.188332
-1.3264
-0.206737
-1.34849
-0.220976
-1.36623
-0.231838
-1.38017
-0.239961
-1.39113
-0.245817
-1.39988
-0.249808
-1.40716
-0.252216
-1.41355
-0.253283
-1.41956
-0.253238
-1.42558
-0.252331
-1.43194
-0.250877
-1.43892
-0.24928
-1.44665
-0.248049
-1.45503
-0.247717
-1.46355
-0.24878
-1.47131
-0.251368
-1.47702
-0.255291
-1.47969
-0.261434
-1.4779
-0.26858
-1.47259
-0.277227
-1.46121
-0.283329
-1.44008
-0.292856
-1.41054
-0.296407
-1.3633
-0.291778
-1.3264
-0.285428
-1.29807
-0.279214
-1.27306
-0.27317
-1.24884
-0.266883
-1.22489
-0.259932
-1.20133
-0.252095
-1.17869
-0.243363
-1.15748
-0.23395
-1.1382
-0.224202
-1.12134
-0.21449
-1.10746
-0.205128
-1.09745
-0.19593
-1.09192
-0.186067
-1.09033
-0.174565
-1.0916
-0.160433
-1.09534
-0.142229
-1.10179
-0.118115
-1.11049
-0.0893904
-1.12069
-0.0567765
-1.12301
-0.0264176
-1.10317
-1.0596
-0.0585455
-1.32064
-0.106328
-1.28729
-0.144474
-1.31209
-0.174956
-1.34271
-0.198582
-1.37004
-0.21681
-1.39268
-0.230874
-1.41085
-0.241599
-1.42507
-0.249632
-1.43628
-0.255441
-1.44526
-0.259422
-1.45274
-0.261852
-1.45928
-0.26297
-1.46543
-0.263001
-1.4716
-0.262189
-1.47812
-0.260841
-1.48529
-0.25934
-1.49321
-0.258169
-1.50182
-0.257829
-1.51068
-0.258785
-1.51884
-0.261192
-1.52503
-0.264852
-1.52808
-0.27084
-1.52716
-0.277637
-1.52257
-0.285701
-1.51208
-0.291285
-1.49213
-0.29951
-1.46317
-0.304014
-1.41669
-0.30004
-1.37928
-0.293855
-1.35035
-0.287594
-1.32482
-0.281458
-1.30011
-0.275087
-1.27557
-0.268099
-1.25139
-0.260276
-1.22819
-0.251605
-1.20644
-0.242315
-1.18669
-0.232761
-1.16953
-0.223367
-1.15555
-0.214425
-1.14582
-0.20561
-1.14069
-0.196021
-1.13926
-0.184766
-1.14055
-0.170941
-1.14436
-0.153095
-1.15106
-0.129385
-1.16049
-0.100317
-1.1719
-0.0660749
-1.17523
-0.0321432
-1.15605
-1.11285
-0.0648431
-1.35847
-0.11565
-1.3268
-0.154588
-1.3527
-0.185054
-1.38407
-0.208507
-1.41195
-0.226543
-1.43509
-0.240417
-1.45363
-0.251
-1.46814
-0.258935
-1.47959
-0.264696
-1.48874
-0.268662
-1.49642
-0.271112
-1.50311
-0.272276
-1.5094
-0.272379
-1.51569
-0.271662
-1.52236
-0.270415
-1.52968
-0.269009
-1.53779
-0.267904
-1.54664
-0.267564
-1.5558
-0.268426
-1.56437
-0.270647
-1.57101
-0.274083
-1.57449
-0.279901
-1.57439
-0.28636
-1.57041
-0.29388
-1.56073
-0.298918
-1.54203
-0.305884
-1.51361
-0.311248
-1.46811
-0.307945
-1.43039
-0.301954
-1.40098
-0.295668
-1.37502
-0.289449
-1.34989
-0.283005
-1.32484
-0.275998
-1.30018
-0.268201
-1.27644
-0.259612
-1.25423
-0.250468
-1.23412
-0.241141
-1.21673
-0.23211
-1.20282
-0.223601
-1.19343
-0.215138
-1.18867
-0.205802
-1.18735
-0.194792
-1.18868
-0.181277
-1.19257
-0.163815
-1.19943
-0.140531
-1.2095
-0.111124
-1.22196
-0.0753119
-1.22646
-0.0378389
-1.20811
-1.16555
-0.0709102
-1.39429
-0.124671
-1.36457
-0.164391
-1.39168
-0.194833
-1.42375
-0.218111
-1.4522
-0.23594
-1.47578
-0.249616
-1.49466
-0.260052
-1.50945
-0.267885
-1.52109
-0.273597
-1.53045
-0.277541
-1.53829
-0.280008
-1.54511
-0.281216
-1.55153
-0.281388
-1.55795
-0.280762
-1.56474
-0.279615
-1.57222
-0.278306
-1.58053
-0.277266
-1.58955
-0.276932
-1.59899
-0.277706
-1.60795
-0.279747
-1.61502
-0.282997
-1.61899
-0.288621
-1.61964
-0.294755
-1.61622
-0.301775
-1.60729
-0.306232
-1.58982
-0.312008
-1.56198
-0.318137
-1.51762
-0.315515
-1.47977
-0.309743
-1.45001
-0.30345
-1.42372
-0.297156
-1.39824
-0.290661
-1.37281
-0.283643
-1.34773
-0.275888
-1.32352
-0.267402
-1.30093
-0.258428
-1.28056
-0.249369
-1.26303
-0.240735
-1.24933
-0.232653
-1.24032
-0.224508
-1.23584
-0.215414
-1.23459
-0.20465
-1.23597
-0.191442
-1.23996
-0.174379
-1.24697
-0.151542
-1.25755
-0.121834
-1.27117
-0.0844937
-1.27678
-0.0435074
-1.25926
-1.21744
-0.0767778
-1.42822
-0.133406
-1.40065
-0.173887
-1.42904
-0.204303
-1.46182
-0.227398
-1.49082
-0.245011
-1.51486
-0.258483
-1.534
-0.268764
-1.54903
-0.276496
-1.56086
-0.282155
-1.57043
-0.286073
-1.57842
-0.288555
-1.58538
-0.289807
-1.59192
-0.290047
-1.5985
-0.289509
-1.60541
-0.288464
-1.61302
-0.287244
-1.62148
-0.286271
-1.63069
-0.285944
-1.64034
-0.286635
-1.64961
-0.28851
-1.65716
-0.291592
-1.66161
-0.297007
-1.66291
-0.302837
-1.66009
-0.3094
-1.65193
-0.313246
-1.63555
-0.317909
-1.60842
-0.324709
-1.56531
-0.322769
-1.52748
-0.317238
-1.49747
-0.310956
-1.47095
-0.304606
-1.44523
-0.29807
-1.41949
-0.291051
-1.39404
-0.283359
-1.36951
-0.274996
-1.34661
-0.266216
-1.32604
-0.257466
-1.3085
-0.249251
-1.2951
-0.241578
-1.28651
-0.23372
-1.28223
-0.22486
-1.28103
-0.214339
-1.28245
-0.201437
-1.28649
-0.184788
-1.29371
-0.162436
-1.3048
-0.132447
-1.31932
-0.0936256
-1.32624
-0.0491539
-1.3097
-1.26869
-0.082473
-1.46041
-0.141869
-1.43508
-0.183087
-1.46486
-0.213472
-1.49832
-0.236384
-1.52791
-0.253763
-1.55232
-0.267024
-1.5717
-0.277148
-1.58693
-0.284783
-1.59903
-0.290381
-1.60875
-0.294274
-1.61689
-0.29677
-1.62399
-0.298066
-1.63065
-0.29837
-1.63735
-0.29792
-1.6444
-0.296968
-1.65211
-0.295838
-1.66068
-0.294929
-1.6701
-0.294612
-1.67993
-0.295231
-1.68951
-0.296945
-1.6975
-0.299871
-1.70241
-0.305075
-1.70432
-0.310626
-1.70212
-0.316758
-1.69471
-0.319977
-1.67929
-0.323605
-1.65291
-0.330988
-1.61121
-0.329726
-1.57357
-0.324457
-1.54344
-0.318204
-1.51678
-0.311808
-1.49088
-0.305241
-1.46491
-0.298241
-1.4392
-0.290628
-1.4144
-0.282408
-1.39131
-0.273848
-1.37059
-0.265445
-1.35319
-0.257661
-1.34012
-0.250372
-1.33198
-0.24278
-1.32786
-0.234145
-1.32671
-0.22386
-1.32813
-0.211268
-1.33223
-0.195054
-1.33962
-0.173193
-1.3513
-0.142964
-1.36645
-0.10272
-1.37476
-0.0548043
-1.35934
-1.31946
-0.0880177
-1.49097
-0.150081
-1.46797
-0.192001
-1.49923
-0.222357
-1.53334
-0.245068
-1.56349
-0.262202
-1.5882
-0.275251
-1.60785
-0.285226
-1.62329
-0.292756
-1.63561
-0.298293
-1.64549
-0.30216
-1.65377
-0.304668
-1.66103
-0.306002
-1.6678
-0.306366
-1.67456
-0.305999
-1.68171
-0.305139
-1.68957
-0.304101
-1.69827
-0.303254
-1.70784
-0.302953
-1.71788
-0.303507
-1.72768
-0.305065
-1.73607
-0.307846
-1.74151
-0.312841
-1.74394
-0.318132
-1.74236
-0.323847
-1.73568
-0.326437
-1.72113
-0.329108
-1.69556
-0.336993
-1.65535
-0.336404
-1.61809
-0.331417
-1.58794
-0.325209
-1.56123
-0.31878
-1.53526
-0.312196
-1.50917
-0.305227
-1.48325
-0.29771
-1.45827
-0.289648
-1.43504
-0.281345
-1.41429
-0.273313
-1.3971
-0.265964
-1.38446
-0.259029
-1.37668
-0.25169
-1.37274
-0.24327
-1.37162
-0.233221
-1.37305
-0.220939
-1.37724
-0.205173
-1.38476
-0.183796
-1.39679
-0.153399
-1.41284
-0.111775
-1.42232
-0.0604765
-1.40823
-1.36958
-0.0934284
-1.51995
-0.158062
-1.49941
-0.200639
-1.53212
-0.230966
-1.56698
-0.253454
-1.59761
-0.27034
-1.62259
-0.283178
-1.64248
-0.293006
-1.65815
-0.300426
-1.67066
-0.305902
-1.68072
-0.309743
-1.68912
-0.312257
-1.69651
-0.313624
-1.70338
-0.314045
-1.71026
-0.313759
-1.71747
-0.31299
-1.72543
-0.312041
-1.73425
-0.311257
-1.74395
-0.310969
-1.75417
-0.311464
-1.76418
-0.312882
-1.77292
-0.315522
-1.77892
-0.320317
-1.78185
-0.325364
-1.7809
-0.330675
-1.77496
-0.332646
-1.76116
-0.334438
-1.73648
-0.342751
-1.69787
-0.342821
-1.66109
-0.338131
-1.63103
-0.331984
-1.60436
-0.32554
-1.57839
-0.318949
-1.55228
-0.312025
-1.52624
-0.304618
-1.50116
-0.296736
-1.47784
-0.288718
-1.4572
-0.281078
-1.44026
-0.274153
-1.42808
-0.267549
-1.42062
-0.260446
-1.41681
-0.252238
-1.41574
-0.242431
-1.41723
-0.230452
-1.42149
-0.215119
-1.42915
-0.194259
-1.44132
-0.163741
-1.45834
-0.120804
-1.46904
-0.0661602
-1.45631
-1.41896
-0.0987264
-1.54754
-0.165816
-1.52944
-0.209016
-1.56361
-0.239304
-1.59926
-0.261553
-1.63034
-0.278189
-1.65557
-0.29082
-1.67567
-0.300498
-1.69161
-0.307806
-1.70424
-0.313217
-1.71448
-0.31703
-1.72301
-0.319544
-1.7305
-0.320945
-1.73746
-0.321421
-1.74442
-0.321213
-1.75175
-0.320528
-1.75976
-0.319667
-1.76868
-0.318946
-1.77851
-0.318673
-1.7889
-0.319118
-1.79914
-0.320407
-1.80816
-0.322902
-1.81467
-0.327515
-1.81806
-0.33234
-1.81783
-0.33725
-1.81264
-0.338624
-1.79946
-0.339617
-1.77575
-0.348282
-1.73878
-0.348993
-1.70262
-0.344615
-1.67274
-0.338544
-1.6462
-0.332098
-1.62032
-0.325508
-1.59424
-0.318644
-1.56819
-0.311361
-1.54305
-0.303686
-1.51977
-0.295976
-1.49932
-0.288744
-1.48273
-0.282225
-1.471
-0.275926
-1.46382
-0.269046
-1.46011
-0.261052
-1.45908
-0.251483
-1.46063
-0.239807
-1.46496
-0.224895
-1.47274
-0.204593
-1.48523
-0.173987
-1.5029
-0.129807
-1.51491
-0.0718593
-1.50356
-1.46777
-0.103922
-1.57382
-0.173357
-1.55813
-0.217145
-1.59381
-0.247376
-1.6302
-0.269376
-1.66168
-0.285761
-1.6872
-0.298191
-1.70749
-0.307709
-1.72366
-0.314907
-1.73644
-0.320249
-1.74681
-0.324032
-1.75549
-0.326542
-1.76307
-0.327972
-1.77011
-0.328501
-1.7771
-0.328368
-1.78454
-0.327766
-1.79264
-0.326992
-1.80164
-0.326335
-1.8116
-0.32608
-1.82215
-0.326475
-1.83257
-0.327649
-1.84185
-0.329994
-1.84884
-0.33445
-1.85269
-0.339068
-1.85313
-0.343576
-1.84875
-0.344392
-1.83618
-0.344652
-1.81345
-0.353598
-1.7781
-0.354933
-1.74271
-0.350879
-1.71312
-0.3449
-1.68678
-0.338463
-1.66109
-0.331889
-1.63511
-0.325098
-1.60914
-0.317956
-1.58407
-0.310509
-1.56086
-0.303127
-1.54064
-0.296312
-1.52448
-0.29018
-1.51321
-0.284162
-1.5063
-0.277496
-1.50264
-0.269713
-1.50167
-0.260378
-1.50325
-0.249002
-1.50769
-0.23452
-1.51559
-0.214788
-1.52833
-0.184143
-1.54669
-0.138781
-1.55991
-0.0776332
-1.55007
-1.51673
-0.10902
-1.5988
-0.1807
-1.58555
-0.225033
-1.62273
-0.255185
-1.65988
-0.27693
-1.69172
-0.293066
-1.71749
-0.305295
-1.73801
-0.31465
-1.75434
-0.321734
-1.7673
-0.327006
-1.77773
-0.330755
-1.78655
-0.333258
-1.79421
-0.33471
-1.80132
-0.335294
-1.80838
-0.33523
-1.81588
-0.334712
-1.82405
-0.334025
-1.83316
-0.333431
-1.8432
-0.333192
-1.85391
-0.333543
-1.8645
-0.334617
-1.87406
-0.336814
-1.88148
-0.341129
-1.88584
-0.345555
-1.88689
-0.349665
-1.88331
-0.349962
-1.87141
-0.349544
-1.8496
-0.358718
-1.81592
-0.360656
-1.78141
-0.356936
-1.75219
-0.351064
-1.72615
-0.344648
-1.70071
-0.338104
-1.67492
-0.331399
-1.64912
-0.324411
-1.62415
-0.31721
-1.60114
-0.310173
-1.58119
-0.303776
-1.56549
-0.298011
-1.55466
-0.292257
-1.54802
-0.285799
-1.54444
-0.27822
-1.54349
-0.269123
-1.54515
-0.258043
-1.5497
-0.243986
-1.55771
-0.224837
-1.57065
-0.194201
-1.58956
-0.14773
-1.60408
-0.0835024
-1.59579
-1.56433
-0.114026
-1.62256
-0.187852
-1.61175
-0.232688
-1.65043
-0.26274
-1.68832
-0.284223
-1.7205
-0.300111
-1.74649
-0.312138
-1.76726
-0.321327
-1.78372
-0.32829
-1.79679
-0.333493
-1.80737
-0.337197
-1.81622
-0.339695
-1.82396
-0.341171
-1.83117
-0.341807
-1.83829
-0.341806
-1.84585
-0.341373
-1.85407
-0.340767
-1.86326
-0.34024
-1.87339
-0.340021
-1.88425
-0.340339
-1.89506
-0.341319
-1.90486
-0.343376
-1.91265
-0.34756
-1.91753
-0.351808
-1.91916
-0.355525
-1.91635
-0.355337
-1.90517
-0.354307
-1.88426
-0.36366
-1.85234
-0.366172
-1.81871
-0.362796
-1.78999
-0.357046
-1.76431
-0.350664
-1.73922
-0.344162
-1.71371
-0.337549
-1.68811
-0.330736
-1.66336
-0.323796
-1.64062
-0.317117
-1.621
-0.311129
-1.60576
-0.305714
-1.59535
-0.300205
-1.58893
-0.293951
-1.58546
-0.286578
-1.58455
-0.277722
-1.58631
-0.266933
-1.59098
-0.253295
-1.59914
-0.234727
-1.61225
-0.204154
-1.63149
-0.156671
-1.64742
-0.0893594
-1.64106
-1.61051
-0.118947
-1.64512
-0.194825
-1.63684
-0.240119
-1.67696
-0.270048
-1.71557
-0.291266
-1.74807
-0.30691
-1.7743
-0.318726
-1.79524
-0.327744
-1.81184
-0.334589
-1.825
-0.339715
-1.8357
-0.343373
-1.8446
-0.345866
-1.85242
-0.347361
-1.8597
-0.348047
-1.86686
-0.348108
-1.87447
-0.347756
-1.88274
-0.34723
-1.892
-0.346772
-1.90221
-0.34658
-1.91322
-0.346866
-1.92425
-0.347757
-1.93424
-0.349686
-1.94239
-0.353747
-1.9478
-0.357827
-1.95
-0.361161
-1.94784
-0.360521
-1.93749
-0.358951
-1.91753
-0.368425
-1.88731
-0.371492
-1.85469
-0.368468
-1.82651
-0.362855
-1.80132
-0.35652
-1.77664
-0.350068
-1.75149
-0.343561
-1.72617
-0.336936
-1.7017
-0.330271
-1.67925
-0.32396
-1.66009
-0.318372
-1.64531
-0.31328
-1.63528
-0.308003
-1.62905
-0.301949
-1.62565
-0.294787
-1.62484
-0.28617
-1.62668
-0.275676
-1.63152
-0.262451
-1.63987
-0.244452
-1.65311
-0.214021
-1.67271
-0.165613
-1.68995
-0.0952014
-1.68536
-1.65686
-0.123789
-1.66648
-0.201626
-1.66084
-0.247333
-1.70238
-0.277117
-1.74171
-0.29807
-1.77448
-0.313465
-1.80097
-0.325065
-1.82204
-0.333911
-1.83872
-0.340639
-1.852
-0.34568
-1.86277
-0.349297
-1.87173
-0.351781
-1.87961
-0.353289
-1.88693
-0.354023
-1.89414
-0.354141
-1.90179
-0.353869
-1.9101
-0.35342
-1.91942
-0.353033
-1.9297
-0.35287
-1.94083
-0.353125
-1.95203
-0.353943
-1.96232
-0.355756
-1.9708
-0.359697
-1.97671
-0.363612
-1.97945
-0.366585
-1.97788
-0.365524
-1.96842
-0.363473
-1.94944
-0.373026
-1.92087
-0.376626
-1.88939
-0.373959
-1.86182
-0.368497
-1.83713
-0.362222
-1.81296
-0.355831
-1.78825
-0.349443
-1.76333
-0.343014
-1.73917
-0.336639
-1.7171
-0.330701
-1.6984
-0.325502
-1.68414
-0.32071
-1.67446
-0.315649
-1.66838
-0.309791
-1.66505
-0.302838
-1.6643
-0.294467
-1.66627
-0.284271
-1.6713
-0.271443
-1.67985
-0.254019
-1.69321
-0.22379
-1.71309
-0.174512
-1.7316
-0.101116
-1.72867
-1.70262
-0.128556
-1.68661
-0.208259
-1.68376
-0.25434
-1.72677
-0.283952
-1.76672
-0.304641
-1.79976
-0.319781
-1.82646
-0.331159
-1.84765
-0.339835
-1.8644
-0.346442
-1.87779
-0.351398
-1.88862
-0.354972
-1.89762
-0.357443
-1.90556
-0.358964
-1.91292
-0.359743
-1.9202
-0.359916
-1.92785
-0.359722
-1.93621
-0.359349
-1.94556
-0.359033
-1.95595
-0.358898
-1.96715
-0.359135
-1.97855
-0.359886
-1.98911
-0.361594
-1.9979
-0.365416
-2.00433
-0.369167
-2.00751
-0.371808
-2.00654
-0.370352
-1.99797
-0.367876
-1.98001
-0.37748
-1.95315
-0.381585
-1.92283
-0.379278
-1.89595
-0.373979
-1.87182
-0.367774
-1.84822
-0.361458
-1.82403
-0.355197
-1.79955
-0.348975
-1.77581
-0.342899
-1.75414
-0.337338
-1.73594
-0.332511
-1.7222
-0.327998
-1.71283
-0.323145
-1.7069
-0.31748
-1.70368
-0.310738
-1.70299
-0.302617
-1.70511
-0.292715
-1.71034
-0.280274
-1.71911
-0.263417
-1.73257
-0.233454
-1.75269
-0.183425
-1.77246
-0.107171
-1.77244
-1.74809
-0.133253
-1.70556
-0.21473
-1.70562
-0.261139
-1.75012
-0.290561
-1.79065
-0.310983
-1.824
-0.32586
-1.85083
-0.337015
-1.87212
-0.345523
-1.88896
-0.352003
-1.9024
-0.356873
-1.91328
-0.360407
-1.92233
-0.362864
-1.93037
-0.364398
-1.93772
-0.365215
-1.94507
-0.365444
-1.95271
-0.365325
-1.96114
-0.36503
-1.97051
-0.364776
-1.98097
-0.364678
-1.9922
-0.364902
-2.00384
-0.365587
-2.01463
-0.367211
-2.02373
-0.370908
-2.03071
-0.374503
-2.03429
-0.376838
-2.03389
-0.375007
-2.02619
-0.372166
-2.00926
-0.381792
-1.9841
-0.386373
-1.95501
-0.384431
-1.92887
-0.379308
-1.90542
-0.373185
-1.88241
-0.366956
-1.85883
-0.360831
-1.83489
-0.354821
-1.81161
-0.349053
-1.79037
-0.343869
-1.77272
-0.339394
-1.7595
-0.335145
-1.75045
-0.330494
-1.74466
-0.325022
-1.74154
-0.318494
-1.74097
-0.310622
-1.7432
-0.301012
-1.74864
-0.288946
-1.75763
-0.272653
-1.77126
-0.24302
-1.79156
-0.192399
-1.81256
-0.113269
-1.81456
-1.79275
-0.13789
-1.72339
-0.221049
-1.7265
-0.267735
-1.7725
-0.296957
-1.81354
-0.317104
-1.84723
-0.331711
-1.87415
-0.342643
-1.8955
-0.35098
-1.91239
-0.357332
-1.92588
-0.362117
-1.93681
-0.365614
-1.94595
-0.368048
-1.95398
-0.369599
-1.96142
-0.370447
-1.96876
-0.370737
-1.97645
-0.370686
-1.98488
-0.370466
-1.9943
-0.370269
-2.00475
-0.370218
-2.0161
-0.370428
-2.02784
-0.371057
-2.03895
-0.37261
-2.04836
-0.376178
-2.05581
-0.379631
-2.05986
-0.381685
-2.06001
-0.379496
-2.05313
-0.37634
-2.03726
-0.385963
-2.01377
-0.390998
-1.986
-0.389426
-1.96066
-0.384487
-1.93789
-0.378462
-1.91557
-0.372331
-1.8927
-0.366349
-1.86937
-0.36056
-1.84661
-0.355107
-1.8259
-0.350291
-1.80873
-0.346152
-1.79602
-0.342151
-1.78727
-0.337697
-1.78162
-0.332415
-1.77858
-0.326101
-1.77814
-0.318481
-1.78054
-0.309163
-1.78617
-0.297465
-1.79545
-0.281725
-1.80923
-0.252484
-1.82969
-0.20128
-1.85186
-0.119342
-1.8553
-1.8366
-0.142476
-1.74011
-0.22722
-1.74636
-0.274131
-1.7939
-0.303147
-1.83547
-0.323008
-1.86945
-0.337343
-1.89646
-0.348046
-1.91783
-0.35621
-1.93474
-0.362437
-1.94827
-0.367144
-1.95928
-0.370596
-1.96848
-0.373012
-1.97654
-0.374572
-1.98401
-0.375454
-1.99137
-0.375798
-1.99908
-0.375814
-2.00752
-0.375662
-2.01696
-0.375528
-2.02744
-0.375517
-2.03884
-0.375724
-2.05067
-0.376303
-2.06207
-0.377794
-2.07182
-0.381232
-2.07967
-0.384559
-2.08421
-0.38635
-2.08493
-0.383827
-2.07884
-0.380403
-2.06404
-0.39001
-2.04225
-0.395473
-2.01583
-0.394268
-1.99135
-0.389522
-1.9693
-0.383612
-1.94771
-0.377585
-1.92558
-0.371756
-1.90292
-0.366199
-1.8808
-0.361058
-1.86064
-0.356604
-1.84402
-0.352776
-1.83172
-0.349007
-1.82325
-0.344744
-1.81773
-0.339653
-1.81483
-0.333556
-1.81448
-0.326188
-1.81707
-0.317166
-1.82291
-0.305827
-1.83251
-0.290625
-1.84647
-0.261837
-1.86696
-0.210109
-1.89047
-0.125523
-1.89597
-1.88016
-0.147018
-1.75579
-0.233248
-1.7653
-0.280336
-1.81435
-0.309134
-1.85648
-0.328695
-1.89065
-0.342756
-1.91774
-0.353234
-1.93916
-0.361227
-1.95609
-0.367335
-1.96966
-0.371959
-1.98074
-0.375365
-1.98994
-0.377762
-1.99809
-0.37933
-2.00553
-0.380242
-2.01297
-0.380637
-2.02063
-0.380718
-2.02913
-0.380633
-2.03852
-0.380561
-2.04906
-0.380586
-2.06047
-0.3808
-2.07242
-0.381333
-2.08406
-0.382764
-2.09415
-0.386081
-2.10237
-0.389294
-2.10744
-0.390844
-2.10874
-0.388011
-2.10338
-0.384369
-2.08971
-0.393939
-2.06959
-0.399798
-2.04446
-0.39896
-2.02092
-0.394418
-1.99962
-0.388632
-1.97884
-0.382716
-1.95748
-0.377051
-1.93556
-0.371729
-1.91415
-0.366904
-1.89457
-0.362796
-1.87852
-0.359257
-1.86663
-0.355707
-1.85835
-0.351635
-1.85301
-0.346733
-1.8502
-0.340855
-1.85002
-0.333741
-1.85278
-0.325022
-1.85889
-0.314032
-1.8688
-0.299349
-1.88303
-0.271085
-1.90352
-0.218934
-1.92823
-0.131828
-1.93567
-1.92322
-0.151528
-1.77049
-0.23914
-1.78335
-0.286361
-1.83394
-0.31492
-1.87661
-0.33417
-1.91093
-0.347957
-1.93802
-0.358216
-1.95948
-0.366044
-1.9765
-0.372031
-1.9901
-0.376567
-2.00117
-0.37993
-2.01044
-0.3823
-2.01857
-0.383881
-2.02607
-0.384814
-2.03348
-0.385267
-2.04119
-0.385403
-2.04969
-0.385389
-2.05908
-0.385372
-2.06964
-0.385439
-2.08107
-0.385664
-2.09309
-0.386154
-2.10493
-0.387529
-2.11538
-0.390739
-2.12397
-0.393851
-2.12959
-0.395171
-2.13148
-0.392057
-2.12681
-0.388237
-2.11426
-0.397746
-2.09577
-0.403981
-2.07201
-0.403502
-2.04941
-0.399177
-2.0289
-0.393525
-2.00897
-0.38773
-1.98844
-0.382239
-1.96733
-0.377151
-1.94665
-0.372642
-1.92775
-0.368865
-1.91221
-0.365594
-1.90071
-0.362256
-1.89264
-0.358367
-1.88746
-0.353653
-1.88473
-0.347996
-1.88469
-0.341143
-1.88768
-0.33273
-1.89409
-0.322089
-1.90435
-0.307906
-1.91887
-0.28022
-1.93946
-0.227714
-1.96511
-0.138255
-1.97488
-1.96601
-0.156016
-1.78431
-0.244902
-1.80051
-0.292206
-1.85263
-0.320507
-1.89582
-0.339436
-1.93025
-0.352954
-1.95737
-0.362998
-1.97885
-0.370663
-1.99593
-0.376525
-2.00955
-0.380979
-2.02067
-0.384291
-2.02996
-0.386637
-2.03808
-0.388223
-2.0456
-0.389184
-2.05301
-0.389689
-2.06077
-0.389879
-2.06922
-0.389936
-2.07866
-0.389974
-2.08921
-0.390082
-2.10069
-0.390317
-2.11274
-0.390773
-2.12474
-0.392096
-2.13556
-0.395211
-2.1445
-0.398232
-2.15063
-0.399337
-2.15317
-0.395971
-2.14917
-0.392003
-2.13773
-0.401444
-2.12085
-0.408031
-2.09851
-0.407907
-2.07686
-0.403807
-2.05721
-0.398296
-2.03809
-0.392635
-2.01846
-0.387319
-1.99824
-0.382469
-1.97829
-0.378268
-1.96012
-0.374806
-1.94516
-0.371788
-1.93397
-0.368656
-1.92614
-0.36494
-1.92106
-0.360416
-1.91846
-0.354979
-1.91855
-0.348389
-1.92173
-0.340285
-1.92845
-0.329994
-1.93907
-0.316302
-1.95403
-0.289235
-1.97468
-0.236486
-2.00141
-0.144805
-2.01329
-2.00797
-0.160481
-1.79725
-0.250532
-1.81682
-0.29787
-1.87044
-0.325894
-1.91414
-0.344505
-1.94869
-0.357755
-1.97585
-0.367586
-1.99732
-0.375083
-2.01441
-0.380827
-2.02805
-0.385198
-2.03923
-0.388456
-2.04854
-0.39078
-2.05667
-0.392368
-2.06419
-0.393357
-2.07159
-0.393905
-2.07936
-0.394153
-2.08779
-0.394275
-2.09723
-0.39437
-2.10778
-0.394517
-2.11929
-0.394765
-2.1314
-0.395199
-2.14352
-0.396471
-2.15472
-0.399501
-2.164
-0.402443
-2.17064
-0.403342
-2.17381
-0.399759
-2.17051
-0.395677
-2.16023
-0.40504
-2.14492
-0.411951
-2.12395
-0.412178
-2.1033
-0.408305
-2.08446
-0.402947
-2.06623
-0.397431
-2.04754
-0.392292
-2.02825
-0.387682
-2.00914
-0.383785
-1.99168
-0.38062
-1.9773
-0.377844
-1.96646
-0.374902
-1.9588
-0.371356
-1.95382
-0.367022
-1.95133
-0.361803
-1.95161
-0.355475
-1.95492
-0.347684
-1.96196
-0.337752
-1.97302
-0.324524
-1.98841
-0.298132
-2.00912
-0.245228
-2.03689
-0.151433
-2.05108
-2.04911
-0.164926
-1.80937
-0.256036
-1.83236
-0.303358
-1.88739
-0.331092
-1.93164
-0.349383
-1.96628
-0.362366
-1.99343
-0.371986
-2.01494
-0.379312
-2.03202
-0.38494
-2.04565
-0.389225
-2.05684
-0.39243
-2.06617
-0.39473
-2.07428
-0.396318
-2.08185
-0.39733
-2.0892
-0.397919
-2.09696
-0.398224
-2.10542
-0.398407
-2.11479
-0.398558
-2.12537
-0.398747
-2.13689
-0.399012
-2.14907
-0.399434
-2.1613
-0.400654
-2.17282
-0.403613
-2.18245
-0.406485
-2.18963
-0.407189
-2.19341
-0.403424
-2.19084
-0.399256
-2.18166
-0.408532
-2.16793
-0.415745
-2.14835
-0.416312
-2.12873
-0.412671
-2.11072
-0.407479
-2.09338
-0.402116
-2.0757
-0.397158
-2.05736
-0.392793
-2.03914
-0.389191
-2.02248
-0.386307
-2.00866
-0.383757
-1.99816
-0.380993
-1.99066
-0.377614
-1.98574
-0.373471
-1.98339
-0.368466
-1.98381
-0.362405
-1.98734
-0.35493
-1.99463
-0.345357
-2.00614
-0.332572
-2.02202
-0.306897
-2.04287
-0.253937
-2.07154
-0.158154
-2.08813
-2.08998
-0.169361
-1.82069
-0.261419
-1.84716
-0.308679
-1.90356
-0.3361
-1.94827
-0.354069
-1.98299
-0.366793
-2.01018
-0.376198
-2.03167
-0.383356
-2.04872
-0.388864
-2.06238
-0.393058
-2.0735
-0.396208
-2.08282
-0.398489
-2.09098
-0.40007
-2.09849
-0.401109
-2.10589
-0.401738
-2.11363
-0.402091
-2.12203
-0.402339
-2.13143
-0.402545
-2.142
-0.402779
-2.15356
-0.403061
-2.16581
-0.403477
-2.1781
-0.404645
-2.18988
-0.407546
-2.19991
-0.410353
-2.20756
-0.410879
-2.21192
-0.406963
-2.21019
-0.402738
-2.20212
-0.411919
-2.18994
-0.419413
-2.17173
-0.42031
-2.15316
-0.416907
-2.13598
-0.411891
-2.11954
-0.406687
-2.10286
-0.401918
-2.08556
-0.397803
-2.06829
-0.394484
-2.05248
-0.391865
-2.03923
-0.389529
-2.02907
-0.386936
-2.02175
-0.383723
-2.01691
-0.379766
-2.01467
-0.374975
-2.01519
-0.369181
-2.01897
-0.362023
-2.02651
-0.352813
-2.03842
-0.340457
-2.0549
-0.31553
-2.076
-0.262613
-2.10545
-0.164998
-2.1245
-2.13037
-0.173782
-1.83123
-0.26668
-1.86118
-0.313835
-1.91899
-0.340923
-1.9641
-0.358573
-1.99889
-0.371033
-2.02609
-0.380222
-2.04752
-0.387216
-2.06456
-0.392597
-2.07818
-0.396701
-2.08927
-0.3998
-2.09859
-0.402053
-2.10674
-0.403633
-2.11424
-0.404696
-2.12164
-0.405357
-2.12935
-0.405763
-2.13772
-0.406075
-2.14715
-0.406336
-2.15765
-0.406618
-2.16928
-0.406915
-2.18158
-0.40733
-2.19395
-0.408458
-2.206
-0.411306
-2.21646
-0.414046
-2.22451
-0.414419
-2.2294
-0.410381
-2.22857
-0.406125
-2.22162
-0.415206
-2.21096
-0.422962
-2.19418
-0.424174
-2.17662
-0.421015
-2.16028
-0.416184
-2.14479
-0.411147
-2.12908
-0.406577
-2.11291
-0.40271
-2.09665
-0.399661
-2.08165
-0.397295
-2.06902
-0.395164
-2.05921
-0.392734
-2.05208
-0.389684
-2.04729
-0.385904
-2.04512
-0.381331
-2.04579
-0.3758
-2.04974
-0.368963
-2.05758
-0.360125
-2.06994
-0.348185
-2.08698
-0.324038
-2.10839
-0.271266
-2.13887
-0.171952
-2.16008
-2.1702
-0.178183
-1.84096
-0.271823
-1.87447
-0.318826
-1.93364
-0.345566
-1.97916
-0.362895
-2.01397
-0.375087
-2.04114
-0.384066
-2.06255
-0.390889
-2.07955
-0.396145
-2.09308
-0.400165
-2.10419
-0.403206
-2.11348
-0.405431
-2.12156
-0.407012
-2.12911
-0.408091
-2.13649
-0.408785
-2.14414
-0.409248
-2.15253
-0.409613
-2.16192
-0.409934
-2.1724
-0.41026
-2.18406
-0.410576
-2.1964
-0.411006
-2.20893
-0.412103
-2.22119
-0.414896
-2.23209
-0.41757
-2.2405
-0.417814
-2.2459
-0.413675
-2.24594
-0.409417
-2.24019
-0.4184
-2.23102
-0.426393
-2.21567
-0.42791
-2.19912
-0.425005
-2.18368
-0.420361
-2.1691
-0.415506
-2.15442
-0.411138
-2.13936
-0.407513
-2.12417
-0.404727
-2.11005
-0.402603
-2.09808
-0.400663
-2.08862
-0.398383
-2.08159
-0.39549
-2.0769
-0.39189
-2.07477
-0.387531
-2.0756
-0.382263
-2.07971
-0.375753
-2.08784
-0.367289
-2.10064
-0.355747
-2.11827
-0.332424
-2.14002
-0.279871
-2.17151
-0.179016
-2.19493
-2.20948
-0.18256
-1.84976
-0.276849
-1.88705
-0.323654
-1.94757
-0.350027
-1.99339
-0.367035
-2.02825
-0.378965
-2.05544
-0.387728
-2.07676
-0.394375
-2.09362
-0.399512
-2.10713
-0.403447
-2.1182
-0.406427
-2.12747
-0.40863
-2.13554
-0.410209
-2.14307
-0.411301
-2.15047
-0.412029
-2.15807
-0.412541
-2.16641
-0.41296
-2.17577
-0.413342
-2.18627
-0.413709
-2.19789
-0.414056
-2.21032
-0.414503
-2.223
-0.415579
-2.23543
-0.418314
-2.24677
-0.420928
-2.25556
-0.421062
-2.2614
-0.416853
-2.26237
-0.412615
-2.25784
-0.421495
-2.25014
-0.429704
-2.23617
-0.431525
-2.2207
-0.428873
-2.20617
-0.424423
-2.19248
-0.419758
-2.17884
-0.415593
-2.1649
-0.412214
-2.15082
-0.409688
-2.13768
-0.407791
-2.12636
-0.406025
-2.11728
-0.403893
-2.1104
-0.401153
-2.10581
-0.397729
-2.1037
-0.393579
-2.10462
-0.388576
-2.10893
-0.382393
-2.11736
-0.374304
-2.13049
-0.363149
-2.14878
-0.340654
-2.17096
-0.288401
-2.20298
-0.186201
-2.22913
-2.24829
-0.186917
-1.85771
-0.281758
-1.89889
-0.328314
-1.96075
-0.35431
-2.00684
-0.371004
-2.04177
-0.382663
-2.06892
-0.391202
-2.0901
-0.397682
-2.10687
-0.402702
-2.12036
-0.406547
-2.13134
-0.409473
-2.14061
-0.411654
-2.14869
-0.413227
-2.15621
-0.414329
-2.16353
-0.415093
-2.17114
-0.41565
-2.17946
-0.416121
-2.18877
-0.416557
-2.19919
-0.416974
-2.21084
-0.417358
-2.22335
-0.41782
-2.23619
-0.418888
-2.2488
-0.421563
-2.26057
-0.424119
-2.26969
-0.424175
-2.27601
-0.419916
-2.2779
-0.415712
-2.27455
-0.424492
-2.26832
-0.432903
-2.25579
-0.43502
-2.2414
-0.432619
-2.22776
-0.428371
-2.21496
-0.423902
-2.20235
-0.419945
-2.18956
-0.416812
-2.17662
-0.414532
-2.16446
-0.412848
-2.15382
-0.411253
-2.14514
-0.409271
-2.13849
-0.406677
-2.13396
-0.403426
-2.13194
-0.399481
-2.13291
-0.394743
-2.13739
-0.388876
-2.14607
-0.381174
-2.15957
-0.370403
-2.17851
-0.348707
-2.20127
-0.2969
-2.23362
-0.193539
-2.26316
-2.2866
-0.191256
-1.86481
-0.286545
-1.91003
-0.332807
-1.97318
-0.358425
-2.01955
-0.374798
-2.05456
-0.386175
-2.08158
-0.394496
-2.1026
-0.400818
-2.11931
-0.405714
-2.13273
-0.409475
-2.14368
-0.412348
-2.15293
-0.414506
-2.16098
-0.416067
-2.16849
-0.417184
-2.17578
-0.417982
-2.18341
-0.41858
-2.19164
-0.419096
-2.2009
-0.419586
-2.21126
-0.420055
-2.22288
-0.42048
-2.23546
-0.420963
-2.2485
-0.422036
-2.26132
-0.424642
-2.27342
-0.427155
-2.2829
-0.427158
-2.28977
-0.422861
-2.29248
-0.418713
-2.29039
-0.427404
-2.28563
-0.435999
-2.27459
-0.438397
-2.26123
-0.436243
-2.24844
-0.432204
-2.23657
-0.427936
-2.22497
-0.42419
-2.21329
-0.421301
-2.20156
-0.41926
-2.19042
-0.417784
-2.18056
-0.416354
-2.17232
-0.41451
-2.16584
-0.412065
-2.16143
-0.408985
-2.15949
-0.405244
-2.16051
-0.400764
-2.16514
-0.395214
-2.17404
-0.387907
-2.18795
-0.377516
-2.20746
-0.356595
-2.2309
-0.305408
-2.26357
-0.200993
-2.29632
-2.32442
-0.195577
-1.87104
-0.29121
-1.92041
-0.33714
-1.98491
-0.362374
-2.03156
-0.378411
-2.06656
-0.389503
-2.09341
-0.397615
-2.11432
-0.403778
-2.13092
-0.408557
-2.14429
-0.41224
-2.15525
-0.415054
-2.16445
-0.417185
-2.17245
-0.41874
-2.17993
-0.419876
-2.18726
-0.420698
-2.19485
-0.421334
-2.20303
-0.421893
-2.21218
-0.422436
-2.22252
-0.422953
-2.23404
-0.423424
-2.24671
-0.42393
-2.25989
-0.42501
-2.2729
-0.427553
-2.28534
-0.430043
-2.29528
-0.430008
-2.30267
-0.425699
-2.30622
-0.421629
-2.30538
-0.430237
-2.30216
-0.438991
-2.29253
-0.441653
-2.28019
-0.439751
-2.26827
-0.435926
-2.25733
-0.431861
-2.24674
-0.428335
-2.23619
-0.425685
-2.22566
-0.42388
-2.21556
-0.422606
-2.20652
-0.421331
-2.19879
-0.419625
-2.19255
-0.417323
-2.18824
-0.414407
-2.18633
-0.410872
-2.18744
-0.406647
-2.19222
-0.401417
-2.20133
-0.394501
-2.21563
-0.384493
-2.23567
-0.36433
-2.25987
-0.313845
-2.29299
-0.208491
-2.32767
-2.36167
-0.199878
-1.87641
-0.295755
-1.93005
-0.341316
-1.99595
-0.366151
-2.04282
-0.381841
-2.07777
-0.392654
-2.10444
-0.400561
-2.12522
-0.40657
-2.14176
-0.411236
-2.15509
-0.414837
-2.16596
-0.417597
-2.17518
-0.419702
-2.18316
-0.421251
-2.19062
-0.422399
-2.19791
-0.423244
-2.20545
-0.423916
-2.21361
-0.424521
-2.2227
-0.425108
-2.23297
-0.425677
-2.24442
-0.426193
-2.25709
-0.426722
-2.27045
-0.427816
-2.28365
-0.430311
-2.2964
-0.43279
-2.30685
-0.432732
-2.31479
-0.428435
-2.31912
-0.42446
-2.31956
-0.432983
-2.31783
-0.441875
-2.30959
-0.444799
-2.29834
-0.443148
-2.28734
-0.439535
-2.2772
-0.435683
-2.26765
-0.432379
-2.25825
-0.429961
-2.2489
-0.428385
-2.23984
-0.427307
-2.23166
-0.426186
-2.22448
-0.424616
-2.21858
-0.422451
-2.21436
-0.419702
-2.21255
-0.416371
-2.21374
-0.412392
-2.21863
-0.407481
-2.22788
-0.400959
-2.24256
-0.391347
-2.2632
-0.371928
-2.28824
-0.322155
-2.32177
-0.216091
-2.35834
-2.39838
-0.204163
-1.88096
-0.300182
-1.939
-0.345328
-2.00623
-0.369755
-2.05333
-0.385094
-2.08825
-0.395633
-2.11473
-0.403341
-2.13539
-0.4092
-2.15185
-0.413749
-2.16511
-0.417274
-2.17594
-0.419981
-2.18513
-0.422061
-2.19313
-0.4236
-2.2005
-0.424755
-2.20777
-0.425624
-2.21527
-0.426335
-2.22339
-0.426983
-2.23247
-0.427612
-2.24264
-0.428229
-2.25403
-0.428789
-2.26661
-0.429348
-2.28011
-0.430463
-2.29361
-0.43292
-2.30661
-0.435395
-2.31757
-0.435328
-2.32607
-0.431064
-2.33116
-0.427199
-2.33287
-0.435639
-2.33265
-0.444662
-2.32586
-0.447844
-2.31575
-0.446429
-2.30559
-0.443036
-2.29627
-0.439399
-2.28775
-0.436316
-2.27941
-0.434128
-2.27127
-0.432778
-2.26336
-0.431883
-2.25602
-0.430913
-2.24939
-0.429476
-2.24384
-0.427458
-2.23983
-0.424876
-2.23817
-0.421739
-2.2394
-0.417999
-2.24433
-0.413408
-2.25379
-0.407284
-2.26878
-0.398088
-2.29004
-0.379386
-2.31603
-0.330408
-2.34997
-0.223878
-2.38882
-2.43471
-0.208441
-1.88474
-0.304488
-1.94725
-0.349176
-2.01578
-0.373188
-2.06312
-0.388173
-2.09796
-0.398446
-2.12425
-0.40596
-2.1448
-0.411669
-2.16119
-0.416105
-2.17436
-0.419553
-2.18519
-0.422207
-2.19428
-0.424258
-2.20231
-0.425784
-2.20959
-0.426947
-2.21682
-0.427841
-2.2243
-0.428592
-2.23241
-0.42928
-2.24143
-0.429951
-2.25153
-0.430609
-2.26284
-0.431215
-2.27536
-0.431808
-2.28891
-0.432946
-2.30269
-0.435377
-2.31599
-0.437852
-2.32742
-0.437787
-2.33648
-0.433584
-2.34234
-0.429848
-2.34536
-0.438218
-2.3467
-0.447363
-2.34139
-0.45078
-2.33238
-0.449598
-2.32304
-0.446431
-2.31457
-0.443004
-2.307
-0.440148
-2.29976
-0.438194
-2.29282
-0.437062
-2.28608
-0.436338
-2.27957
-0.435517
-2.27359
-0.434217
-2.26844
-0.432348
-2.26469
-0.429922
-2.26312
-0.426973
-2.26441
-0.423477
-2.26942
-0.419204
-2.27908
-0.413479
-2.29436
-0.404717
-2.31615
-0.386704
-2.34324
-0.338618
-2.37753
-0.231833
-2.41861
-2.47052
-0.212711
-1.88779
-0.308675
-1.95482
-0.352868
-2.02464
-0.376452
-2.07224
-0.391077
-2.1069
-0.401092
-2.13304
-0.408417
-2.15347
-0.413977
-2.16976
-0.418304
-2.18288
-0.421671
-2.19362
-0.424275
-2.20271
-0.426289
-2.21064
-0.427809
-2.21795
-0.42898
-2.22514
-0.429899
-2.23257
-0.430682
-2.24063
-0.431405
-2.24957
-0.432118
-2.25959
-0.43282
-2.27086
-0.433472
-2.28331
-0.434105
-2.29692
-0.435267
-2.31094
-0.437682
-2.32452
-0.440163
-2.33644
-0.440114
-2.34607
-0.436002
-2.35274
-0.432418
-2.35706
-0.440725
-2.36002
-0.449973
-2.35619
-0.453607
-2.34822
-0.45266
-2.33974
-0.449716
-2.33212
-0.446504
-2.32541
-0.443883
-2.31934
-0.442159
-2.31358
-0.44123
-2.30792
-0.440682
-2.30238
-0.44001
-2.29709
-0.438847
-2.29238
-0.437122
-2.28895
-0.434848
-2.2875
-0.43209
-2.28886
-0.42884
-2.294
-0.424876
-2.30379
-0.419547
-2.31931
-0.411242
-2.34162
-0.393876
-2.36982
-0.34675
-2.40444
-0.239928
-2.4477
-2.50588
-0.216982
-1.89018
-0.312749
-1.9618
-0.356409
-2.03284
-0.379548
-2.08066
-0.393815
-2.11516
-0.403579
-2.14111
-0.410715
-2.16147
-0.416127
-2.17759
-0.420344
-2.19067
-0.423634
-2.20133
-0.426181
-2.21036
-0.428164
-2.21824
-0.429678
-2.22551
-0.430854
-2.23266
-0.431793
-2.24005
-0.432605
-2.24806
-0.433363
-2.25693
-0.43412
-2.26689
-0.434863
-2.27809
-0.435564
-2.29047
-0.436241
-2.30411
-0.437425
-2.31837
-0.439834
-2.33218
-0.442327
-2.34463
-0.442308
-2.35479
-0.438318
-2.36231
-0.434907
-2.368
-0.443155
-2.37256
-0.452486
-2.3702
-0.456329
-2.36331
-0.455615
-2.35567
-0.452893
-2.34888
-0.449906
-2.34309
-0.447519
-2.33813
-0.446015
-2.33352
-0.445292
-2.32901
-0.444918
-2.32447
-0.444387
-2.31985
-0.443366
-2.31563
-0.441786
-2.31258
-0.439667
-2.31132
-0.437106
-2.31283
-0.434092
-2.31806
-0.430427
-2.32795
-0.425496
-2.34367
-0.417666
-2.36653
-0.400906
-2.39575
-0.354814
-2.43092
-0.248178
-2.47621
-2.54089
-0.221259
-1.89189
-0.316713
-1.96818
-0.359797
-2.04039
-0.382478
-2.08838
-0.396393
-2.12271
-0.405915
-2.14853
-0.412858
-2.16874
-0.418126
-2.18475
-0.422231
-2.19772
-0.425441
-2.20832
-0.427931
-2.21724
-0.429883
-2.22512
-0.431384
-2.23228
-0.432564
-2.23939
-0.433522
-2.24674
-0.434364
-2.25469
-0.435162
-2.26354
-0.43596
-2.27347
-0.436741
-2.28456
-0.437492
-2.29689
-0.438221
-2.31051
-0.439426
-2.32503
-0.441842
-2.33911
-0.444343
-2.35201
-0.44437
-2.36269
-0.440535
-2.37105
-0.437315
-2.37819
-0.445506
-2.38434
-0.454909
-2.38349
-0.45895
-2.37773
-0.458463
-2.37087
-0.455968
-2.36491
-0.453215
-2.36007
-0.451055
-2.35618
-0.449774
-2.35269
-0.449256
-2.34937
-0.449045
-2.34579
-0.448656
-2.34195
-0.447776
-2.33827
-0.446338
-2.33554
-0.444387
-2.33458
-0.442019
-2.33629
-0.439232
-2.34158
-0.435863
-2.35156
-0.431336
-2.36752
-0.42399
-2.39083
-0.407827
-2.42116
-0.362828
-2.4571
-0.256597
-2.50426
-2.5755
-0.225539
-1.89296
-0.320566
-1.974
-0.363038
-2.04732
-0.385248
-2.09548
-0.398819
-2.1296
-0.4081
-2.1553
-0.414849
-2.17536
-0.419972
-2.1912
-0.423962
-2.20402
-0.427088
-2.21452
-0.429527
-2.22337
-0.431444
-2.23119
-0.432937
-2.23836
-0.434121
-2.24543
-0.435096
-2.25272
-0.435965
-2.26061
-0.4368
-2.26935
-0.43764
-2.27923
-0.438465
-2.29034
-0.439265
-2.30263
-0.440049
-2.31618
-0.441282
-2.33091
-0.443708
-2.34534
-0.446212
-2.35855
-0.446304
-2.36977
-0.442657
-2.37907
-0.439646
-2.38762
-0.447792
-2.39547
-0.457255
-2.39617
-0.461477
-2.39147
-0.461214
-2.38545
-0.458948
-2.38025
-0.45643
-2.37635
-0.454496
-2.37347
-0.453442
-2.37117
-0.453118
-2.36898
-0.453069
-2.36639
-0.452825
-2.36337
-0.452082
-2.3603
-0.450789
-2.35796
-0.449009
-2.35729
-0.446828
-2.35925
-0.444266
-2.36461
-0.441196
-2.37472
-0.437065
-2.39088
-0.430221
-2.41455
-0.414659
-2.44599
-0.370786
-2.48299
-0.265181
-2.53168
-2.60984
-0.229828
-1.89342
-0.324317
-1.97929
-0.366143
-2.05373
-0.387868
-2.10197
-0.401102
-2.13593
-0.410139
-2.16147
-0.41669
-2.18131
-0.421664
-2.19696
-0.425539
-2.20964
-0.428583
-2.22003
-0.43097
-2.22879
-0.432858
-2.23656
-0.434346
-2.24374
-0.435532
-2.25075
-0.436523
-2.258
-0.437414
-2.26582
-0.438282
-2.2745
-0.439169
-2.28431
-0.440042
-2.2954
-0.440887
-2.30768
-0.441731
-2.32116
-0.442997
-2.33605
-0.445429
-2.35083
-0.447939
-2.36433
-0.448121
-2.37607
-0.44469
-2.38636
-0.441909
-2.39636
-0.450016
-2.40595
-0.459524
-2.40815
-0.463922
-2.4046
-0.463879
-2.39943
-0.461841
-2.39502
-0.459554
-2.39198
-0.457856
-2.39014
-0.457027
-2.38903
-0.456887
-2.38793
-0.457
-2.38633
-0.4569
-2.38418
-0.456298
-2.38176
-0.455149
-2.3799
-0.453539
-2.3795
-0.451546
-2.38174
-0.449215
-2.38732
-0.446436
-2.39752
-0.442696
-2.41382
-0.436372
-2.43791
-0.421419
-2.47035
-0.378673
-2.50865
-0.273939
-2.55858
-2.64395
-0.234135
-1.89333
-0.327976
-1.98414
-0.369116
-2.05961
-0.390352
-2.10792
-0.403252
-2.14172
-0.412038
-2.16707
-0.418391
-2.18668
-0.423217
-2.20216
-0.426977
-2.21463
-0.429943
-2.22495
-0.43228
-2.23365
-0.434139
-2.24136
-0.435613
-2.24847
-0.436799
-2.2554
-0.437804
-2.26259
-0.438722
-2.27037
-0.439627
-2.27902
-0.440555
-2.28876
-0.441472
-2.29976
-0.442367
-2.31203
-0.443279
-2.3256
-0.444581
-2.34055
-0.44702
-2.35571
-0.449545
-2.36953
-0.449833
-2.38173
-0.44664
-2.39298
-0.444113
-2.40446
-0.452184
-2.41584
-0.461732
-2.4196
-0.466297
-2.41728
-0.466469
-2.41289
-0.464659
-2.40926
-0.462607
-2.40706
-0.461148
-2.40628
-0.460532
-2.40626
-0.460578
-2.40628
-0.460853
-2.40576
-0.460896
-2.40444
-0.460436
-2.40273
-0.459436
-2.40139
-0.457997
-2.40141
-0.456196
-2.40385
-0.454097
-2.40974
-0.451606
-2.42008
-0.448255
-2.43653
-0.442455
-2.46092
-0.428134
-2.49426
-0.386502
-2.53422
-0.2829
-2.58526
-2.67794
-0.238474
-1.89279
-0.331553
-1.98863
-0.371973
-2.06511
-0.392712
-2.11343
-0.405277
-2.14703
-0.413812
-2.17216
-0.419971
-2.19158
-0.424643
-2.20685
-0.428296
-2.2191
-0.431189
-2.22937
-0.433477
-2.238
-0.435303
-2.24565
-0.436757
-2.25271
-0.437941
-2.25954
-0.438961
-2.26667
-0.439905
-2.27438
-0.440844
-2.28297
-0.441811
-2.29265
-0.442772
-2.3036
-0.443728
-2.31586
-0.444709
-2.32952
-0.446054
-2.34451
-0.448503
-2.36002
-0.451048
-2.37421
-0.451459
-2.38688
-0.448526
-2.39906
-0.446274
-2.41204
-0.45432
-2.42527
-0.463906
-2.4307
-0.468617
-2.4295
-0.468999
-2.42595
-0.467414
-2.42303
-0.465606
-2.42172
-0.464379
-2.42193
-0.46398
-2.42301
-0.464217
-2.42422
-0.464646
-2.42473
-0.464831
-2.42429
-0.464516
-2.42333
-0.463674
-2.42257
-0.462405
-2.42307
-0.460801
-2.4258
-0.458939
-2.43195
-0.456739
-2.4426
-0.453766
-2.4592
-0.448488
-2.48377
-0.434842
-2.51798
-0.394307
-2.55981
-0.292107
-2.61198
-2.71207
-0.242865
-1.89193
-0.335072
-1.99289
-0.374739
-2.07038
-0.394972
-2.11866
-0.407198
-2.15206
-0.415482
-2.17691
-0.421446
-2.19608
-0.425969
-2.21112
-0.429524
-2.22328
-0.43234
-2.23341
-0.43458
-2.24198
-0.436374
-2.24955
-0.437812
-2.25658
-0.438998
-2.26339
-0.440029
-2.27046
-0.440995
-2.2781
-0.441965
-2.28661
-0.44297
-2.29621
-0.443977
-2.3071
-0.444993
-2.31935
-0.446037
-2.333
-0.447437
-2.34809
-0.449897
-2.36392
-0.452474
-2.37848
-0.453025
-2.39168
-0.450369
-2.40475
-0.448413
-2.4192
-0.45645
-2.43432
-0.466063
-2.44154
-0.47091
-2.44149
-0.471497
-2.43879
-0.47014
-2.43663
-0.46857
-2.43612
-0.467578
-2.4373
-0.467398
-2.43947
-0.467818
-2.44179
-0.468402
-2.44335
-0.468737
-2.44389
-0.468568
-2.44375
-0.46789
-2.44357
-0.466799
-2.44465
-0.465396
-2.44775
-0.463773
-2.45421
-0.461861
-2.46512
-0.459259
-2.48189
-0.454517
-2.50675
-0.441588
-2.54176
-0.402105
-2.58557
-0.30161
-2.63859
-2.74716
-0.24734
-1.89099
-0.338567
-1.99715
-0.377447
-2.0756
-0.397171
-2.12383
-0.409057
-2.15701
-0.417082
-2.18159
-0.422847
-2.20039
-0.427236
-2.21526
-0.430695
-2.22733
-0.433433
-2.23732
-0.435624
-2.24582
-0.437389
-2.25332
-0.438816
-2.2603
-0.440007
-2.26711
-0.44105
-2.27413
-0.442035
-2.28171
-0.443031
-2.29013
-0.444069
-2.29963
-0.445123
-2.31041
-0.446194
-2.32267
-0.447299
-2.33632
-0.448762
-2.35144
-0.451237
-2.36761
-0.453858
-2.38258
-0.454561
-2.39631
-0.452199
-2.41025
-0.450561
-2.42616
-0.458607
-2.44324
-0.468236
-2.45227
-0.473213
-2.45343
-0.474003
-2.45163
-0.472871
-2.45016
-0.47154
-2.45048
-0.470781
-2.45261
-0.470818
-2.45585
-0.471417
-2.45928
-0.472162
-2.4619
-0.472651
-2.46346
-0.472632
-2.46413
-0.472127
-2.46472
-0.471215
-2.46634
-0.470019
-2.46991
-0.46863
-2.47669
-0.467001
-2.48786
-0.46478
-2.50488
-0.460582
-2.53003
-0.448414
-2.56576
-0.409905
-2.61174
-0.311423
-2.66528
-2.782
-0.25195
-1.89027
-0.342083
-2.00167
-0.380143
-2.08104
-0.399355
-2.12918
-0.410903
-2.16217
-0.418661
-2.18645
-0.424235
-2.20487
-0.428497
-2.2196
-0.431858
-2.23153
-0.434524
-2.24143
-0.436667
-2.24983
-0.438405
-2.2573
-0.439819
-2.26423
-0.441011
-2.27098
-0.442064
-2.27794
-0.443066
-2.28544
-0.444085
-2.29377
-0.445153
-2.30317
-0.446251
-2.31384
-0.447378
-2.32606
-0.448545
-2.33977
-0.450078
-2.35493
-0.452575
-2.37138
-0.45525
-2.3868
-0.456113
-2.4011
-0.454062
-2.41581
-0.452771
-2.43321
-0.460835
-2.45232
-0.470471
-2.46319
-0.475575
-2.46565
-0.476555
-2.4647
-0.475651
-2.46393
-0.474561
-2.46508
-0.474038
-2.46811
-0.474292
-2.47247
-0.475069
-2.47699
-0.47598
-2.48068
-0.476623
-2.4833
-0.476763
-2.48485
-0.476432
-2.48624
-0.475703
-2.48842
-0.474721
-2.49254
-0.473572
-2.49975
-0.472233
-2.51128
-0.470389
-2.52865
-0.466732
-2.55396
-0.455376
-2.59038
-0.417767
-2.63854
-0.321531
-2.69288
-2.8169
-0.256763
-1.89025
-0.345686
-2.00688
-0.382896
-2.08717
-0.401596
-2.13519
-0.412798
-2.16795
-0.420291
-2.19184
-0.425686
-2.21002
-0.429818
-2.22449
-0.433086
-2.23631
-0.435683
-2.24611
-0.437782
-2.25449
-0.439489
-2.26187
-0.440886
-2.26871
-0.442075
-2.2754
-0.443136
-2.2823
-0.444154
-2.28972
-0.445195
-2.29796
-0.446292
-2.30725
-0.447433
-2.31787
-0.448612
-2.32995
-0.449847
-2.3437
-0.451457
-2.35898
-0.453982
-2.37567
-0.456722
-2.39159
-0.457744
-2.40644
-0.45602
-2.42184
-0.455103
-2.44069
-0.463201
-2.4619
-0.472843
-2.47473
-0.47806
-2.47855
-0.479224
-2.47841
-0.47855
-2.47844
-0.477698
-2.4803
-0.477418
-2.4843
-0.477885
-2.48968
-0.478844
-2.49529
-0.479924
-2.50013
-0.480724
-2.50376
-0.481033
-2.50634
-0.480878
-2.50854
-0.480345
-2.51144
-0.479586
-2.51616
-0.478688
-2.5239
-0.477647
-2.53583
-0.47617
-2.55357
-0.473059
-2.57911
-0.462551
-2.6162
-0.425788
-2.66639
-0.33206
-2.72171
-2.85389
-0.261878
-1.89156
-0.349478
-2.01342
-0.385807
-2.0945
-0.403992
-2.14245
-0.414835
-2.17487
-0.422072
-2.19836
-0.427294
-2.21631
-0.431298
-2.23056
-0.434475
-2.24224
-0.437012
-2.25199
-0.439064
-2.26029
-0.440737
-2.2676
-0.442117
-2.27437
-0.443303
-2.28101
-0.444371
-2.28784
-0.445404
-2.29519
-0.446464
-2.30334
-0.447591
-2.31252
-0.448765
-2.32301
-0.449999
-2.33499
-0.451304
-2.34876
-0.452992
-2.36417
-0.455553
-2.381
-0.45836
-2.39742
-0.459543
-2.41282
-0.458165
-2.42896
-0.457649
-2.44921
-0.465795
-2.47256
-0.475435
-2.48737
-0.480755
-2.49254
-0.482111
-2.49338
-0.481662
-2.49415
-0.481056
-2.4968
-0.481013
-2.50175
-0.48169
-2.50808
-0.482838
-2.51483
-0.484086
-2.52077
-0.485051
-2.52547
-0.485535
-2.52905
-0.485572
-2.53219
-0.48525
-2.53593
-0.484722
-2.54137
-0.484079
-2.54964
-0.483338
-2.56206
-0.482232
-2.58018
-0.479676
-2.60619
-0.470035
-2.64374
-0.434072
-2.69588
-0.343176
-2.75246
-2.89283
-0.267431
-1.89503
-0.353587
-2.02205
-0.389008
-2.10385
-0.406667
-2.15167
-0.417147
-2.18374
-0.424135
-2.20683
-0.42919
-2.2245
-0.433076
-2.23863
-0.436166
-2.25017
-0.438637
-2.25981
-0.44064
-2.26801
-0.442282
-2.27527
-0.443645
-2.28196
-0.444827
-2.28852
-0.445902
-2.29529
-0.446948
-2.30257
-0.448028
-2.31063
-0.449181
-2.31974
-0.450388
-2.33008
-0.451676
-2.342
-0.45305
-2.35569
-0.454811
-2.37123
-0.457413
-2.38818
-0.460289
-2.40506
-0.461644
-2.42102
-0.460635
-2.43796
-0.460542
-2.45958
-0.46874
-2.48501
-0.478368
-2.50184
-0.483792
-2.50848
-0.485333
-2.51029
-0.485116
-2.51179
-0.484764
-2.51534
-0.484952
-2.52112
-0.485843
-2.52849
-0.487173
-2.53626
-0.488595
-2.54331
-0.489733
-2.54921
-0.490401
-2.55382
-0.490646
-2.558
-0.490546
-2.56264
-0.490253
-2.56884
-0.48987
-2.57774
-0.489434
-2.59069
-0.488717
-2.60931
-0.486711
-2.63584
-0.477961
-2.67385
-0.442768
-2.72786
-0.354968
-2.78581
-2.93448
-0.273602
-1.90174
-0.358199
-2.03389
-0.39268
-2.11636
-0.409802
-2.16394
-0.419922
-2.19563
-0.426669
-2.21838
-0.431565
-2.23579
-0.435335
-2.24972
-0.438335
-2.26112
-0.440735
-2.27063
-0.442691
-2.27872
-0.444299
-2.28589
-0.445645
-2.2925
-0.446822
-2.299
-0.447902
-2.3057
-0.448961
-2.31291
-0.450062
-2.32089
-0.451238
-2.3299
-0.45248
-2.34013
-0.453817
-2.35193
-0.455259
-2.36557
-0.457092
-2.38117
-0.459748
-2.39831
-0.462692
-2.41565
-0.464224
-2.43213
-0.4636
-2.4498
-0.463948
-2.4728
-0.472203
-2.50024
-0.48182
-2.51919
-0.487337
-2.52732
-0.489062
-2.53009
-0.489091
-2.53249
-0.488988
-2.5369
-0.489414
-2.54353
-0.490517
-2.55195
-0.492029
-2.56071
-0.493637
-2.56893
-0.494956
-2.57598
-0.495821
-2.58178
-0.496279
-2.587
-0.496408
-2.59262
-0.496359
-2.59964
-0.496249
-2.60929
-0.49613
-2.62291
-0.495805
-2.64208
-0.494346
-2.66908
-0.486525
-2.70776
-0.452051
-2.76346
-0.367597
-2.82263
-2.97994
-0.280639
-1.91325
-0.363564
-2.0504
-0.397073
-2.13343
-0.413648
-2.18075
-0.423412
-2.212
-0.429928
-2.23442
-0.434665
-2.25156
-0.438316
-2.26529
-0.441223
-2.27651
-0.443552
-2.28586
-0.445457
-2.29384
-0.447031
-2.3009
-0.44836
-2.30744
-0.449532
-2.31388
-0.450617
-2.32051
-0.451689
-2.32765
-0.45281
-2.33555
-0.45401
-2.34448
-0.455285
-2.35461
-0.45667
-2.36629
-0.458179
-2.37987
-0.460087
-2.39553
-0.462801
-2.41284
-0.465809
-2.43051
-0.467524
-2.44753
-0.467297
-2.466
-0.468099
-2.49027
-0.47642
-2.51969
-0.486018
-2.54068
-0.491626
-2.55043
-0.493547
-2.55432
-0.493823
-2.55764
-0.493969
-2.56282
-0.494643
-2.57047
-0.495953
-2.5798
-0.497659
-2.58966
-0.499449
-2.599
-0.500955
-2.60715
-0.502031
-2.61419
-0.502714
-2.6206
-0.503079
-2.62725
-0.503288
-2.63523
-0.503469
-2.6457
-0.503675
-2.66011
-0.503742
-2.67986
-0.502839
-2.7075
-0.495964
-2.74673
-0.46217
-2.80411
-0.381311
-2.86468
-3.03048
-0.288867
-1.93146
-0.370001
-2.07345
-0.402512
-2.15694
-0.418536
-2.20401
-0.427945
-2.23478
-0.434232
-2.25681
-0.438813
-2.27368
-0.442345
-2.28723
-0.445155
-2.29824
-0.447411
-2.30738
-0.449268
-2.31528
-0.450806
-2.32226
-0.452117
-2.32868
-0.453282
-2.33503
-0.454371
-2.34158
-0.455456
-2.34865
-0.4566
-2.3565
-0.457825
-2.36539
-0.459135
-2.37543
-0.460564
-2.38701
-0.46214
-2.40045
-0.464123
-2.41617
-0.466892
-2.43363
-0.469966
-2.45158
-0.471877
-2.46917
-0.472058
-2.4885
-0.473321
-2.51398
-0.481705
-2.54525
-0.491279
-2.56825
-0.496984
-2.57968
-0.499105
-2.58476
-0.499625
-2.58899
-0.500036
-2.59509
-0.500952
-2.60371
-0.502472
-2.61398
-0.504372
-2.62485
-0.506342
-2.6353
-0.508044
-2.64464
-0.509341
-2.65289
-0.510262
-2.66056
-0.510883
-2.66838
-0.511366
-2.67742
-0.511846
-2.68883
-0.512378
-2.70398
-0.512855
-2.72449
-0.512502
-2.7528
-0.506591
-2.79267
-0.473466
-2.8516
-0.396418
-2.91384
-3.08777
-0.298708
-1.95883
-0.377942
-2.10562
-0.409429
-2.1894
-0.424895
-2.23617
-0.433949
-2.26644
-0.440009
-2.28808
-0.444436
-2.30465
-0.447844
-2.31794
-0.450556
-2.32873
-0.452744
-2.33775
-0.454551
-2.34548
-0.456057
-2.35237
-0.457351
-2.35876
-0.458508
-2.36503
-0.459601
-2.37152
-0.460699
-2.37851
-0.461863
-2.38628
-0.463112
-2.39505
-0.464455
-2.405
-0.465929
-2.41649
-0.467578
-2.4299
-0.469632
-2.44563
-0.472458
-2.4632
-0.475605
-2.48149
-0.477721
-2.49959
-0.478318
-2.51977
-0.480041
-2.54646
-0.488484
-2.57936
-0.498031
-2.60441
-0.503825
-2.61745
-0.506153
-2.62384
-0.506933
-2.6291
-0.507611
-2.63621
-0.508761
-2.64565
-0.510491
-2.65689
-0.51258
-2.66876
-0.514739
-2.68029
-0.516645
-2.69086
-0.518168
-2.70036
-0.51934
-2.70927
-0.520229
-2.71836
-0.520995
-2.7285
-0.52178
-2.74093
-0.522656
-2.75699
-0.523547
-2.77834
-0.523751
-2.80731
-0.51882
-2.84805
-0.486342
-2.90833
-0.413279
-2.97209
-3.15408
-0.310727
-1.99868
-0.387951
-2.15016
-0.418386
-2.23412
-0.433282
-2.28046
-0.44199
-2.31021
-0.447828
-2.33151
-0.452095
-2.34775
-0.455376
-2.36076
-0.457997
-2.37132
-0.460116
-2.3802
-0.461872
-2.38777
-0.46335
-2.39457
-0.464631
-2.40092
-0.465784
-2.40714
-0.46688
-2.41356
-0.467987
-2.42047
-0.469164
-2.42813
-0.470431
-2.43678
-0.471808
-2.44665
-0.473334
-2.45806
-0.475054
-2.47141
-0.477181
-2.48714
-0.480072
-2.50486
-0.483293
-2.52347
-0.485619
-2.54202
-0.486638
-2.56308
-0.488816
-2.59092
-0.497321
-2.62536
-0.50683
-2.65237
-0.512718
-2.66711
-0.515262
-2.67487
-0.516311
-2.68128
-0.517243
-2.68931
-0.518623
-2.6996
-0.520558
-2.71171
-0.522836
-2.72457
-0.525185
-2.73713
-0.5273
-2.74887
-0.529054
-2.75968
-0.530482
-2.76988
-0.531643
-2.78023
-0.532703
-2.79153
-0.53381
-2.80509
-0.53504
-2.82217
-0.536349
-2.84437
-0.537126
-2.8742
-0.533172
-2.91576
-0.501275
-2.97729
-0.432352
-3.04193
-3.2322
-0.325649
-2.05524
-0.400755
-2.21123
-0.43011
-2.29525
-0.444433
-2.3411
-0.452804
-2.37038
-0.458422
-2.39126
-0.462529
-2.40722
-0.465683
-2.4199
-0.468214
-2.43025
-0.470264
-2.43891
-0.471975
-2.44642
-0.473425
-2.45312
-0.474691
-2.45939
-0.475838
-2.46554
-0.476935
-2.47188
-0.47805
-2.47871
-0.479239
-2.48629
-0.480527
-2.49486
-0.481939
-2.50463
-0.483511
-2.51598
-0.485299
-2.52919
-0.487503
-2.54492
-0.490465
-2.56282
-0.493763
-2.58169
-0.496305
-2.60076
-0.49774
-2.62257
-0.500378
-2.65155
-0.508952
-2.68755
-0.51842
-2.7164
-0.524405
-2.73291
-0.527171
-2.74209
-0.52848
-2.74965
-0.529659
-2.75859
-0.531262
-2.76974
-0.533391
-2.78263
-0.53585
-2.79635
-0.538385
-2.80995
-0.540707
-2.8228
-0.542694
-2.83484
-0.544381
-2.84633
-0.545822
-2.85798
-0.547193
-2.8706
-0.548628
-2.88536
-0.550214
-2.90343
-0.551948
-2.92658
-0.553295
-2.95725
-0.550315
-2.99966
-0.518869
-3.06247
-0.45423
-3.1266
-3.32574
-0.3444
-2.1338
-0.417285
-2.29419
-0.445541
-2.37819
-0.459293
-2.42349
-0.467326
-2.45228
-0.472723
-2.47267
-0.476672
-2.48832
-0.479704
-2.5007
-0.482144
-2.51083
-0.484131
-2.51936
-0.485798
-2.52672
-0.487218
-2.53332
-0.488466
-2.5395
-0.489605
-2.54558
-0.490702
-2.55185
-0.491825
-2.5586
-0.493029
-2.56609
-0.494338
-2.57456
-0.495784
-2.58425
-0.497399
-2.59552
-0.499255
-2.60866
-0.501541
-2.62437
-0.50457
-2.64241
-0.507952
-2.6615
-0.510717
-2.68114
-0.512565
-2.7037
-0.515669
-2.73373
-0.52432
-2.77129
-0.533747
-2.80191
-0.539835
-2.82025
-0.542813
-2.83092
-0.54437
-2.83954
-0.545787
-2.84939
-0.547596
-2.86125
-0.549903
-2.8749
-0.552529
-2.88936
-0.555242
-2.90385
-0.557763
-2.91779
-0.559979
-2.93095
-0.561931
-2.94378
-0.563663
-2.95675
-0.565352
-2.97073
-0.567113
-2.98668
-0.569062
-3.00584
-0.571218
-3.03001
-0.573125
-3.06148
-0.571116
-3.10475
-0.53989
-3.16871
-0.479688
-3.23061
-3.43892
-0.368152
-2.24109
-0.438726
-2.40574
-0.465871
-2.48966
-0.47905
-2.53444
-0.486744
-2.56261
-0.491922
-2.58262
-0.49571
-2.59784
-0.498625
-2.60994
-0.500985
-2.61989
-0.502909
-2.62826
-0.50453
-2.6355
-0.50592
-2.642
-0.50715
-2.64811
-0.508281
-2.6541
-0.509378
-2.66029
-0.510508
-2.66696
-0.511724
-2.67436
-0.513053
-2.68274
-0.514533
-2.69233
-0.516191
-2.70352
-0.518115
-2.7166
-0.520479
-2.73221
-0.523573
-2.75038
-0.527049
-2.7697
-0.530038
-2.78985
-0.5323
-2.81315
-0.535873
-2.84426
-0.544605
-2.88322
-0.554005
-2.91567
-0.560191
-2.93586
-0.563366
-2.94796
-0.565155
-2.95768
-0.566785
-2.96829
-0.568781
-2.98082
-0.571247
-2.99503
-0.574023
-3.01019
-0.576897
-3.02541
-0.579602
-3.04028
-0.582045
-3.05453
-0.584261
-3.06861
-0.586291
-3.08295
-0.588295
-3.09829
-0.590384
-3.11546
-0.592698
-3.13574
-0.595268
-3.16087
-0.597727
-3.19327
-0.596661
-3.23728
-0.565335
-3.30209
-0.509723
-3.35994
-3.57732
-0.398391
-2.38559
-0.466565
-2.55439
-0.492591
-2.63812
-0.505198
-2.68237
-0.512562
-2.70998
-0.517522
-2.72954
-0.521151
-2.74439
-0.523956
-2.75619
-0.526235
-2.76593
-0.528098
-2.77416
-0.529677
-2.78127
-0.531038
-2.78768
-0.53225
-2.7937
-0.533372
-2.79963
-0.534469
-2.80574
-0.535603
-2.81232
-0.536831
-2.81963
-0.53818
-2.8279
-0.539692
-2.83744
-0.54139
-2.8485
-0.543376
-2.8615
-0.545818
-2.87704
-0.548978
-2.89528
-0.552548
-2.91484
-0.555755
-2.93541
-0.55843
-2.95941
-0.562466
-2.99147
-0.571291
-3.0318
-0.580671
-3.06606
-0.586937
-3.08803
-0.590295
-3.10151
-0.592292
-3.11229
-0.594116
-3.12356
-0.596273
-3.13672
-0.598874
-3.15134
-0.601776
-3.16704
-0.604787
-3.18285
-0.607661
-3.19848
-0.610321
-3.21376
-0.612792
-3.22899
-0.615114
-3.24459
-0.617428
-3.26122
-0.619846
-3.27968
-0.622515
-3.30107
-0.625492
-3.32717
-0.628482
-3.36037
-0.628325
-3.40511
-0.596497
-3.47067
-0.545612
-3.52187
-3.74839
-0.436967
-2.5777
-0.502667
-2.75065
-0.527563
-2.83415
-0.539604
-2.87776
-0.546646
-2.90488
-0.551395
-2.92399
-0.554877
-2.93853
-0.557572
-2.95009
-0.55977
-2.95955
-0.561575
-2.96766
-0.563111
-2.97463
-0.564444
-2.98094
-0.565638
-2.98688
-0.56675
-2.99273
-0.567846
-2.99876
-0.568985
-3.00526
-0.570222
-3.01247
-0.571592
-3.02064
-0.57313
-3.03007
-0.574868
-3.04104
-0.576916
-3.05396
-0.579434
-3.06945
-0.582654
-3.08766
-0.586316
-3.1074
-0.589734
-3.12837
-0.592807
-3.15298
-0.597296
-3.18588
-0.606217
-3.22745
-0.615564
-3.26338
-0.62189
-3.28699
-0.625411
-3.30187
-0.627592
-3.31355
-0.629589
-3.32554
-0.631874
-3.33907
-0.634584
-3.35403
-0.637581
-3.37002
-0.640704
-3.38629
-0.643725
-3.4025
-0.64658
-3.41862
-0.649287
-3.43482
-0.651885
-3.4516
-0.654501
-3.46947
-0.657242
-3.48914
-0.660258
-3.51167
-0.663619
-3.53873
-0.667109
-3.57259
-0.667832
-3.6179
-0.634949
-3.68409
-0.588855
-3.72507
-3.95946
-0.486169
-2.83036
-0.549326
-3.00737
-0.57309
-3.09064
-0.584576
-3.13369
-0.591306
-3.16031
-0.595853
-3.179
-0.599195
-3.19321
-0.601786
-3.20451
-0.603911
-3.21386
-0.605658
-3.22176
-0.607158
-3.22869
-0.608461
-3.23491
-0.609632
-3.24072
-0.610734
-3.24646
-0.611829
-3.25241
-0.612974
-3.25885
-0.614223
-3.26601
-0.615607
-3.27409
-0.617167
-3.28336
-0.618943
-3.29419
-0.621051
-3.30704
-0.623636
-3.32241
-0.626911
-3.34057
-0.630659
-3.36046
-0.634274
-3.38172
-0.637723
-3.40676
-0.642641
-3.44039
-0.65164
-3.4829
-0.660929
-3.52034
-0.667289
-3.54539
-0.67094
-3.5615
-0.673283
-3.57406
-0.675418
-3.58658
-0.677803
-3.60037
-0.680588
-3.61554
-0.683648
-3.63162
-0.686851
-3.64819
-0.689982
-3.66473
-0.692991
-3.68138
-0.695911
-3.69832
-0.698769
-3.71617
-0.701671
-3.73518
-0.704722
-3.756
-0.708073
-3.77963
-0.71179
-3.80754
-0.715741
-3.84203
-0.717294
-3.88766
-0.682619
-3.9541
-0.641273
-3.98073
-4.22141
-0.548809
-3.15934
-0.609362
-3.34042
-0.632003
-3.42343
-0.642955
-3.46602
-0.649383
-3.49224
-0.653733
-3.51048
-0.656939
-3.5244
-0.659443
-3.53547
-0.661498
-3.54474
-0.663194
-3.55247
-0.66466
-3.55933
-0.66593
-3.56546
-0.667077
-3.57114
-0.668167
-3.57677
-0.669262
-3.58264
-0.670418
-3.58902
-0.671679
-3.59614
-0.673074
-3.60411
-0.674649
-3.61326
-0.676458
-3.6239
-0.678619
-3.63662
-0.681269
-3.6519
-0.684597
-3.67003
-0.688416
-3.68994
-0.692199
-3.71139
-0.695986
-3.73667
-0.701285
-3.77065
-0.710324
-3.81385
-0.719507
-3.8523
-0.725855
-3.87857
-0.729597
-3.89564
-0.732063
-3.90891
-0.734298
-3.92174
-0.736757
-3.9357
-0.739587
-3.95094
-0.742681
-3.96707
-0.745916
-3.98361
-0.749105
-4.00024
-0.752218
-4.01705
-0.755314
-4.03449
-0.758394
-4.05304
-0.76156
-4.07299
-0.764907
-4.09487
-0.768564
-4.11953
-0.772611
-4.14818
-0.776976
-4.18321
-0.779293
-4.22893
-0.741928
-4.29529
-0.7053
-4.30293
-4.54879
-0.628307
-3.58375
-0.68621
-3.76891
-0.707748
-3.85182
-0.718185
-3.89394
-0.724323
-3.91981
-0.728492
-3.93775
-0.731573
-3.95142
-0.733997
-3.96229
-0.735984
-3.97143
-0.737634
-3.97904
-0.739065
-3.9858
-0.740307
-3.99186
-0.741437
-3.99751
-0.742519
-4.00309
-0.743611
-4.00889
-0.744772
-4.01515
-0.746036
-4.02213
-0.747441
-4.02997
-0.749034
-4.03899
-0.750877
-4.04959
-0.753081
-4.06214
-0.755785
-4.07721
-0.759149
-4.09518
-0.763019
-4.115
-0.766935
-4.13647
-0.770999
-4.16172
-0.776613
-4.19572
-0.785619
-4.23909
-0.794621
-4.27803
-0.800888
-4.30499
-0.804657
-4.32271
-0.807188
-4.33623
-0.809491
-4.34931
-0.811996
-4.36325
-0.814848
-4.37846
-0.817933
-4.39445
-0.821148
-4.41072
-0.824336
-4.42711
-0.827493
-4.44377
-0.830688
-4.46121
-0.833931
-4.47994
-0.837325
-4.50056
-0.84094
-4.52329
-0.844878
-4.54887
-0.849229
-4.57821
-0.853958
-4.61372
-0.856976
-4.65932
-0.815839
-4.72524
-0.783924
-4.70825
-4.95808
-0.728786
-4.12659
-0.784
-4.31571
-0.804457
-4.39863
-0.814399
-4.44045
-0.820274
-4.46601
-0.824288
-4.48383
-0.827256
-4.49733
-0.829604
-4.50806
-0.831527
-4.51708
-0.833137
-4.52459
-0.834532
-4.53129
-0.835753
-4.53727
-0.836875
-4.5429
-0.83795
-4.54843
-0.839039
-4.55415
-0.840194
-4.56031
-0.841455
-4.56713
-0.842867
-4.57485
-0.844482
-4.58373
-0.846353
-4.59417
-0.848591
-4.60658
-0.85133
-4.62146
-0.854706
-4.63904
-0.858596
-4.65873
-0.862589
-4.6799
-0.866859
-4.70481
-0.872688
-4.73834
-0.881555
-4.78117
-0.890267
-4.81994
-0.896344
-4.84683
-0.900042
-4.86451
-0.902581
-4.87797
-0.904907
-4.89095
-0.907424
-4.90473
-0.91026
-4.91966
-0.913298
-4.93536
-0.916446
-4.95123
-0.919572
-4.96709
-0.922694
-4.98324
-0.925891
-5.00019
-0.929208
-5.01853
-0.932757
-5.03911
-0.936597
-5.06232
-0.940794
-5.0886
-0.945438
-5.11875
-0.950499
-5.15471
-0.95417
-5.2003
-0.907942
-5.26543
-0.880877
-5.21708
-5.47276
-0.855146
-4.81497
-0.907626
-5.00792
-0.927028
-5.09081
-0.936516
-5.13258
-0.942165
-5.15807
-0.946047
-5.17589
-0.948918
-5.18931
-0.951197
-5.19996
-0.953063
-5.20885
-0.95464
-5.21635
-0.956003
-5.22299
-0.957205
-5.22891
-0.958313
-5.23448
-0.95938
-5.23994
-0.960464
-5.24557
-0.961615
-5.25165
-0.962876
-5.25836
-0.964293
-5.26596
-0.965914
-5.27469
-0.967801
-5.28484
-0.97007
-5.29707
-0.972827
-5.3117
-0.976193
-5.329
-0.980046
-5.34814
-0.984047
-5.36872
-0.988422
-5.3929
-0.994328
-5.42527
-1.00291
-5.46673
-1.01119
-5.50432
-1.01694
-5.53041
-1.02046
-5.54732
-1.02292
-5.56023
-1.02521
-5.57261
-1.02769
-5.58595
-1.03047
-5.60038
-1.03344
-5.6157
-1.03649
-5.6311
-1.03951
-5.64638
-1.04253
-5.6618
-1.04564
-5.67795
-1.04892
-5.69542
-1.0525
-5.71522
-1.05648
-5.73809
-1.06091
-5.76457
-1.06587
-5.79559
-1.07132
-5.8326
-1.0757
-5.87898
-1.02295
-5.94429
-1.00151
-5.85848
-6.12797
-1.01315
-5.68067
-1.06285
-5.8772
-1.08123
-5.96016
-1.0903
-6.00193
-1.09576
-6.02759
-1.09952
-6.04543
-1.10232
-6.05883
-1.10454
-6.06958
-1.10636
-6.07833
-1.10791
-6.0859
-1.10924
-6.0925
-1.11042
-6.09837
-1.11152
-6.10387
-1.11258
-6.10928
-1.11365
-6.11484
-1.1148
-6.1208
-1.11606
-6.12741
-1.11748
-6.13487
-1.1191
-6.14344
-1.121
-6.15338
-1.12328
-6.16539
-1.12604
-6.1796
-1.12935
-6.19639
-1.1331
-6.21476
-1.13703
-6.23447
-1.14139
-6.2574
-1.14721
-6.28792
-1.15536
-6.32723
-1.16305
-6.36284
-1.16833
-6.38732
-1.17156
-6.40283
-1.17386
-6.41468
-1.17605
-6.42616
-1.17845
-6.43884
-1.18116
-6.45272
-1.18404
-6.46744
-1.18699
-6.48243
-1.1899
-6.49725
-1.19281
-6.5122
-1.19581
-6.52764
-1.19899
-6.54443
-1.20252
-6.56333
-1.20653
-6.5854
-1.21113
-6.61149
-1.21645
-6.64289
-1.22247
-6.6815
-1.228
-6.73091
-1.16836
-6.80152
-1.15539
-6.69123
-6.99177
-1.21031
-6.77001
-1.25705
-6.96705
-1.27444
-7.05021
-1.28315
-7.09229
-1.28844
-7.11823
-1.2921
-7.13625
-1.29485
-7.14976
-1.29704
-7.16075
-1.29882
-7.1696
-1.30034
-7.17708
-1.30165
-7.18368
-1.30281
-7.18951
-1.30389
-7.19497
-1.30494
-7.20031
-1.30602
-7.2058
-1.30716
-7.21167
-1.30842
-7.21816
-1.30984
-7.22549
-1.31146
-7.23388
-1.31336
-7.24359
-1.31563
-7.25532
-1.31834
-7.26901
-1.32154
-7.28498
-1.32512
-7.30235
-1.32884
-7.3204
-1.33297
-7.34101
-1.33848
-7.36827
-1.34592
-7.40371
-1.35275
-7.43516
-1.35732
-7.45579
-1.36007
-7.46833
-1.36206
-7.47782
-1.36404
-7.48739
-1.36627
-7.49854
-1.36883
-7.5112
-1.37155
-7.52464
-1.37435
-7.53863
-1.37713
-7.55241
-1.37989
-7.56637
-1.38275
-7.58084
-1.38579
-7.59647
-1.3892
-7.6141
-1.39313
-7.63486
-1.39776
-7.65969
-1.40328
-7.69003
-1.40985
-7.72795
-1.41705
-7.77871
-1.3597
-7.85854
-1.36897
-7.90453
-8.27865
-1.45672
-8.14135
-1.5004
-8.33708
-1.51697
-8.4218
-1.52544
-8.46539
-1.53066
-8.49252
-1.53432
-8.51161
-1.53707
-8.52586
-1.53926
-8.53718
-1.54104
-8.54649
-1.54255
-8.55414
-1.54384
-8.56083
-1.54499
-8.56672
-1.54607
-8.57218
-1.54711
-8.5775
-1.54818
-8.58293
-1.54932
-8.58873
-1.55057
-8.59512
-1.55199
-8.6023
-1.5536
-8.6105
-1.55549
-8.61992
-1.5577
-8.63105
-1.5603
-8.64401
-1.56328
-8.6586
-1.56647
-8.67388
-1.56965
-8.68851
-1.57312
-8.70423
-1.57771
-8.72484
-1.58371
-8.75113
-1.58888
-8.77239
-1.59202
-8.78325
-1.59368
-8.78739
-1.59485
-8.78986
-1.59619
-8.79391
-1.5979
-8.80029
-1.59994
-8.80876
-1.60218
-8.81819
-1.60449
-8.82828
-1.60678
-8.83809
-1.60906
-8.84799
-1.61143
-8.85838
-1.61396
-8.86954
-1.61686
-8.88262
-1.62029
-8.89851
-1.62445
-8.91845
-1.62953
-8.9436
-1.6358
-8.97547
-1.64358
-9.01859
-1.63048
-9.08916
-1.71728
-9.90215
-10.6911
-1.76604
-9.87281
-1.80708
-10.0707
-1.82317
-10.1594
-1.83166
-10.2064
-1.83703
-10.2361
-1.84083
-10.2573
-1.84369
-10.2731
-1.84594
-10.2854
-1.84778
-10.2954
-1.84931
-10.3036
-1.8506
-10.3104
-1.85176
-10.3165
-1.85283
-10.322
-1.85388
-10.3274
-1.85494
-10.3328
-1.85608
-10.3385
-1.85734
-10.3448
-1.85875
-10.3519
-1.86034
-10.3599
-1.86219
-10.3691
-1.86428
-10.3795
-1.86666
-10.3913
-1.86922
-10.4037
-1.87172
-10.4158
-1.87388
-10.4252
-1.87597
-10.433
-1.87869
-10.4427
-1.88209
-10.4545
-1.88444
-10.4593
-1.88508
-10.4544
-1.88473
-10.4449
-1.88435
-10.4362
-1.88445
-10.4315
-1.88508
-10.4304
-1.88614
-10.4324
-1.88741
-10.4358
-1.88876
-10.4399
-1.89008
-10.4439
-1.89139
-10.4479
-1.89278
-10.4524
-1.89433
-10.4576
-1.89626
-10.4647
-1.89876
-10.4747
-1.90204
-10.4892
-1.90629
-10.5093
-1.91175
-10.537
-1.91864
-10.5755
-1.97324
-10.6355
-2.13291
-11.6915
-12.5614
-2.14437
-11.9466
-2.18317
-12.1466
-2.19901
-12.2394
-2.20771
-12.2902
-2.21335
-12.3229
-2.21739
-12.3462
-2.22042
-12.3636
-2.22279
-12.3771
-2.2247
-12.3877
-2.22626
-12.3965
-2.22757
-12.4035
-2.22874
-12.4097
-2.22982
-12.4154
-2.23087
-12.4207
-2.23193
-12.4261
-2.23307
-12.4318
-2.23432
-12.438
-2.23571
-12.4448
-2.23729
-12.4525
-2.23905
-12.4614
-2.24098
-12.471
-2.24303
-12.4813
-2.24503
-12.4915
-2.24659
-12.4998
-2.24738
-12.5037
-2.24762
-12.5031
-2.24789
-12.5012
-2.24818
-12.499
-2.24735
-12.489
-2.24532
-12.4712
-2.24299
-12.452
-2.24118
-12.4367
-2.24018
-12.4273
-2.23993
-12.423
-2.24019
-12.4225
-2.24074
-12.4241
-2.24139
-12.4268
-2.24209
-12.43
-2.24284
-12.4337
-2.24374
-12.4385
-2.24493
-12.445
-2.24667
-12.4546
-2.2492
-12.4685
-2.25285
-12.4888
-2.25803
-12.5181
-2.26545
-12.561
-2.27692
-12.6279
-2.36213
-12.7601
-2.52286
-13.6206
-14.4849
-2.52017
-13.67
-2.55384
-13.8372
-2.56713
-13.9076
-2.57429
-13.9414
-2.57888
-13.9616
-2.58216
-13.9755
-2.58465
-13.9861
-2.58663
-13.9946
-2.58826
-14.0018
-2.58962
-14.0081
-2.59079
-14.0136
-2.59185
-14.0185
-2.59285
-14.0232
-2.59383
-14.0279
-2.59485
-14.0327
-2.59595
-14.0379
-2.59717
-14.0437
-2.59854
-14.0503
-2.60011
-14.058
-2.6019
-14.0669
-2.60394
-14.0777
-2.60622
-14.0908
-2.60866
-14.1068
-2.61098
-14.1252
-2.61311
-14.1461
-2.61546
-14.1719
-2.61872
-14.2075
-2.62262
-14.2545
-2.62583
-14.3018
-2.62783
-14.3406
-2.62915
-14.3703
-2.63043
-14.3947
-2.63201
-14.417
-2.634
-14.4391
-2.63631
-14.4617
-2.63883
-14.4851
-2.64148
-14.509
-2.64424
-14.5335
-2.64717
-14.5589
-2.6504
-14.5859
-2.65413
-14.6153
-2.65858
-14.6482
-2.66405
-14.6857
-2.67092
-14.7294
-2.67985
-14.7817
-2.69214
-14.8469
-2.71214
-14.9351
-2.7899
-15.0893
-2.9137
-15.53
-16.2618
-2.87722
-2.91936
-2.92744
-2.93096
-2.93291
-2.93428
-2.9354
-2.93641
-2.93735
-2.93823
-2.93907
-2.93988
-2.94071
-2.94157
-2.9425
-2.94355
-2.94473
-2.94611
-2.94776
-2.94979
-2.9524
-2.9558
-2.9602
-2.96581
-2.97315
-2.98317
-2.99671
-3.01278
-3.02859
-3.04207
-3.05293
-3.06185
-3.06963
-3.07687
-3.0839
-3.09088
-3.09788
-3.10501
-3.11236
-3.12008
-3.12834
-3.13729
-3.14713
-3.15811
-3.17063
-3.18547
-3.20529
-3.2225
-3.26727
)
;

boundaryField
{
    top
    {
        type            calculated;
        value           nonuniform List<scalar> 
50
(
-15.4106
-15.883
-15.925
-15.937
-15.9408
-15.9424
-15.9441
-15.9464
-15.9491
-15.9521
-15.9554
-15.9588
-15.9624
-15.9663
-15.9706
-15.9754
-15.981
-15.9875
-15.9953
-16.005
-16.0178
-16.0353
-16.0597
-16.0928
-16.1377
-16.2
-16.2868
-16.4
-16.5225
-16.6335
-16.7241
-16.7964
-16.8562
-16.909
-16.9582
-17.006
-17.0532
-17.1006
-17.1488
-17.1984
-17.2505
-17.3052
-17.3635
-17.4256
-17.4925
-17.5648
-17.643
-17.7287
-17.2587
-17.6959
)
;
    }
    bottom
    {
        type            calculated;
        value           uniform 0;
    }
    downSlope
    {
        type            calculated;
        value           uniform 0;
    }
    upSlope
    {
        type            calculated;
        value           uniform 0;
    }
    sides
    {
        type            empty;
        value           nonuniform 0();
    }
}


// ************************************************************************* //
