/*--------------------------------*- C++ -*----------------------------------*\
| =========                 |                                                 |
| \\      /  F ield         | OpenFOAM: The Open Source CFD Toolbox           |
|  \\    /   O peration     | Version:  v1912                                 |
|   \\  /    A nd           | Website:  www.openfoam.com                      |
|    \\/     M anipulation  |                                                 |
\*---------------------------------------------------------------------------*/
FoamFile
{
    version     2.0;
    format      ascii;
    class       surfaceScalarField;
    location    "31536000";
    object      psi_F;
}
// * * * * * * * * * * * * * * * * * * * * * * * * * * * * * * * * * * * * * //

dimensions      [0 1 0 0 0 0 0];


internalField   nonuniform List<scalar> 
8365
(
-156.053
-148.713
-157.899
-157.388
-157.936
-157.738
-157.963
-157.913
-157.97
-157.933
-157.975
-157.963
-157.976
-157.969
-157.976
-157.97
-157.977
-157.971
-157.977
-157.971
-157.977
-157.972
-157.977
-157.972
-157.977
-157.972
-157.977
-157.972
-157.977
-157.972
-157.977
-157.972
-157.977
-157.972
-157.977
-157.972
-157.976
-157.971
-157.974
-157.969
-157.965
-157.957
-157.937
-157.91
-157.849
-157.789
-157.25
-157.458
-148.092
-155.159
-75.6429
-128.178
-10.679
-12.7528
-8.7427
-9.52872
-7.34115
-7.93126
-6.23385
-6.72172
-5.3045
-5.7252
-4.50338
-4.87041
-3.81154
-4.12969
-3.21988
-3.49253
-2.71967
-2.95091
-2.30046
-2.49536
-1.95103
-2.1147
-1.66078
-1.7982
-1.4196
-1.53516
-1.21886
-1.31642
-1.05151
-1.13421
-0.911388
-0.98199
-0.793556
-0.853918
-0.693945
-0.745919
-0.609599
-0.65428
-0.538633
-0.576566
-0.478735
-0.511409
-0.427638
-0.455709
-0.368536
-0.408627
-0.340403
-150.102
-124.764
-157.233
-154.324
-157.716
-156.568
-157.884
-157.586
-157.926
-157.674
-157.957
-157.855
-157.964
-157.896
-157.965
-157.9
-157.966
-157.903
-157.966
-157.905
-157.967
-157.906
-157.967
-157.907
-157.967
-157.907
-157.967
-157.908
-157.967
-157.908
-157.967
-157.908
-157.967
-157.907
-157.966
-157.906
-157.964
-157.903
-157.952
-157.896
-157.903
-157.828
-157.764
-157.584
-157.403
-156.992
-155.384
-155.674
-135.359
-147.706
-65.3799
-103.508
-11.5943
-14.3825
-8.71752
-9.48195
-7.3121
-7.86178
-6.21325
-6.66536
-5.29123
-5.68279
-4.49678
-4.83869
-3.81069
-4.10765
-3.22353
-3.47812
-2.72654
-2.94236
-2.30952
-2.49128
-1.96177
-2.11425
-1.67247
-1.80022
-1.43188
-1.53879
-1.23166
-1.32136
-1.06458
-1.14004
-0.924404
-0.988395
-0.806168
-0.86046
-0.706146
-0.752225
-0.621143
-0.660316
-0.549247
-0.581862
-0.488298
-0.515809
-0.436617
-0.459094
-0.380387
-0.411577
-0.348748
-129.174
-85.8179
-153.69
-143.71
-156.449
-151.583
-157.381
-155.992
-157.606
-156.361
-157.795
-157.282
-157.834
-157.501
-157.839
-157.518
-157.843
-157.526
-157.845
-157.533
-157.847
-157.537
-157.848
-157.54
-157.849
-157.542
-157.849
-157.543
-157.849
-157.544
-157.848
-157.543
-157.847
-157.542
-157.843
-157.537
-157.836
-157.528
-157.773
-157.504
-157.513
-157.185
-156.821
-156.058
-155.282
-153.69
-148.061
-148.715
-116.029
-125.86
-52.6259
-72.4987
-12.2642
-15.4555
-8.62703
-9.38454
-7.21591
-7.73373
-6.13559
-6.55847
-5.2308
-5.597
-4.44999
-4.77054
-3.77541
-4.05439
-3.19719
-3.43644
-2.70728
-2.91035
-2.29613
-2.46675
-1.95278
-2.09538
-1.66658
-1.7857
-1.4283
-1.52779
-1.22976
-1.31282
-1.06387
-1.13331
-0.924451
-0.982764
-0.806513
-0.855654
-0.706393
-0.747795
-0.621036
-0.655647
-0.548432
-0.576893
-0.486621
-0.51008
-0.434077
-0.451871
-0.379941
-0.403032
-0.345912
-100.61
-57.8588
-141.71
-122.184
-151.173
-138.204
-154.993
-149.652
-156.051
-151.353
-156.996
-154.912
-157.191
-155.773
-157.211
-155.838
-157.222
-155.87
-157.23
-155.893
-157.236
-155.909
-157.239
-155.919
-157.242
-155.927
-157.243
-155.932
-157.244
-155.935
-157.242
-155.936
-157.238
-155.931
-157.228
-155.918
-157.202
-155.888
-156.923
-155.81
-155.746
-154.662
-152.961
-150.443
-147.195
-144.007
-126.706
-128.899
-82.6306
-93.8415
-35.4825
-49.5737
-12.573
-15.9016
-8.49244
-9.25331
-7.07754
-7.57045
-6.02092
-6.42164
-5.13758
-5.48424
-4.37561
-4.67926
-3.71596
-3.98075
-3.15002
-3.37745
-2.67015
-2.86299
-2.26627
-2.42846
-1.92852
-2.06404
-1.64708
-1.75991
-1.41245
-1.50626
-1.21648
-1.29452
-1.05231
-1.11743
-0.91406
-0.968478
-0.797021
-0.842446
-0.697133
-0.73525
-0.611589
-0.64316
-0.538629
-0.56435
-0.47543
-0.496467
-0.420944
-0.435589
-0.3691
-0.385551
-0.334135
-79.6212
-45.8407
-118.884
-91.9012
-136.812
-118.727
-146.092
-132.234
-150.265
-138.776
-153.719
-147.215
-154.445
-149.324
-154.521
-149.61
-154.564
-149.775
-154.595
-149.891
-154.616
-149.969
-154.63
-150.021
-154.64
-150.057
-154.647
-150.084
-154.65
-150.104
-154.648
-150.113
-154.635
-150.101
-154.601
-150.045
-154.519
-149.904
-153.579
-149.59
-149.417
-146.945
-141.592
-136.455
-125.903
-125.245
-96.3082
-101.628
-60.9795
-70.2786
-30.0417
-40.9796
-12.5818
-15.9491
-8.33276
-9.10029
-6.91601
-7.3906
-5.88617
-6.26948
-5.02692
-5.35876
-4.28522
-4.57642
-3.6429
-3.89659
-3.09096
-3.30916
-2.62174
-2.8067
-2.22659
-2.38225
-1.89572
-2.02571
-1.61933
-1.72747
-1.38854
-1.47836
-1.19565
-1.27026
-1.03377
-1.09572
-0.897018
-0.948757
-0.780821
-0.823891
-0.681419
-0.717418
-0.596061
-0.625834
-0.522335
-0.546961
-0.456794
-0.47696
-0.400381
-0.413377
-0.350751
-0.363055
-0.317753
-58.3125
-38.3376
-91.987
-66.8682
-114.351
-94.8161
-125.107
-109.057
-135.855
-120.861
-142.917
-129.231
-144.577
-132.133
-144.949
-133.321
-145.186
-134.09
-145.349
-134.606
-145.457
-134.942
-145.53
-135.161
-145.583
-135.315
-145.623
-135.43
-145.648
-135.516
-145.648
-135.561
-145.593
-135.522
-145.43
-135.301
-145.06
-134.697
-143.051
-133.39
-134.121
-129.769
-120.3
-118.061
-101.193
-100.635
-75.7834
-80.1645
-50.3741
-57.726
-26.9151
-35.8116
-12.4686
-15.8184
-8.1597
-8.93611
-6.74561
-7.20621
-5.74336
-6.11187
-4.90932
-5.22798
-4.18866
-4.46937
-3.56356
-3.80858
-3.0255
-3.2366
-2.5677
-2.74683
-2.18178
-2.33219
-1.85781
-1.98373
-1.5868
-1.6916
-1.36034
-1.4474
-1.17056
-1.24286
-1.01092
-1.0708
-0.87582
-0.925786
-0.760669
-0.802342
-0.662007
-0.696662
-0.576906
-0.605909
-0.501771
-0.52663
-0.43375
-0.454189
-0.376267
-0.389998
-0.330241
-0.341924
-0.303806
-46.9951
-33.1321
-69.8961
-53.4651
-89.7439
-72.668
-104.992
-88.2918
-114.429
-99.5451
-118.666
-105.556
-121.089
-109.528
-122.663
-112.136
-123.704
-113.791
-124.389
-114.86
-124.832
-115.538
-125.129
-115.974
-125.343
-116.279
-125.504
-116.506
-125.609
-116.676
-125.616
-116.778
-125.411
-116.719
-124.754
-116.316
-123.224
-115.135
-120.312
-112.411
-113.891
-107.544
-98.5915
-98.6733
-79.7995
-79.5577
-62.2291
-65.5624
-43.2278
-48.9511
-24.7346
-32.153
-12.2876
-15.5764
-7.98419
-8.7667
-6.57401
-7.02317
-5.59781
-5.95423
-4.78911
-5.09699
-4.09017
-4.36144
-3.48235
-3.71963
-2.95854
-3.16302
-2.51183
-2.68587
-2.13457
-2.2812
-1.81788
-1.94029
-1.55251
-1.65449
-1.33019
-1.41495
-1.14334
-1.21395
-0.98589
-1.04455
-0.852517
-0.901228
-0.738534
-0.779313
-0.640755
-0.674814
-0.555823
-0.585045
-0.47925
-0.50522
-0.410645
-0.431015
-0.355839
-0.368458
-0.31562
-0.326316
-0.295622
-39.668
-29.1947
-56.3588
-44.84
-71.3812
-58.7607
-83.0423
-71.0677
-90.8841
-79.1148
-96.6173
-85.3435
-100.758
-90.0751
-103.437
-93.1571
-105.114
-95.0552
-106.173
-96.2405
-106.842
-96.9873
-107.284
-97.4668
-107.601
-97.8029
-107.838
-98.0588
-108.004
-98.2613
-108.039
-98.4128
-107.782
-98.4121
-106.858
-98.0706
-104.491
-96.9039
-99.8272
-93.927
-92.5185
-88.267
-79.8086
-80.0148
-65.4499
-65.6082
-52.3731
-54.9639
-37.9239
-42.3879
-23.0103
-29.2865
-12.0576
-15.2571
-7.80727
-8.59445
-6.40492
-6.84369
-5.4547
-5.79999
-4.67039
-4.96873
-3.99179
-4.25522
-3.40104
-3.63197
-2.89096
-3.09038
-2.45575
-2.62553
-2.08735
-2.23057
-1.77727
-1.89702
-1.51724
-1.61714
-1.29899
-1.38216
-1.11541
-1.18463
-0.960121
-1.01785
-0.828243
-0.876416
-0.715797
-0.756176
-0.619297
-0.653487
-0.534633
-0.56445
-0.457183
-0.484206
-0.389023
-0.409011
-0.339086
-0.350163
-0.306401
-0.315454
-0.291234
-34.414
-26.096
-47.3232
-38.6809
-58.5626
-49.4052
-67.2821
-58.5822
-73.7287
-64.8129
-78.9602
-70.2357
-82.6377
-74.2164
-84.942
-76.7189
-86.3505
-78.2423
-87.2255
-79.1831
-87.784
-79.7852
-88.1576
-80.1707
-88.4332
-80.4473
-88.655
-80.6666
-88.8425
-80.861
-88.9573
-81.0277
-88.8706
-81.1098
-88.2834
-80.9446
-86.5017
-80.1815
-82.5226
-77.9895
-75.9128
-73.336
-65.9392
-66.1159
-55.2144
-55.6369
-45.0447
-47.1382
-33.7877
-37.32
-21.5464
-26.8949
-11.7963
-14.8829
-7.63245
-8.42248
-6.24025
-6.66973
-5.31527
-5.6503
-4.55459
-4.8442
-3.89626
-4.15256
-3.32202
-3.5472
-2.82553
-3.0201
-2.40084
-2.56709
-2.04066
-2.18091
-1.73726
-1.85497
-1.48237
-1.58055
-1.26807
-1.34995
-1.08732
-1.1556
-0.934379
-0.991277
-0.804562
-0.8521
-0.694061
-0.73402
-0.598825
-0.633652
-0.514208
-0.545248
-0.436222
-0.464366
-0.370319
-0.389079
-0.326642
-0.336694
-0.300341
-0.308554
-0.288984
-30.399
-23.6
-40.8215
-33.986
-49.5064
-42.6578
-56.2127
-49.62
-61.4307
-54.6982
-65.6122
-59.0817
-68.4256
-62.1306
-70.1524
-64.0142
-71.2112
-65.1633
-71.8809
-65.889
-72.3111
-66.3618
-72.6005
-66.662
-72.8213
-66.887
-73.0135
-67.067
-73.1871
-67.2351
-73.321
-67.3911
-73.3238
-67.5
-72.9805
-67.4299
-71.8016
-66.9406
-68.9253
-65.4362
-63.6494
-62.009
-55.9039
-56.0876
-47.629
-48.1755
-39.4637
-41.2093
-30.4572
-33.323
-20.2431
-24.8298
-11.5117
-14.4717
-7.4613
-8.25168
-6.08121
-6.50304
-5.18045
-5.50617
-4.44317
-4.72485
-3.80433
-4.05377
-3.24597
-3.4653
-2.76224
-2.9525
-2.34764
-2.51054
-1.99562
-2.13335
-1.69861
-1.81418
-1.44844
-1.54523
-1.23775
-1.31866
-1.0598
-1.12742
-0.909224
-0.965801
-0.781763
-0.829002
-0.673793
-0.713826
-0.580242
-0.615776
-0.495574
-0.527976
-0.417393
-0.446414
-0.355587
-0.372827
-0.318677
-0.327467
-0.297225
-0.304634
-0.288136
-27.2156
-21.5553
-35.8669
-30.2687
-42.8315
-37.5093
-48.1779
-42.9888
-52.4302
-47.235
-55.6895
-50.727
-57.8147
-53.063
-59.1244
-54.5176
-59.9424
-55.4185
-60.4725
-56.0056
-60.8161
-56.3849
-61.0524
-56.6313
-61.237
-56.8238
-61.3933
-56.971
-61.5439
-57.1138
-61.675
-57.2536
-61.7107
-57.3589
-61.4934
-57.3355
-60.6754
-56.9891
-58.6128
-55.9042
-54.5294
-53.3884
-48.4266
-48.6478
-41.8082
-42.384
-35.1078
-36.5944
-27.7203
-30.1088
-19.0689
-23.02
-11.2144
-14.0351
-7.29491
-8.08205
-5.92937
-6.34304
-5.05174
-5.3679
-4.33642
-4.61036
-3.71554
-3.95869
-3.17249
-3.38693
-2.70136
-2.8875
-2.29671
-2.45617
-1.95229
-2.08787
-1.66114
-1.77519
-1.41574
-1.51127
-1.20859
-1.28881
-1.03365
-1.10067
-0.88579
-0.941928
-0.76125
-0.808046
-0.655969
-0.696178
-0.56366
-0.600179
-0.478966
-0.51263
-0.401987
-0.430614
-0.344805
-0.360061
-0.313471
-0.321292
-0.29556
-0.302388
-0.288574
-24.6317
-19.8537
-31.9464
-27.2521
-37.7127
-33.4212
-42.1007
-37.904
-45.5933
-41.4887
-48.1683
-44.2887
-49.8377
-46.1478
-50.8859
-47.3281
-51.5572
-48.0725
-51.9943
-48.5673
-52.2769
-48.8837
-52.4798
-49.0973
-52.6352
-49.2586
-52.7691
-49.3852
-52.9013
-49.5136
-53.0155
-49.6314
-53.0616
-49.7266
-52.9085
-49.721
-52.2933
-49.4581
-50.7505
-48.6168
-47.5695
-46.6905
-42.6572
-42.9042
-37.2115
-37.7589
-31.6267
-32.9047
-25.4292
-27.473
-17.9958
-21.4232
-10.9056
-13.5832
-7.13165
-7.91362
-5.7829
-6.1892
-4.92765
-5.23573
-4.23356
-4.50009
-3.63084
-3.86801
-3.10257
-3.31228
-2.64284
-2.82569
-2.24777
-2.40452
-1.91113
-2.04422
-1.62563
-1.73825
-1.38461
-1.47918
-1.18114
-1.26054
-1.00917
-1.07579
-0.864377
-0.920055
-0.743136
-0.789864
-0.640526
-0.6814
-0.549278
-0.587055
-0.464409
-0.499416
-0.388806
-0.417073
-0.336622
-0.350182
-0.310239
-0.317315
-0.295403
-0.301503
-0.289583
-22.4934
-18.4129
-28.7557
-24.7535
-33.6491
-30.0799
-37.3348
-33.8679
-40.2323
-36.9111
-42.3208
-39.1983
-43.6935
-40.7394
-44.5715
-41.7374
-45.1404
-42.3791
-45.5151
-42.8001
-45.7628
-43.0777
-45.935
-43.2637
-46.0678
-43.3985
-46.1889
-43.5109
-46.3031
-43.6231
-46.4021
-43.7256
-46.4455
-43.8105
-46.3298
-43.8123
-45.8396
-43.604
-44.6121
-42.914
-42.0746
-41.3659
-38.0473
-38.3109
-33.4856
-33.9842
-28.7767
-29.8848
-23.4845
-25.2709
-17.0193
-20.0103
-10.594
-13.1276
-6.97259
-7.74779
-5.64329
-6.04171
-4.80924
-5.10958
-4.13542
-4.39517
-3.55018
-3.78194
-3.036
-3.24122
-2.58787
-2.76729
-2.20139
-2.35584
-1.87169
-2.00291
-1.5921
-1.70319
-1.35538
-1.44905
-1.15542
-1.23422
-0.98687
-1.05283
-0.84571
-0.900634
-0.728261
-0.774701
-0.628041
-0.669594
-0.537301
-0.576162
-0.452191
-0.488372
-0.378541
-0.405581
-0.330927
-0.343918
-0.308594
-0.315035
-0.29568
-0.301226
-0.290153
-20.6893
-17.1747
-26.1016
-22.6523
-30.3286
-27.2994
-33.4789
-30.578
-35.916
-33.1738
-37.6588
-35.088
-38.8271
-36.4042
-39.5898
-37.2689
-40.0843
-37.8345
-40.4087
-38.2
-40.6249
-38.4429
-40.7736
-38.6066
-40.8883
-38.7238
-40.9919
-38.8189
-41.0925
-38.9174
-41.181
-39.0061
-41.2242
-39.0823
-41.1332
-39.0957
-40.7244
-38.9251
-39.7119
-38.3409
-37.642
-37.052
-34.2817
-34.5425
-30.4111
-30.8505
-26.4005
-27.3606
-21.8117
-23.3956
-16.1265
-18.7578
-10.2841
-12.6718
-6.81829
-7.58366
-5.50921
-5.90009
-4.69653
-4.98851
-4.04253
-4.29525
-3.47367
-3.69982
-2.97307
-3.17394
-2.53572
-2.71185
-2.15775
-2.30975
-1.83474
-1.96444
-1.56042
-1.67025
-1.32814
-1.42096
-1.13184
-1.21
-0.966773
-1.03222
-0.829769
-0.884222
-0.716144
-0.762593
-0.617807
-0.660232
-0.527323
-0.567232
-0.441856
-0.479383
-0.371025
-0.396149
-0.328052
-0.339555
-0.307675
-0.314027
-0.295699
-0.301686
-0.29142
-19.1515
-16.0978
-23.8702
-20.8652
-27.5736
-24.9526
-30.3015
-27.8372
-32.3777
-30.0707
-33.8675
-31.7056
-34.8816
-32.8531
-35.55
-33.6134
-35.9871
-34.1139
-36.2714
-34.4394
-36.4621
-34.6487
-36.5944
-34.7945
-36.6922
-34.8948
-36.7823
-34.9805
-36.869
-35.063
-36.9454
-35.1423
-36.9918
-35.2115
-36.9255
-35.2312
-36.579
-35.0947
-35.7169
-34.5962
-33.9854
-33.4937
-31.1396
-31.3913
-27.8233
-28.2135
-24.374
-25.21
-20.3549
-21.7699
-15.3105
-17.6453
-9.97414
-12.2227
-6.66682
-7.4219
-5.38055
-5.76456
-4.5882
-4.87329
-3.95334
-4.1997
-3.40075
-3.62143
-2.91326
-3.10993
-2.48632
-2.65927
-2.11681
-2.26621
-1.80026
-1.92826
-1.53106
-1.6397
-1.30305
-1.39499
-1.11057
-1.18805
-0.949822
-1.01438
-0.81716
-0.870972
-0.706766
-0.753711
-0.609729
-0.653203
-0.519364
-0.560339
-0.433749
-0.472283
-0.364735
-0.389124
-0.325553
-0.336465
-0.308034
-0.314098
-0.297392
-0.302665
-0.293211
-17.8234
-15.1461
-21.9647
-19.3263
-25.2372
-22.9434
-27.6303
-25.5098
-29.4251
-27.4508
-30.7196
-28.8715
-31.6144
-29.8896
-32.2074
-30.5654
-32.5967
-31.0073
-32.8475
-31.2962
-33.0122
-31.4801
-33.1261
-31.6062
-33.2145
-31.6967
-33.2926
-31.7708
-33.3679
-31.8418
-33.44
-31.916
-33.4824
-31.9792
-33.4318
-31.9994
-33.1429
-31.891
-32.4029
-31.4685
-30.9272
-30.511
-28.4891
-28.7155
-25.6201
-25.965
-22.6217
-23.351
-19.0719
-20.3408
-14.5643
-16.651
-9.67317
-11.784
-6.52095
-7.26264
-5.25841
-5.63467
-4.48571
-4.76357
-3.86855
-4.10867
-3.33124
-3.547
-2.85645
-3.04938
-2.43958
-2.60951
-2.07801
-2.22542
-1.76799
-1.89436
-1.50388
-1.61156
-1.28019
-1.3713
-1.09202
-1.16865
-0.93566
-0.999389
-0.807609
-0.860831
-0.700207
-0.747512
-0.603865
-0.648329
-0.513312
-0.555379
-0.427712
-0.467053
-0.360888
-0.384273
-0.325015
-0.335232
-0.308723
-0.314789
-0.298475
-0.304009
-0.295164
-16.6596
-14.2931
-20.3197
-17.9881
-23.234
-21.2062
-25.3508
-23.5069
-26.9197
-25.2056
-28.0654
-26.4648
-28.8654
-27.3744
-29.3907
-27.9806
-29.7325
-28.3722
-29.9548
-28.6247
-30.1004
-28.7888
-30.2032
-28.8985
-30.2795
-28.9811
-30.3465
-29.0449
-30.4164
-29.1086
-30.4818
-29.1726
-30.5228
-29.2324
-30.4851
-29.2568
-30.2427
-29.1693
-29.6019
-28.8112
-28.3228
-27.9722
-26.2119
-26.416
-23.7131
-24.0216
-21.084
-21.7215
-17.9302
-19.0666
-13.877
-15.7571
-9.37619
-11.3569
-6.37765
-7.10579
-5.14089
-5.51001
-4.38741
-4.65824
-3.78785
-4.02191
-3.26572
-3.47629
-2.80292
-2.99212
-2.39575
-2.56296
-2.0421
-2.18731
-1.73819
-1.86295
-1.4792
-1.58559
-1.25994
-1.35017
-1.07616
-1.15187
-0.924659
-0.987337
-0.800796
-0.853789
-0.695675
-0.743452
-0.599879
-0.645187
-0.509156
-0.552096
-0.42365
-0.463599
-0.358637
-0.381122
-0.325005
-0.335166
-0.310063
-0.315786
-0.300679
-0.306136
-0.29754
-15.6308
-13.521
-18.8874
-16.815
-21.4948
-19.6924
-23.3795
-21.7636
-24.7701
-23.265
-25.7942
-24.3937
-26.5109
-25.2094
-26.9838
-25.7518
-27.2864
-26.1038
-27.4809
-26.3278
-27.6093
-26.4729
-27.699
-26.569
-27.7691
-26.6413
-27.8297
-26.7007
-27.8876
-26.7565
-27.946
-26.8132
-27.9892
-26.8683
-27.9636
-26.8954
-27.7602
-26.826
-27.2032
-26.5224
-26.0855
-25.788
-24.2434
-24.4204
-22.045
-22.3247
-19.7164
-20.2802
-16.9028
-17.9203
-13.2428
-14.9477
-9.08912
-10.9457
-6.2394
-6.95207
-5.02837
-5.39022
-4.29358
-4.55742
-3.71105
-3.93916
-3.20326
-3.40912
-2.75262
-2.93801
-2.35489
-2.51918
-2.00847
-2.1518
-1.7106
-1.83399
-1.45677
-1.56203
-1.24226
-1.33144
-1.06317
-1.1376
-0.91654
-0.978242
-0.796484
-0.849412
-0.692987
-0.741477
-0.597426
-0.643514
-0.506563
-0.55024
-0.421094
-0.461697
-0.357659
-0.379681
-0.325938
-0.33659
-0.311843
-0.317538
-0.302976
-0.308043
-0.299174
-14.7134
-12.8173
-17.6313
-15.776
-19.9749
-18.3622
-21.6645
-20.2315
-22.9054
-21.5732
-23.8265
-22.5911
-24.4686
-23.3266
-24.8906
-23.8105
-25.1643
-24.1257
-25.339
-24.3272
-25.452
-24.4586
-25.5309
-24.5435
-25.5925
-24.6074
-25.6471
-24.6597
-25.7017
-24.7103
-25.7551
-24.763
-25.7942
-24.8121
-25.7775
-24.8395
-25.6077
-24.7864
-25.1259
-24.5279
-24.1404
-23.8878
-22.5173
-22.6694
-20.5732
-20.8275
-18.4952
-18.9956
-15.9736
-16.884
-12.6558
-14.2075
-8.81111
-10.5496
-6.10412
-6.80014
-4.92024
-5.27495
-4.20381
-4.46102
-3.63789
-3.86018
-3.1444
-3.34566
-2.705
-2.88688
-2.31644
-2.47787
-1.9776
-2.11881
-1.68564
-1.80742
-1.43688
-1.54081
-1.22691
-1.31509
-1.05276
-1.12591
-0.911163
-0.971877
-0.794424
-0.847446
-0.692012
-0.741191
-0.596337
-0.643424
-0.505385
-0.549865
-0.420292
-0.461134
-0.358604
-0.379929
-0.32817
-0.33848
-0.313721
-0.319554
-0.304228
-0.310423
-0.301297
-13.8873
-12.172
-16.5169
-14.8466
-18.6309
-17.1843
-20.1537
-18.8744
-21.2736
-20.0843
-22.1066
-21.0054
-22.6844
-21.6695
-23.062
-22.1057
-23.3054
-22.3898
-23.4636
-22.5696
-23.567
-22.6899
-23.6371
-22.7657
-23.6917
-22.8226
-23.74
-22.8691
-23.7888
-22.9141
-23.8372
-22.9614
-23.8746
-23.0065
-23.8657
-23.0342
-23.7236
-22.994
-23.3061
-22.7747
-22.4321
-22.2138
-20.9933
-21.1254
-19.2618
-19.4975
-17.3944
-17.8417
-15.1255
-15.9402
-12.1061
-13.5241
-8.54102
-10.1677
-5.97217
-6.65069
-4.81666
-5.1639
-4.11816
-4.36878
-3.56857
-3.78473
-3.08863
-3.28518
-2.66015
-2.83828
-2.28056
-2.43945
-1.94889
-2.08798
-1.6628
-1.78309
-1.41918
-1.52192
-1.21419
-1.30096
-1.04509
-1.11695
-0.908186
-0.968029
-0.794214
-0.84732
-0.692597
-0.742292
-0.596947
-0.644778
-0.505612
-0.551086
-0.420767
-0.46177
-0.359794
-0.380916
-0.329849
-0.34014
-0.316234
-0.321715
-0.307463
-0.313005
-0.304085
-13.138
-11.5775
-15.5229
-14.01
-17.4385
-16.1331
-18.817
-17.6653
-19.8291
-18.7635
-20.582
-19.5986
-21.105
-20.2004
-21.448
-20.5967
-21.6688
-20.8522
-21.8107
-21.0167
-21.9035
-21.1252
-21.9663
-21.1934
-22.0151
-21.2446
-22.0582
-21.2862
-22.1019
-21.3265
-22.1459
-21.3697
-22.1813
-21.4131
-22.1777
-21.4383
-22.0601
-21.4069
-21.6969
-21.2202
-20.9206
-20.7259
-19.6417
-19.7548
-18.088
-18.3052
-16.3965
-16.8009
-14.3458
-15.0784
-11.5903
-12.8901
-8.27977
-9.80152
-5.84359
-6.50387
-4.71692
-5.05678
-4.03609
-4.28021
-3.50194
-3.7126
-3.03531
-3.2274
-2.61796
-2.79265
-2.24716
-2.40349
-1.92241
-2.05947
-1.64239
-1.76089
-1.40383
-1.5053
-1.20381
-1.28916
-1.03994
-1.11055
-0.907172
-0.966481
-0.795388
-0.848676
-0.694456
-0.744584
-0.5989
-0.647304
-0.507229
-0.553536
-0.421909
-0.463682
-0.361249
-0.382649
-0.331987
-0.342822
-0.318466
-0.324303
-0.309608
-0.315376
-0.306284
-12.4556
-11.0285
-14.6281
-13.2512
-16.3694
-15.1861
-17.6225
-16.5806
-18.5445
-17.5819
-19.2291
-18.3453
-19.7046
-18.8901
-20.0137
-19.2504
-20.2132
-19.4818
-20.3443
-19.6338
-20.4283
-19.7325
-20.4851
-19.7945
-20.5291
-19.8411
-20.5678
-19.8808
-20.6077
-19.9171
-20.6504
-19.9562
-20.6836
-19.9961
-20.6809
-20.0204
-20.5803
-19.9932
-20.2621
-19.8309
-19.5722
-19.3967
-18.4292
-18.5267
-17.0276
-17.2278
-15.4909
-15.8573
-13.6291
-14.2925
-11.1057
-12.2991
-8.0279
-9.45196
-5.71819
-6.36024
-4.62094
-4.95334
-3.95743
-4.19519
-3.43863
-3.64357
-2.98519
-3.1725
-2.57853
-2.74948
-2.21608
-2.36959
-1.89817
-2.03344
-1.62397
-1.74097
-1.39075
-1.49071
-1.19597
-1.27966
-1.03712
-1.10647
-0.907978
-0.966984
-0.79785
-0.851386
-0.697405
-0.748036
-0.601913
-0.650888
-0.509964
-0.556874
-0.424399
-0.466767
-0.364196
-0.385626
-0.33511
-0.345433
-0.321188
-0.327335
-0.31203
-0.318302
-0.308725
-11.8298
-10.5222
-13.8165
-12.5589
-15.4059
-14.3296
-16.5496
-15.6018
-17.3931
-16.521
-18.0172
-17.2184
-18.4471
-17.7135
-18.73
-18.041
-18.9141
-18.2568
-19.0337
-18.3945
-19.1105
-18.4854
-19.1624
-18.5433
-19.2048
-18.5858
-19.242
-18.6226
-19.2776
-18.6571
-19.314
-18.6921
-19.3449
-18.7267
-19.3447
-18.7517
-19.2558
-18.7279
-18.977
-18.5859
-18.3621
-18.2026
-17.3352
-17.4203
-16.0662
-16.2501
-14.6663
-14.9998
-12.9684
-13.5726
-10.6495
-11.7466
-7.78648
-9.11673
-5.59648
-6.21916
-4.52841
-4.85334
-3.88201
-4.11347
-3.37799
-3.57744
-2.93723
-3.12006
-2.54088
-2.7084
-2.18721
-2.33791
-1.87643
-2.00925
-1.60785
-1.72316
-1.37971
-1.47803
-1.19021
-1.2724
-1.03634
-1.10433
-0.91037
-0.969151
-0.801539
-0.855309
-0.701482
-0.752599
-0.605814
-0.65539
-0.513644
-0.561245
-0.427961
-0.470771
-0.366839
-0.389889
-0.337635
-0.348138
-0.32442
-0.330505
-0.31497
-0.321386
-0.312012
-11.2565
-10.0552
-13.0787
-11.9255
-14.5334
-13.5522
-15.582
-14.7155
-16.3556
-15.5622
-16.9245
-16.1985
-17.3175
-16.6524
-17.5782
-16.9526
-17.7477
-17.1532
-17.8567
-17.28
-17.9289
-17.3639
-17.9775
-17.4194
-18.0144
-17.4582
-18.0485
-17.4897
-18.0824
-17.5211
-18.1156
-17.5547
-18.1443
-17.5867
-18.1456
-17.6101
-18.0686
-17.5906
-17.8218
-17.4635
-17.2707
-17.1223
-16.3441
-16.4209
-15.1916
-15.3599
-13.9129
-14.2156
-12.3563
-12.9098
-10.2177
-11.2297
-7.55152
-8.79571
-5.47709
-6.08024
-4.43919
-4.75657
-3.80955
-4.03483
-3.32002
-3.514
-2.89164
-3.07001
-2.50575
-2.66985
-2.1602
-2.30832
-1.85616
-1.98708
-1.59347
-1.70712
-1.3708
-1.46732
-1.18656
-1.26706
-1.03713
-1.10409
-0.914057
-0.972435
-0.806326
-0.860353
-0.706462
-0.75806
-0.610776
-0.660835
-0.518329
-0.566655
-0.432656
-0.475737
-0.371149
-0.3942
-0.340978
-0.35191
-0.327444
-0.333644
-0.318397
-0.324738
-0.315289
-10.729
-9.62194
-12.4051
-11.3452
-13.7414
-12.8406
-14.7037
-13.9105
-15.4136
-14.6905
-15.9354
-15.2727
-16.2967
-15.6897
-16.537
-15.9679
-16.695
-16.1534
-16.7967
-16.2722
-16.864
-16.3494
-16.9098
-16.4017
-16.9431
-16.4374
-16.972
-16.4676
-17.0031
-16.4946
-17.0356
-16.5254
-17.0623
-16.5551
-17.0648
-16.5768
-16.9952
-16.5605
-16.7735
-16.4456
-16.2815
-16.1401
-15.4448
-15.511
-14.3911
-14.5459
-13.2187
-13.4968
-11.7883
-12.2989
-9.81131
-10.7457
-7.32646
-8.48975
-5.36076
-5.94488
-4.35298
-4.66283
-3.7399
-3.95906
-3.26449
-3.45305
-2.84861
-3.0222
-2.47272
-2.63336
-2.13542
-2.28068
-1.83821
-1.9668
-1.58109
-1.69277
-1.36365
-1.45864
-1.18461
-1.26345
-1.03938
-1.10538
-0.918689
-0.976769
-0.812035
-0.866029
-0.712379
-0.764186
-0.616661
-0.667146
-0.524012
-0.572863
-0.437241
-0.481614
-0.374927
-0.398705
-0.344544
-0.356038
-0.330906
-0.337146
-0.321601
-0.328083
-0.318314
-10.2426
-9.22191
-11.7863
-10.8106
-13.0162
-12.1872
-13.9045
-13.1759
-14.5573
-13.8957
-15.0351
-14.4302
-15.3692
-14.8139
-15.5928
-15.0744
-15.7392
-15.2447
-15.8335
-15.3568
-15.8958
-15.4284
-15.9381
-15.4769
-15.9707
-15.5098
-15.999
-15.5376
-16.0256
-15.564
-16.0537
-15.5903
-16.0785
-15.6174
-16.0814
-15.6381
-16.0198
-15.6245
-15.8209
-15.5219
-15.3778
-15.2451
-14.6196
-14.6781
-13.6583
-13.7972
-12.5827
-12.8364
-11.2611
-11.735
-9.42759
-10.2922
-7.11012
-8.19839
-5.24796
-5.81246
-4.26966
-4.57194
-3.67282
-3.88597
-3.21124
-3.39442
-2.80731
-2.97644
-2.4416
-2.59845
-2.11226
-2.25484
-1.82151
-1.94804
-1.57041
-1.68011
-1.35848
-1.45164
-1.18423
-1.26164
-1.04275
-1.10805
-0.92406
-0.982048
-0.818125
-0.872331
-0.718894
-0.770913
-0.623289
-0.674054
-0.530407
-0.579672
-0.443026
-0.488074
-0.379773
-0.40454
-0.348604
-0.360272
-0.334292
-0.340916
-0.324767
-0.331399
-0.321641
-9.794
-8.85205
-11.2166
-10.3168
-12.3528
-11.5871
-13.1736
-12.5016
-13.7756
-13.1662
-14.2163
-13.6604
-14.5267
-14.0147
-14.7341
-14.2583
-14.8701
-14.4165
-14.9596
-14.5208
-15.0174
-14.5891
-15.0565
-14.634
-15.0846
-14.6644
-15.1105
-14.6879
-15.1366
-14.7137
-15.162
-14.7379
-15.1851
-14.7626
-15.1892
-14.7825
-15.1346
-14.7715
-14.9539
-14.678
-14.5528
-14.4262
-13.8626
-13.914
-12.9814
-13.1079
-11.994
-12.2252
-10.7705
-11.2121
-9.06622
-9.86814
-6.9026
-7.92112
-5.13743
-5.68236
-4.18897
-4.48372
-3.60815
-3.81533
-3.16008
-3.33792
-2.76793
-2.93256
-2.41196
-2.56529
-2.09081
-2.23068
-1.80677
-1.93116
-1.56142
-1.66909
-1.35483
-1.44603
-1.18545
-1.26124
-1.04731
-1.11181
-0.930262
-0.988155
-0.825057
-0.879224
-0.726009
-0.778245
-0.630374
-0.681401
-0.537277
-0.587089
-0.44953
-0.495156
-0.384992
-0.410904
-0.352548
-0.365169
-0.33799
-0.3448
-0.328241
-0.334877
-0.32773
-9.37858
-8.50809
-10.692
-9.85959
-11.7414
-11.0331
-12.5002
-11.881
-13.0575
-12.4957
-13.4656
-12.953
-13.7533
-13.2829
-13.9478
-13.5094
-14.0743
-13.6582
-14.1575
-13.7535
-14.2129
-13.8187
-14.2491
-13.8604
-14.2749
-13.8883
-14.2984
-13.9099
-14.3223
-13.9335
-14.3458
-13.9556
-14.3673
-13.9797
-14.3722
-13.9973
-14.3223
-13.9887
-14.1575
-13.9036
-13.7942
-13.6753
-13.1656
-13.2101
-12.3572
-12.473
-11.4482
-11.6585
-10.3138
-10.7248
-8.72611
-9.47171
-6.70268
-7.65639
-5.02962
-5.55523
-4.11078
-4.39797
-3.54566
-3.74697
-3.11085
-3.28336
-2.73027
-2.89042
-2.38425
-2.53374
-2.0712
-2.20803
-1.7936
-1.91552
-1.55377
-1.65957
-1.35246
-1.44171
-1.18758
-1.26196
-1.05261
-1.11631
-0.937055
-0.994872
-0.832347
-0.886711
-0.733569
-0.785961
-0.638047
-0.689308
-0.544899
-0.595104
-0.456468
-0.502871
-0.391027
-0.417748
-0.357378
-0.370098
-0.341655
-0.3489
-0.334311
-0.338391
-0.3311
-8.99257
-8.18784
-10.2051
-9.43518
-11.1778
-10.5203
-11.882
-11.308
-12.3971
-11.8774
-12.7765
-12.3013
-13.0453
-12.6102
-13.2263
-12.8209
-13.344
-12.9594
-13.4213
-13.0495
-13.4728
-13.1085
-13.5063
-13.1472
-13.53
-13.1746
-13.5517
-13.1943
-13.5735
-13.216
-13.5962
-13.2361
-13.6164
-13.2584
-13.6206
-13.2751
-13.5768
-13.2688
-13.428
-13.1932
-13.0974
-12.9844
-12.5233
-12.5596
-11.7795
-11.8851
-10.9398
-11.1317
-9.88654
-10.2688
-8.40488
-9.09958
-6.51066
-7.40353
-4.92453
-5.4316
-4.03484
-4.31402
-3.48521
-3.68069
-3.06335
-3.23058
-2.69421
-2.84983
-2.35775
-2.50365
-2.05252
-2.18651
-1.78159
-1.9012
-1.54756
-1.65135
-1.35121
-1.43871
-1.19066
-1.26357
-1.05852
-1.12143
-0.944461
-1.00178
-0.840254
-0.894506
-0.741627
-0.794042
-0.646291
-0.69766
-0.553004
-0.603519
-0.464083
-0.511194
-0.396766
-0.425228
-0.361582
-0.374934
-0.3456
-0.353209
-0.335173
-0.342975
-0.331984
-8.63369
-7.88814
-9.75445
-9.04124
-10.6552
-10.0446
-11.3085
-10.7771
-11.7871
-11.3055
-12.1407
-11.7006
-12.3916
-11.9885
-12.56
-12.1854
-12.671
-12.3142
-12.7428
-12.3996
-12.7891
-12.4534
-12.8216
-12.4901
-12.845
-12.5156
-12.8649
-12.5338
-12.8848
-12.5536
-12.9045
-12.5719
-12.9234
-12.5928
-12.9295
-12.6085
-12.8914
-12.6041
-12.7557
-12.5373
-12.4523
-12.345
-11.9267
-11.9566
-11.2421
-11.3391
-10.465
-10.6408
-9.48545
-9.8395
-8.10096
-8.74929
-6.32613
-7.16266
-4.82202
-5.31016
-3.96054
-4.2322
-3.42658
-3.6159
-3.01746
-3.1794
-2.65958
-2.81064
-2.33263
-2.47487
-2.03534
-2.16626
-1.77105
-1.88806
-1.54255
-1.64405
-1.35107
-1.43682
-1.19431
-1.26609
-1.06463
-1.12701
-0.951759
-1.0089
-0.848222
-0.902293
-0.75
-0.802314
-0.654812
-0.706126
-0.561632
-0.612288
-0.472266
-0.520014
-0.403337
-0.433123
-0.366518
-0.3804
-0.35054
-0.357641
-0.339746
-0.346833
-0.335469
-8.29872
-7.60617
-9.33511
-8.67452
-10.1709
-9.60207
-10.7789
-10.2847
-11.2241
-10.7753
-11.5537
-11.1451
-11.7877
-11.4136
-11.9452
-11.5968
-12.0484
-11.718
-12.1158
-11.7975
-12.1601
-11.8476
-12.1898
-11.8817
-12.2101
-11.9054
-12.2283
-11.922
-12.2465
-11.9402
-12.2661
-11.957
-12.2837
-11.9765
-12.2888
-11.9911
-12.2558
-11.9882
-12.1323
-11.9281
-11.8546
-11.7541
-11.3739
-11.3975
-10.7422
-10.8306
-10.0193
-10.1821
-9.10675
-9.43554
-7.81358
-8.41862
-6.14829
-6.933
-4.72125
-5.19085
-3.88822
-4.15235
-3.36924
-3.55288
-2.97298
-3.12931
-2.62624
-2.77253
-2.30871
-2.44701
-2.01913
-2.14715
-1.76115
-1.8758
-1.53836
-1.63771
-1.35183
-1.43564
-1.19875
-1.26931
-1.07122
-1.13297
-0.959371
-1.0162
-0.856312
-0.910188
-0.758365
-0.81054
-0.663524
-0.71474
-0.57059
-0.621256
-0.480795
-0.529066
-0.410125
-0.441342
-0.371479
-0.38599
-0.353904
-0.362043
-0.34253
-0.35007
-0.338996
-7.9848
-7.33877
-8.94498
-8.33111
-9.71992
-9.19065
-10.2854
-9.82565
-10.7009
-10.2823
-11.0098
-10.6282
-11.2276
-10.8791
-11.3747
-11.0497
-11.4722
-11.164
-11.5345
-11.2381
-11.5745
-11.2846
-11.6026
-11.3169
-11.6226
-11.3387
-11.6393
-11.3548
-11.656
-11.3707
-11.6728
-11.3865
-11.6892
-11.404
-11.6958
-11.4191
-11.6659
-11.4161
-11.5551
-11.3631
-11.302
-11.205
-10.8589
-10.877
-10.2747
-10.3567
-9.60213
-9.7516
-8.75062
-9.05514
-7.5405
-8.10564
-5.9771
-6.71306
-4.62283
-5.07477
-3.81764
-4.07431
-3.31345
-3.49146
-2.92926
-3.08054
-2.5936
-2.73536
-2.28566
-2.42012
-2.00396
-2.1288
-1.75244
-1.86453
-1.53502
-1.63207
-1.35311
-1.43508
-1.20349
-1.2729
-1.07789
-1.13904
-0.966952
-1.02348
-0.864344
-0.918179
-0.766839
-0.81886
-0.672393
-0.723469
-0.579651
-0.630385
-0.489535
-0.538373
-0.417144
-0.449877
-0.376508
-0.391829
-0.358171
-0.36659
-0.3465
-0.356918
-0.343454
-7.68776
-7.08505
-8.58007
-8.0085
-9.30016
-8.80613
-9.82666
-9.39692
-10.214
-9.82404
-10.5021
-10.1466
-10.7059
-10.3812
-10.8438
-10.5413
-10.9348
-10.648
-10.9931
-10.7173
-11.0318
-10.7608
-11.0579
-10.7923
-11.0759
-10.8113
-11.0912
-10.8274
-11.1062
-10.8408
-11.1228
-10.8565
-11.1389
-10.8725
-11.1443
-10.8867
-11.1182
-10.8832
-11.0177
-10.8375
-10.7846
-10.6929
-10.3792
-10.3912
-9.83758
-9.91383
-9.20815
-9.34796
-8.4132
-8.6967
-7.28054
-7.80882
-5.81221
-6.50227
-4.52712
-4.96075
-3.74875
-3.9976
-3.25903
-3.43113
-2.88702
-3.03295
-2.56216
-2.69898
-2.26346
-2.39405
-1.98949
-2.11132
-1.74424
-1.8539
-1.53216
-1.62706
-1.35487
-1.43506
-1.20841
-1.27684
-1.08457
-1.14528
-0.974636
-1.03083
-0.872621
-0.926224
-0.775412
-0.827396
-0.68138
-0.73228
-0.589022
-0.63963
-0.498632
-0.547853
-0.424495
-0.458815
-0.381863
-0.398027
-0.365274
-0.371341
-0.353807
-0.360902
-0.347153
-7.4083
-6.84398
-8.23765
-7.7054
-8.90644
-8.44657
-9.39815
-8.99569
-9.76075
-9.39692
-10.03
-9.69772
-10.221
-9.91692
-10.3499
-10.0666
-10.435
-10.1664
-10.4895
-10.2314
-10.5258
-10.2732
-10.5503
-10.3017
-10.5674
-10.3207
-10.5815
-10.3348
-10.5957
-10.3479
-10.6108
-10.3619
-10.625
-10.3769
-10.6303
-10.3892
-10.6071
-10.3873
-10.5171
-10.3452
-10.3037
-10.2152
-9.92989
-9.93735
-9.4279
-9.49757
-8.83982
-8.96908
-8.09518
-8.3592
-7.03278
-7.52698
-5.65224
-6.30015
-4.43209
-4.8488
-3.68059
-3.92245
-3.20552
-3.37218
-2.84528
-2.98607
-2.53115
-2.66327
-2.2421
-2.36875
-1.97585
-2.09456
-1.73679
-1.84404
-1.52997
-1.62294
-1.35701
-1.43543
-1.21366
-1.28094
-1.09148
-1.15154
-0.982346
-1.03812
-0.880924
-0.934063
-0.784185
-0.835766
-0.690448
-0.741122
-0.598376
-0.648825
-0.507952
-0.557486
-0.432277
-0.467939
-0.387455
-0.404494
-0.366954
-0.37615
-0.354245
-0.363189
-0.350198
-7.14346
-6.61428
-7.9172
-7.41902
-8.53912
-8.10879
-8.99805
-8.62038
-9.3377
-8.99676
-9.58859
-9.2782
-9.7666
-9.48243
-9.88718
-9.62237
-9.96697
-9.71601
-10.0193
-9.77808
-10.0534
-9.81766
-10.0764
-9.84445
-10.0924
-9.86225
-10.1055
-9.87543
-10.1184
-9.88736
-10.1323
-9.90011
-10.1455
-9.91399
-10.1505
-9.92527
-10.1297
-9.92361
-10.0476
-9.88469
-9.85291
-9.76737
-9.50883
-9.51227
-9.04223
-9.10543
-8.4916
-8.61195
-7.79372
-8.04042
-6.79649
-7.25922
-5.4981
-6.10631
-4.33999
-4.73957
-3.61462
-3.84885
-3.1532
-3.31452
-2.80442
-2.94015
-2.50114
-2.62827
-2.22139
-2.34374
-1.96286
-2.07812
-1.73024
-1.83476
-1.52842
-1.61918
-1.35934
-1.43627
-1.21877
-1.28492
-1.09812
-1.15746
-0.989774
-1.04504
-0.888833
-0.941726
-0.792627
-0.843856
-0.699418
-0.749773
-0.60785
-0.657887
-0.517388
-0.567098
-0.440085
-0.477197
-0.393138
-0.410831
-0.372337
-0.381275
-0.359099
-0.367266
-0.354016
-6.89211
-6.39547
-7.61335
-7.14861
-8.19316
-7.79058
-8.62247
-8.26863
-8.94084
-8.6209
-9.17575
-8.88425
-9.34202
-9.07591
-9.45509
-9.20711
-9.53104
-9.29521
-9.58036
-9.35429
-9.61267
-9.39106
-9.63428
-9.41741
-9.64925
-9.43299
-9.66131
-9.44636
-9.67312
-9.4562
-9.68585
-9.46898
-9.6978
-9.48057
-9.70241
-9.49188
-9.68267
-9.48939
-9.60844
-9.45427
-9.43053
-9.34761
-9.11244
-9.11318
-8.67843
-8.73624
-8.16372
-8.2758
-7.50849
-7.73978
-6.57108
-7.00477
-5.34912
-5.92104
-4.24925
-4.633
-3.54934
-3.77605
-3.10193
-3.25769
-2.76436
-2.89475
-2.47114
-2.59373
-2.20065
-2.31892
-1.95012
-2.06186
-1.72375
-1.82572
-1.52705
-1.61565
-1.36183
-1.43717
-1.22356
-1.28885
-1.10432
-1.16294
-0.996929
-1.05165
-0.896678
-0.948923
-0.800927
-0.851694
-0.708163
-0.758105
-0.617053
-0.666852
-0.526822
-0.576586
-0.447872
-0.486663
-0.398916
-0.417425
-0.376169
-0.386236
-0.362155
-0.370721
-0.357976
-6.65411
-6.18713
-7.3284
-6.89302
-7.86896
-7.49147
-8.27023
-7.93839
-8.56767
-8.26797
-8.7879
-8.51361
-8.94457
-8.69394
-9.05087
-8.81823
-9.12215
-8.90131
-9.1687
-8.95625
-9.19952
-8.9918
-9.21986
-9.01563
-9.23384
-9.03126
-9.245
-9.04292
-9.25582
-9.05271
-9.26747
-9.06443
-9.27843
-9.07501
-9.28264
-9.08544
-9.26476
-9.08307
-9.19714
-9.05041
-9.03382
-8.95288
-8.74033
-8.73785
-8.33668
-8.38814
-7.85463
-7.95881
-7.23848
-7.45582
-6.35666
-6.76288
-5.2062
-5.74327
-4.1606
-4.52859
-3.48499
-3.70477
-3.05097
-3.20173
-2.72449
-2.84995
-2.44178
-2.55952
-2.18031
-2.29446
-1.93756
-2.04593
-1.71767
-1.81679
-1.52578
-1.61243
-1.36417
-1.43803
-1.22818
-1.29249
-1.11022
-1.16816
-1.00358
-1.05792
-0.903875
-0.955671
-0.808801
-0.859048
-0.716716
-0.766134
-0.626303
-0.675596
-0.536343
-0.58597
-0.456142
-0.496184
-0.404693
-0.424473
-0.380747
-0.390934
-0.366503
-0.37474
-0.362606
-6.42807
-5.98959
-7.05851
-6.65039
-7.56365
-7.20845
-7.93912
-7.6268
-8.21706
-7.93497
-8.42293
-8.16528
-8.57096
-8.33444
-8.67208
-8.45247
-8.73886
-8.53086
-8.78283
-8.58322
-8.8114
-8.6167
-8.83054
-8.63872
-8.84384
-8.65341
-8.85415
-8.66422
-8.86484
-8.67421
-8.8755
-8.68396
-8.88556
-8.6946
-8.88942
-8.704
-8.87226
-8.70207
-8.80964
-8.67116
-8.66027
-8.58121
-8.38882
-8.3844
-8.01319
-8.05945
-7.56263
-7.6584
-6.98252
-7.18691
-6.15135
-6.53281
-5.06692
-5.57264
-4.07354
-4.42642
-3.42208
-3.63498
-3.00116
-3.14678
-2.68534
-2.80605
-2.41247
-2.52554
-2.16026
-2.27008
-1.92527
-2.03022
-1.7116
-1.80784
-1.52469
-1.60919
-1.36633
-1.43897
-1.23243
-1.29583
-1.11581
-1.17312
-1.00995
-1.06367
-0.910782
-0.962166
-0.816313
-0.866057
-0.72494
-0.77368
-0.635183
-0.683903
-0.545727
-0.595008
-0.46444
-0.505745
-0.410659
-0.431629
-0.38489
-0.39613
-0.370805
-0.378569
-0.366378
-6.21383
-5.8013
-6.80263
-6.41977
-7.27421
-6.94021
-7.62547
-7.33213
-7.88617
-7.62099
-8.07988
-7.83744
-8.21911
-7.99646
-8.31446
-8.10771
-8.37846
-8.18166
-8.42036
-8.23203
-8.4473
-8.26358
-8.46489
-8.28432
-8.47709
-8.29806
-8.48758
-8.3079
-8.49665
-8.31732
-8.50639
-8.32604
-8.51637
-8.33594
-8.51998
-8.34468
-8.50428
-8.34302
-8.44601
-8.31431
-8.30851
-8.23079
-8.05801
-8.05084
-7.70742
-7.74879
-7.28518
-7.37385
-6.73938
-6.93144
-5.95586
-6.31371
-4.93334
-5.40937
-3.98862
-4.32691
-3.36023
-3.56622
-2.95211
-3.09276
-2.64661
-2.76233
-2.38342
-2.49177
-2.14022
-2.24577
-1.9129
-2.01439
-1.70549
-1.79903
-1.52349
-1.60587
-1.36845
-1.43974
-1.23648
-1.29904
-1.12094
-1.17764
-1.01584
-1.06894
-0.917381
-0.968083
-0.82336
-0.872711
-0.732575
-0.780732
-0.643651
-0.691745
-0.554942
-0.603773
-0.472857
-0.515105
-0.417042
-0.438713
-0.389765
-0.401136
-0.374112
-0.382581
-0.369362
-6.00908
-5.62211
-6.55953
-6.20105
-7.00059
-6.68542
-7.3303
-7.05366
-7.57506
-7.3245
-7.75692
-7.52755
-7.88804
-7.67811
-7.97794
-7.78295
-8.03829
-7.85263
-8.07833
-7.90009
-8.10369
-7.93033
-8.12059
-7.94929
-8.13197
-7.96302
-8.14075
-7.97127
-8.14984
-7.97994
-8.15873
-7.9888
-8.1674
-7.99694
-8.17086
-8.00532
-8.15618
-8.0038
-8.10218
-7.97734
-7.9761
-7.89986
-7.74443
-7.7345
-7.41782
-7.45383
-7.02247
-7.10369
-6.50786
-6.68797
-5.76891
-6.10474
-4.80409
-5.25183
-3.90526
-4.22948
-3.2993
-3.49845
-2.90342
-3.03944
-2.60784
-2.71902
-2.35438
-2.45797
-2.12012
-2.22145
-1.90063
-1.99835
-1.69947
-1.79006
-1.52213
-1.60259
-1.37031
-1.44028
-1.24017
-1.30193
-1.12561
-1.18176
-1.02114
-1.07373
-0.923358
-0.973566
-0.830022
-0.878802
-0.739837
-0.78752
-0.651794
-0.699109
-0.563856
-0.6121
-0.480888
-0.524215
-0.422754
-0.445909
-0.393914
-0.405952
-0.377798
-0.3865
-0.372967
-5.81582
-5.45135
-6.32902
-5.99338
-6.74082
-6.44389
-7.05037
-6.78915
-7.27965
-7.04328
-7.45148
-7.23495
-7.57583
-7.37676
-7.6605
-7.47544
-7.71732
-7.54183
-7.75501
-7.58563
-7.77885
-7.61405
-7.79465
-7.6327
-7.80525
-7.6447
-7.8134
-7.65318
-7.82186
-7.66115
-7.82997
-7.66852
-7.83783
-7.67665
-7.84123
-7.68448
-7.82792
-7.68342
-7.77793
-7.65932
-7.66109
-7.58651
-7.44658
-7.43395
-7.14218
-7.17369
-6.77145
-6.84581
-6.28684
-6.45459
-5.58928
-5.90503
-4.67835
-5.10021
-3.82341
-4.13407
-3.23914
-3.43162
-2.85548
-2.9867
-2.5695
-2.67597
-2.32531
-2.42412
-2.09987
-2.1967
-1.8879
-1.98203
-1.69324
-1.78085
-1.52076
-1.5991
-1.37188
-1.44055
-1.24349
-1.30447
-1.12984
-1.18563
-1.02612
-1.07825
-0.92896
-0.978728
-0.836243
-0.884408
-0.74673
-0.793887
-0.659347
-0.706131
-0.572382
-0.619955
-0.489161
-0.533128
-0.42905
-0.453356
-0.398497
-0.410734
-0.381635
-0.390417
-0.376551
-5.63057
-5.28808
-6.11022
-5.79468
-6.49444
-6.21465
-6.78446
-6.53811
-7.0011
-6.77686
-7.16283
-6.95771
-7.27905
-7.09084
-7.35948
-7.18426
-7.41287
-7.24672
-7.44744
-7.28784
-7.47068
-7.31454
-7.48554
-7.33207
-7.49541
-7.34332
-7.50372
-7.35138
-7.51062
-7.35848
-7.518
-7.36514
-7.5261
-7.37339
-7.52947
-7.37984
-7.51761
-7.3799
-7.47066
-7.35761
-7.36206
-7.28944
-7.16361
-7.14878
-6.87969
-6.90797
-6.53113
-6.59999
-6.07469
-6.2312
-5.41751
-5.71378
-4.55703
-4.95413
-3.743
-4.0406
-3.17972
-3.36607
-2.80762
-2.93452
-2.53093
-2.63316
-2.29578
-2.39048
-2.07905
-2.17165
-1.8751
-1.9656
-1.68678
-1.77156
-1.51891
-1.59519
-1.37313
-1.44051
-1.24659
-1.30669
-1.134
-1.18912
-1.03082
-1.08234
-0.93413
-0.9833
-0.842
-0.889626
-0.753229
-0.799677
-0.666672
-0.712663
-0.580627
-0.62747
-0.49725
-0.54166
-0.434987
-0.460697
-0.402617
-0.416103
-0.3853
-0.394066
-0.379938
-5.45379
-5.13126
-5.901
-5.605
-6.26043
-5.99603
-6.53278
-6.29944
-6.73586
-6.52353
-6.8882
-6.69387
-6.99858
-6.8197
-7.07407
-6.90802
-7.12428
-6.96591
-7.15755
-7.00533
-7.17857
-7.03042
-7.1925
-7.04608
-7.20193
-7.05741
-7.20879
-7.06488
-7.21566
-7.0708
-7.22318
-7.07744
-7.2298
-7.08495
-7.23294
-7.09085
-7.22255
-7.09127
-7.17901
-7.07068
-7.0787
-7.00825
-6.89555
-6.87781
-6.63051
-6.65524
-6.30212
-6.36532
-5.87211
-6.01721
-5.25189
-5.52967
-4.43877
-4.81318
-3.66438
-3.94901
-3.1214
-3.3014
-2.76048
-2.88289
-2.49305
-2.59091
-2.26661
-2.35676
-2.05839
-2.14654
-1.86218
-1.94874
-1.68003
-1.76187
-1.5168
-1.59107
-1.37406
-1.44032
-1.24919
-1.30871
-1.13742
-1.19206
-1.03478
-1.08602
-0.938755
-0.987405
-0.847256
-0.894388
-0.759057
-0.804984
-0.673399
-0.718718
-0.588433
-0.634507
-0.505036
-0.549799
-0.441751
-0.467827
-0.407508
-0.421248
-0.388674
-0.397607
-0.38312
-5.284
-4.97879
-5.70182
-5.42343
-6.03705
-5.78781
-6.29235
-6.07147
-6.4838
-6.28225
-6.62772
-6.44368
-6.73154
-6.56197
-6.8023
-6.64406
-6.84943
-6.69901
-6.88069
-6.73608
-6.90044
-6.75969
-6.91351
-6.77441
-6.92288
-6.78504
-6.92941
-6.79254
-6.93511
-6.79761
-6.94174
-6.80342
-6.94852
-6.8102
-6.95171
-6.8163
-6.94192
-6.81632
-6.9024
-6.79796
-6.80977
-6.74076
-6.6398
-6.61925
-6.3922
-6.4137
-6.08239
-6.14101
-5.67653
-5.81154
-5.0924
-5.35279
-4.32446
-4.67704
-3.58673
-3.8592
-3.06341
-3.23722
-2.71375
-2.83183
-2.45497
-2.54893
-2.23696
-2.32298
-2.03708
-2.1211
-1.84855
-1.93136
-1.67297
-1.75169
-1.51461
-1.58668
-1.37496
-1.43972
-1.25155
-1.31032
-1.14062
-1.1948
-1.0386
-1.08951
-0.943
-0.991255
-0.852074
-0.898681
-0.764595
-0.809942
-0.679769
-0.724467
-0.595806
-0.640925
-0.512522
-0.557506
-0.447274
-0.474947
-0.411313
-0.425274
-0.392023
-0.401194
-0.386253
-5.11969
-4.83103
-5.51113
-5.24886
-5.82414
-5.58845
-6.06343
-5.85344
-6.24429
-6.05256
-6.38017
-6.20504
-6.47679
-6.31576
-6.54311
-6.39273
-6.58802
-6.44498
-6.61745
-6.47918
-6.63604
-6.50174
-6.64833
-6.51602
-6.6571
-6.52602
-6.66313
-6.53228
-6.66831
-6.53743
-6.67429
-6.54287
-6.68039
-6.54896
-6.68333
-6.55385
-6.67477
-6.55445
-6.63869
-6.53823
-6.55255
-6.48595
-6.39535
-6.37294
-6.16457
-6.18305
-5.87206
-5.92597
-5.48948
-5.61459
-4.93881
-5.18268
-4.21279
-4.54488
-3.51038
-3.77085
-3.00616
-3.17412
-2.66744
-2.78136
-2.41729
-2.50724
-2.20739
-2.28916
-2.01557
-2.09531
-1.83463
-1.91349
-1.66547
-1.74096
-1.51183
-1.58162
-1.37509
-1.43849
-1.25356
-1.31141
-1.14367
-1.19724
-1.04213
-1.09254
-0.946901
-0.994843
-0.856509
-0.902638
-0.769767
-0.814486
-0.685571
-0.729663
-0.602564
-0.64692
-0.519865
-0.56478
-0.452896
-0.482087
-0.41512
-0.42896
-0.395394
-0.405955
-0.389266
-4.96162
-4.68737
-5.32784
-5.08094
-5.61959
-5.39712
-5.84455
-5.64525
-6.01538
-5.83356
-6.14277
-5.97663
-6.23389
-6.08015
-6.29682
-6.15302
-6.33839
-6.20222
-6.36573
-6.23448
-6.38399
-6.2558
-6.39599
-6.26929
-6.40349
-6.27872
-6.40887
-6.28453
-6.41429
-6.28977
-6.41984
-6.29417
-6.42472
-6.29959
-6.42728
-6.30379
-6.4202
-6.30419
-6.38775
-6.28975
-6.30853
-6.2426
-6.16273
-6.13801
-5.94642
-5.96162
-5.67031
-5.71967
-5.3094
-5.42599
-4.79009
-5.01838
-4.10393
-4.41698
-3.43527
-3.6844
-2.94982
-3.11214
-2.62158
-2.73149
-2.37946
-2.46557
-2.17736
-2.25533
-1.99343
-2.06921
-1.81995
-1.89489
-1.65718
-1.72961
-1.50832
-1.57598
-1.37481
-1.43695
-1.25508
-1.31227
-1.14609
-1.19923
-1.04522
-1.09532
-0.950548
-0.998171
-0.860579
-0.90632
-0.774341
-0.818712
-0.690962
-0.734507
-0.609077
-0.652668
-0.526939
-0.571585
-0.458105
-0.489117
-0.419754
-0.432622
-0.399788
-0.410141
-0.392126
-4.80807
-4.54718
-5.15181
-4.91842
-5.42454
-5.21364
-5.63614
-5.44619
-5.79678
-5.62365
-5.91605
-5.75758
-6.00138
-5.85506
-6.06055
-5.92355
-6.10045
-5.96998
-6.12669
-6.00117
-6.14327
-6.02107
-6.15421
-6.03343
-6.16194
-6.04233
-6.1676
-6.04843
-6.17184
-6.05325
-6.17611
-6.05701
-6.18085
-6.06127
-6.1829
-6.06529
-6.17594
-6.06481
-6.14677
-6.05234
-6.07419
-6.00936
-5.93892
-5.91226
-5.73676
-5.74862
-5.47709
-5.52203
-5.13653
-5.24475
-4.64656
-4.86013
-3.9984
-4.29308
-3.36194
-3.6001
-2.89431
-3.05096
-2.57589
-2.68202
-2.34178
-2.42423
-2.14745
-2.2215
-1.97087
-2.0428
-1.80469
-1.87595
-1.64849
-1.71763
-1.50466
-1.56971
-1.37442
-1.43488
-1.25641
-1.31275
-1.14844
-1.20108
-1.04824
-1.0979
-0.953913
-1.00112
-0.864418
-0.909738
-0.778838
-0.822678
-0.696166
-0.739047
-0.615121
-0.658086
-0.533703
-0.577968
-0.463585
-0.496008
-0.42298
-0.436612
-0.402455
-0.411652
-0.394645
-4.65888
-4.41017
-4.98179
-4.76082
-5.23698
-5.03728
-5.4355
-5.25495
-5.58635
-5.422
-5.69855
-5.54741
-5.77923
-5.63913
-5.83501
-5.70401
-5.87275
-5.74823
-5.89761
-5.77714
-5.9133
-5.79664
-5.92363
-5.80833
-5.9309
-5.81672
-5.93616
-5.82243
-5.94051
-5.82665
-5.94426
-5.83022
-5.94782
-5.8339
-5.94931
-5.83724
-5.94331
-5.83629
-5.917
-5.82472
-5.84945
-5.78606
-5.7239
-5.69626
-5.5357
-5.5441
-5.29136
-5.33249
-4.96985
-5.07089
-4.5079
-4.70757
-3.8957
-4.17295
-3.28977
-3.51712
-2.83916
-2.99026
-2.53076
-2.6331
-2.30429
-2.38343
-2.11713
-2.18743
-1.94809
-2.0161
-1.78904
-1.85647
-1.63894
-1.70498
-1.49998
-1.56256
-1.37321
-1.43201
-1.2574
-1.31259
-1.15052
-1.20257
-1.05075
-1.10006
-0.956922
-1.00394
-0.867966
-0.913003
-0.782851
-0.826352
-0.700923
-0.743132
-0.620881
-0.663038
-0.540215
-0.584077
-0.468986
-0.502895
-0.425264
-0.440632
-0.40383
-0.413143
-0.396861
-4.51342
-4.27632
-4.81779
-4.6083
-5.05687
-4.86687
-5.24318
-5.07094
-5.38488
-5.22847
-5.48988
-5.3459
-5.56583
-5.43233
-5.61917
-5.49371
-5.65459
-5.5356
-5.67815
-5.56297
-5.69364
-5.58146
-5.70341
-5.59313
-5.71024
-5.60042
-5.71491
-5.60575
-5.71836
-5.60962
-5.72186
-5.61293
-5.72533
-5.61661
-5.72624
-5.61911
-5.71972
-5.6179
-5.69577
-5.60624
-5.63481
-5.5713
-5.51831
-5.48924
-5.34263
-5.34734
-5.11362
-5.1498
-4.81005
-4.90327
-4.37382
-4.5598
-3.79528
-4.05589
-3.21826
-3.43543
-2.78469
-2.93042
-2.48617
-2.58502
-2.2669
-2.34276
-2.08667
-2.15338
-1.92469
-1.98912
-1.77256
-1.83623
-1.6287
-1.69144
-1.49464
-1.55491
-1.3714
-1.42849
-1.25775
-1.3117
-1.1521
-1.2034
-1.05322
-1.10195
-0.959991
-1.00656
-0.871359
-0.915977
-0.7866
-0.829591
-0.705209
-0.746972
-0.626187
-0.667556
-0.546699
-0.589804
-0.474492
-0.509725
-0.428482
-0.444713
-0.406153
-0.415596
-0.399076
-4.37247
-4.14582
-4.65882
-4.4601
-4.88251
-4.70196
-5.05791
-4.89358
-5.19124
-5.04184
-5.29014
-5.15201
-5.36203
-5.23364
-5.412
-5.292
-5.44586
-5.33137
-5.46817
-5.35788
-5.48284
-5.37475
-5.49205
-5.38637
-5.49785
-5.39261
-5.50238
-5.39759
-5.5061
-5.40134
-5.50959
-5.4047
-5.51231
-5.40793
-5.51269
-5.40993
-5.50634
-5.40827
-5.48368
-5.39692
-5.42761
-5.36448
-5.32005
-5.28968
-5.15619
-5.15785
-4.941
-4.9733
-4.65443
-4.741
-4.24305
-4.41644
-3.69693
-3.94188
-3.14822
-3.35533
-2.73123
-2.87154
-2.44201
-2.53728
-2.22958
-2.30222
-2.0561
-2.11935
-1.90088
-1.96162
-1.75527
-1.81549
-1.61775
-1.67722
-1.48881
-1.54652
-1.36881
-1.4241
-1.25734
-1.31027
-1.15323
-1.20382
-1.05527
-1.10357
-0.962524
-1.00877
-0.874184
-0.918572
-0.789933
-0.832581
-0.709283
-0.750555
-0.631129
-0.671796
-0.552775
-0.595016
-0.479898
-0.516461
-0.431798
-0.448714
-0.408498
-0.417862
-0.400962
-4.23468
-4.01839
-4.50463
-4.316
-4.71454
-4.54239
-4.87912
-4.72284
-5.00429
-4.86157
-5.09724
-4.96525
-5.16537
-5.04249
-5.21316
-5.09765
-5.24519
-5.13513
-5.26627
-5.15985
-5.2801
-5.17632
-5.28877
-5.18669
-5.29418
-5.19309
-5.29838
-5.19773
-5.30177
-5.20117
-5.30488
-5.20421
-5.30739
-5.2068
-5.30735
-5.20831
-5.30069
-5.2067
-5.27955
-5.19556
-5.22834
-5.16565
-5.12919
-5.09724
-4.97658
-4.97477
-4.77479
-4.8026
-4.50437
-4.58391
-4.11642
-4.2776
-3.60114
-3.83077
-3.07926
-3.27669
-2.67806
-2.81337
-2.39788
-2.48976
-2.19232
-2.26185
-2.02515
-2.08533
-1.87645
-1.93362
-1.7376
-1.79424
-1.6061
-1.66233
-1.48187
-1.53699
-1.36559
-1.41902
-1.25676
-1.30827
-1.15415
-1.20375
-1.05705
-1.10488
-0.964796
-1.01077
-0.876944
-0.920991
-0.793174
-0.835514
-0.713035
-0.753884
-0.635643
-0.675674
-0.558649
-0.599876
-0.485229
-0.522875
-0.434751
-0.452531
-0.41031
-0.41989
-0.402613
-4.10091
-3.89437
-4.35511
-4.17627
-4.55215
-4.38791
-4.70684
-4.5576
-4.82415
-4.68776
-4.91216
-4.78516
-4.97646
-4.85872
-5.02135
-4.91028
-5.05154
-4.94612
-5.07166
-4.96933
-5.08466
-4.9848
-5.09278
-4.99451
-5.0984
-5.0005
-5.10228
-5.00481
-5.10537
-5.00796
-5.10789
-5.01071
-5.1095
-5.013
-5.10944
-5.01424
-5.10334
-5.01249
-5.08342
-5.00161
-5.03628
-4.97374
-4.94448
-4.91134
-4.80236
-4.79714
-4.61317
-4.63715
-4.35846
-4.431
-3.99306
-4.14238
-3.50717
-3.7223
-3.01141
-3.19901
-2.62554
-2.75544
-2.35412
-2.44239
-2.15518
-2.22143
-1.99407
-2.05102
-1.85163
-1.90534
-1.71913
-1.7724
-1.59333
-1.64654
-1.47421
-1.52669
-1.36173
-1.4132
-1.25527
-1.30542
-1.15448
-1.20298
-1.05858
-1.1057
-0.966945
-1.01244
-0.879539
-0.923346
-0.796198
-0.838277
-0.716492
-0.756976
-0.639869
-0.679208
-0.564053
-0.604465
-0.490133
-0.528877
-0.437644
-0.45655
-0.412176
-0.421891
-0.404164
-3.9709
-3.77303
-4.21038
-4.04017
-4.39478
-4.23788
-4.54002
-4.39734
-4.65033
-4.51946
-4.73333
-4.61159
-4.79418
-4.68102
-4.83671
-4.72974
-4.86558
-4.7635
-4.88416
-4.78549
-4.89634
-4.79951
-4.90393
-4.80912
-4.90862
-4.81417
-4.9122
-4.81816
-4.91501
-4.82105
-4.91753
-4.82353
-4.91946
-4.82584
-4.91901
-4.82721
-4.91247
-4.82492
-4.89363
-4.81446
-4.85046
-4.78831
-4.76561
-4.73166
-4.63345
-4.62568
-4.45639
-4.47644
-4.2162
-4.28224
-3.8727
-4.01039
-3.41498
-3.61617
-2.94365
-3.12217
-2.57276
-2.69794
-2.3101
-2.3954
-2.1176
-2.18092
-1.96258
-2.01642
-1.82633
-1.87678
-1.69997
-1.74989
-1.58002
-1.62985
-1.46576
-1.51558
-1.35693
-1.40637
-1.25315
-1.30187
-1.15422
-1.20167
-1.05955
-1.10577
-0.968823
-1.0137
-0.882061
-0.92543
-0.799029
-0.840686
-0.719664
-0.759716
-0.643769
-0.682495
-0.569242
-0.608545
-0.495248
-0.534594
-0.440769
-0.460951
-0.413864
-0.423994
-0.405436
-3.84344
-3.65399
-4.06894
-3.90739
-4.24182
-4.09199
-4.37823
-4.2421
-4.48222
-4.35629
-4.56084
-4.44374
-4.61817
-4.50922
-4.65815
-4.55483
-4.68504
-4.58632
-4.70247
-4.60682
-4.71393
-4.61989
-4.721
-4.62888
-4.72536
-4.63407
-4.72866
-4.63777
-4.73122
-4.64041
-4.7335
-4.64254
-4.73524
-4.64423
-4.73478
-4.64548
-4.72857
-4.64389
-4.71079
-4.63405
-4.67112
-4.60895
-4.59329
-4.55734
-4.47015
-4.45977
-4.30368
-4.31958
-4.07768
-4.13688
-3.75492
-3.88178
-3.32417
-3.51194
-2.87706
-3.04639
-2.52104
-2.64097
-2.26662
-2.34844
-2.08008
-2.14056
-1.93091
-1.98153
-1.80057
-1.84767
-1.67995
-1.72652
-1.56554
-1.61242
-1.45628
-1.50343
-1.35136
-1.39851
-1.25041
-1.29739
-1.15324
-1.19962
-1.05991
-1.10532
-0.97029
-1.01439
-0.884037
-0.927054
-0.801352
-0.842695
-0.722522
-0.762164
-0.64724
-0.685435
-0.573855
-0.612101
-0.500252
-0.539809
-0.444145
-0.465601
-0.415551
-0.425747
-0.406556
-3.71905
-3.53688
-3.93168
-3.7776
-4.09361
-3.95023
-4.22157
-4.091
-4.31928
-4.1984
-4.39363
-4.281
-4.44742
-4.34241
-4.48457
-4.38496
-4.50968
-4.41431
-4.52582
-4.43338
-4.53643
-4.44551
-4.54354
-4.4539
-4.54808
-4.45923
-4.55112
-4.46266
-4.55333
-4.46507
-4.55487
-4.46698
-4.55607
-4.4684
-4.55619
-4.46943
-4.55096
-4.46826
-4.53381
-4.45921
-4.49674
-4.43523
-4.42533
-4.38797
-4.31065
-4.29828
-4.15414
-4.16665
-3.9422
-3.99482
-3.63984
-3.75583
-3.23497
-3.40941
-2.8109
-2.97122
-2.46884
-2.58384
-2.22278
-2.30148
-2.04235
-2.10006
-1.89858
-1.9465
-1.77387
-1.81799
-1.65918
-1.70249
-1.55044
-1.59422
-1.44575
-1.49021
-1.34461
-1.38959
-1.24664
-1.29196
-1.15172
-1.19675
-1.0598
-1.10425
-0.971143
-1.01446
-0.885697
-0.928141
-0.803488
-0.844563
-0.725053
-0.764353
-0.650269
-0.687964
-0.578017
-0.615402
-0.505114
-0.544531
-0.447175
-0.470415
-0.416741
-0.427226
-0.407448
-3.59653
-3.42138
-3.79736
-3.65046
-3.94892
-3.81169
-4.0692
-3.94372
-4.16154
-4.04492
-4.23124
-4.12286
-4.28144
-4.18022
-4.31622
-4.22012
-4.33955
-4.2469
-4.35461
-4.26506
-4.36452
-4.27646
-4.37114
-4.28433
-4.37537
-4.28912
-4.37817
-4.29202
-4.38028
-4.29422
-4.38206
-4.29602
-4.38331
-4.29761
-4.38306
-4.29853
-4.37807
-4.29709
-4.36219
-4.28895
-4.32797
-4.26718
-4.26238
-4.22323
-4.15567
-4.14125
-4.00863
-4.01794
-3.80964
-3.85601
-3.52642
-3.63234
-3.14646
-3.30836
-2.74476
-2.89653
-2.41695
-2.52683
-2.17915
-2.25475
-2.00455
-2.05935
-1.8662
-1.91105
-1.74686
-1.78772
-1.63772
-1.67782
-1.53413
-1.57484
-1.43415
-1.47589
-1.33701
-1.37974
-1.24211
-1.28548
-1.14931
-1.19295
-1.05893
-1.10243
-0.971458
-1.01415
-0.886996
-0.928627
-0.805411
-0.84604
-0.727244
-0.766322
-0.653072
-0.690292
-0.58188
-0.618237
-0.50979
-0.548587
-0.450436
-0.475463
-0.417922
-0.428832
-0.408149
-3.47638
-3.30714
-3.66597
-3.52562
-3.80776
-3.67633
-3.92078
-3.79999
-4.00763
-3.89508
-4.07326
-3.96837
-4.12035
-4.02236
-4.15228
-4.05947
-4.17391
-4.08388
-4.18841
-4.10129
-4.19777
-4.11197
-4.20381
-4.11939
-4.20729
-4.12387
-4.20959
-4.12618
-4.21148
-4.1281
-4.2131
-4.12968
-4.21435
-4.13109
-4.21408
-4.13196
-4.20949
-4.13073
-4.19544
-4.1233
-4.16391
-4.10381
-4.10353
-4.06283
-4.00488
-3.98792
-3.8666
-3.87283
-3.67988
-3.72043
-3.41527
-3.51111
-3.05921
-3.20855
-2.67919
-2.82221
-2.36509
-2.47015
-2.13534
-2.20765
-1.9662
-2.01838
-1.83287
-1.87497
-1.71893
-1.75679
-1.61515
-1.65212
-1.51676
-1.55442
-1.4216
-1.46062
-1.32829
-1.36873
-1.23637
-1.27789
-1.1461
-1.18819
-1.05766
-1.09978
-0.971316
-1.01319
-0.887666
-0.928719
-0.806937
-0.847018
-0.729351
-0.768185
-0.655436
-0.692525
-0.584916
-0.620683
-0.514221
-0.55219
-0.453828
-0.480585
-0.419048
-0.430835
-0.408906
-3.35745
-3.19388
-3.53714
-3.40253
-3.6698
-3.54393
-3.77559
-3.65952
-3.85717
-3.74894
-3.91886
-3.81755
-3.9629
-3.86797
-3.9925
-3.90229
-4.0127
-3.92545
-4.0263
-3.94142
-4.03505
-3.95159
-4.04092
-3.95838
-4.04423
-3.96278
-4.04616
-3.96516
-4.04776
-3.96689
-4.04915
-3.96826
-4.05018
-3.96942
-4.05008
-3.97007
-4.04601
-3.96891
-4.03313
-3.96233
-4.00417
-3.94425
-3.94861
-3.90648
-3.8572
-3.83801
-3.72791
-3.73081
-3.55281
-3.58795
-3.30538
-3.39194
-2.97233
-3.10962
-2.61375
-2.74777
-2.31317
-2.4134
-2.09109
-2.16033
-1.9275
-1.97711
-1.7992
-1.83862
-1.69023
-1.72515
-1.5916
-1.62548
-1.49845
-1.53289
-1.40787
-1.44392
-1.31842
-1.35628
-1.22978
-1.26918
-1.14191
-1.18245
-1.05533
-1.09616
-0.970596
-1.01151
-0.888067
-0.928318
-0.808254
-0.84759
-0.731341
-0.76952
-0.657751
-0.694269
-0.587929
-0.62293
-0.518516
-0.555467
-0.457559
-0.485682
-0.420678
-0.432481
-0.41092
-3.24001
-3.08139
-3.41046
-3.28125
-3.53487
-3.41384
-3.63414
-3.52204
-3.71064
-3.60612
-3.76802
-3.67045
-3.80875
-3.71663
-3.83665
-3.74886
-3.85558
-3.7709
-3.86813
-3.78557
-3.87635
-3.79513
-3.88168
-3.80154
-3.88514
-3.80568
-3.88733
-3.80824
-3.88882
-3.80988
-3.88997
-3.81105
-3.89075
-3.81195
-3.89034
-3.81232
-3.88667
-3.81093
-3.87487
-3.80525
-3.84796
-3.78856
-3.79724
-3.75345
-3.71292
-3.69115
-3.59207
-3.59172
-3.4282
-3.4579
-3.19715
-3.27453
-2.88584
-3.01146
-2.54801
-2.67334
-2.26102
-2.35614
-2.04675
-2.1125
-1.88858
-1.9354
-1.76488
-1.80145
-1.66066
-1.6927
-1.56699
-1.59782
-1.47854
-1.51016
-1.39247
-1.42589
-1.30714
-1.34249
-1.22192
-1.2592
-1.13675
-1.17542
-1.05236
-1.09175
-0.96924
-1.00891
-0.887842
-0.92722
-0.80885
-0.847509
-0.732438
-0.770205
-0.659434
-0.695603
-0.590445
-0.624752
-0.522596
-0.558148
-0.460578
-0.490659
-0.422705
-0.433697
-0.411275
-3.12368
-2.96962
-3.28576
-3.1612
-3.40221
-3.28576
-3.49527
-3.38689
-3.56722
-3.46625
-3.62039
-3.52632
-3.6581
-3.56857
-3.68448
-3.59899
-3.70227
-3.6197
-3.71397
-3.63354
-3.72172
-3.64238
-3.72693
-3.6486
-3.73018
-3.6525
-3.73219
-3.65488
-3.73351
-3.65636
-3.73442
-3.65734
-3.73493
-3.65799
-3.73432
-3.65807
-3.73091
-3.65653
-3.72033
-3.65135
-3.69543
-3.63642
-3.6487
-3.6039
-3.57124
-3.54706
-3.45876
-3.45526
-3.30534
-3.33032
-3.08981
-3.15839
-2.79974
-2.91372
-2.48206
-2.59866
-2.20809
-2.29815
-2.00156
-2.06418
-1.84863
-1.89283
-1.72959
-1.76331
-1.63013
-1.65914
-1.54122
-1.56883
-1.4577
-1.4861
-1.37606
-1.40642
-1.29466
-1.32722
-1.21278
-1.2478
-1.13048
-1.16713
-1.04834
-1.08613
-0.966915
-1.00518
-0.886895
-0.925231
-0.808863
-0.846804
-0.733361
-0.770491
-0.660908
-0.69673
-0.592437
-0.626101
-0.526178
-0.560316
-0.46375
-0.495181
-0.422271
-0.435451
-0.410136
-3.00819
-2.85867
-3.16231
-3.04225
-3.27161
-3.15971
-3.35909
-3.25426
-3.42661
-3.32899
-3.47581
-3.38458
-3.51079
-3.42404
-3.53555
-3.4521
-3.55232
-3.47167
-3.56331
-3.48468
-3.57062
-3.4934
-3.57553
-3.49907
-3.57857
-3.50252
-3.58042
-3.50474
-3.58157
-3.50608
-3.58228
-3.50689
-3.58251
-3.50732
-3.58166
-3.50712
-3.57835
-3.50575
-3.56881
-3.50048
-3.54624
-3.48712
-3.50357
-3.45755
-3.43233
-3.40555
-3.328
-3.32132
-3.18445
-3.20476
-2.98325
-3.04329
-2.71342
-2.81594
-2.41535
-2.52319
-2.15472
-2.23942
-1.95587
-2.01502
-1.80788
-1.84919
-1.69319
-1.72437
-1.59813
-1.62422
-1.51395
-1.53855
-1.43503
-1.46039
-1.35774
-1.38517
-1.28049
-1.31034
-1.20224
-1.23462
-1.12285
-1.15744
-1.04302
-1.07915
-0.963527
-1.00052
-0.885156
-0.922369
-0.808435
-0.845476
-0.733855
-0.770273
-0.661914
-0.69738
-0.593967
-0.627143
-0.529291
-0.562139
-0.466855
-0.499071
-0.423307
-0.437416
-0.410366
-2.89377
-2.74864
-3.04075
-2.92457
-3.14351
-3.03509
-3.22536
-3.12393
-3.28821
-3.19376
-3.33409
-3.24512
-3.36665
-3.28211
-3.38954
-3.30813
-3.40536
-3.3265
-3.4161
-3.33913
-3.42317
-3.34732
-3.42739
-3.35263
-3.43003
-3.35584
-3.43173
-3.3579
-3.43274
-3.3591
-3.43327
-3.35978
-3.43327
-3.36003
-3.43255
-3.3596
-3.42922
-3.358
-3.42013
-3.35287
-3.39976
-3.34085
-3.36083
-3.31414
-3.29577
-3.26615
-3.19924
-3.18906
-3.06467
-3.08045
-2.87693
-2.92927
-2.62649
-2.71816
-2.34787
-2.44686
-2.10021
-2.17932
-1.90876
-1.96429
-1.76605
-1.80443
-1.65573
-1.68402
-1.56495
-1.58806
-1.48525
-1.50684
-1.41075
-1.43287
-1.33795
-1.36219
-1.26462
-1.29151
-1.18993
-1.21962
-1.11383
-1.14585
-1.0367
-1.07062
-0.959395
-0.994575
-0.882711
-0.918562
-0.807323
-0.843187
-0.733798
-0.769266
-0.662603
-0.697293
-0.595303
-0.627965
-0.531895
-0.563306
-0.469608
-0.502215
-0.424465
-0.439749
-0.410607
-2.78046
-2.63955
-2.92
-2.80788
-3.01665
-2.91185
-3.09351
-2.99527
-3.15189
-3.06043
-3.19439
-3.10787
-3.22487
-3.14231
-3.24639
-3.16712
-3.26158
-3.18439
-3.27166
-3.19623
-3.27808
-3.20386
-3.28238
-3.20896
-3.28501
-3.2118
-3.28657
-3.21366
-3.28745
-3.21475
-3.28784
-3.21531
-3.28767
-3.21544
-3.28636
-3.21504
-3.28296
-3.21307
-3.2749
-3.20838
-3.25652
-3.19708
-3.22072
-3.17307
-3.16065
-3.1288
-3.07143
-3.05823
-2.94612
-2.95731
-2.77146
-2.81623
-2.53932
-2.62035
-2.27893
-2.36923
-2.04391
-2.11749
-1.86038
-1.91209
-1.72278
-1.75803
-1.6167
-1.64186
-1.53027
-1.55038
-1.45473
-1.4731
-1.38454
-1.40354
-1.31595
-1.33693
-1.24668
-1.27037
-1.17567
-1.20262
-1.10274
-1.13233
-1.02857
-1.06037
-0.953792
-0.987066
-0.879071
-0.913286
-0.80515
-0.839672
-0.73277
-0.767144
-0.662654
-0.696364
-0.595961
-0.628073
-0.533609
-0.563823
-0.472332
-0.504566
-0.425879
-0.442156
-0.410828
-2.66798
-2.53125
-2.8008
-2.69226
-2.89158
-2.79032
-2.96335
-2.8682
-3.01761
-2.92896
-3.05703
-2.97314
-3.08582
-3.00528
-3.10638
-3.02851
-3.12032
-3.04474
-3.12971
-3.05572
-3.13601
-3.06277
-3.13967
-3.06748
-3.14174
-3.07008
-3.14313
-3.07178
-3.14391
-3.07276
-3.14421
-3.07325
-3.1441
-3.0733
-3.14303
-3.07282
-3.13977
-3.07079
-3.13185
-3.06616
-3.1149
-3.05572
-3.0824
-3.03387
-3.02757
-2.99346
-2.94524
-2.92904
-2.82847
-2.83519
-2.66606
-2.70343
-2.45105
-2.52209
-2.20842
-2.28985
-1.9862
-2.05384
-1.81019
-1.85787
-1.67752
-1.7095
-1.57591
-1.59801
-1.49355
-1.51072
-1.4222
-1.43738
-1.35619
-1.37211
-1.29157
-1.30941
-1.2265
-1.24711
-1.15943
-1.18328
-1.09007
-1.11683
-1.01896
-1.04816
-0.946625
-0.977798
-0.873934
-0.90639
-0.801698
-0.834816
-0.730756
-0.764023
-0.66179
-0.694553
-0.595935
-0.6272
-0.534769
-0.563828
-0.474373
-0.5061
-0.427094
-0.444287
-0.411118
-2.55653
-2.42429
-2.68283
-2.57777
-2.76804
-2.67015
-2.83496
-2.74292
-2.88566
-2.79932
-2.9226
-2.84054
-2.94921
-2.87058
-2.96812
-2.89229
-2.98139
-2.90734
-2.99004
-2.91745
-2.9955
-2.9239
-2.99915
-2.92816
-3.00138
-2.93057
-3.00268
-2.93216
-3.00337
-2.93305
-3.00361
-2.93348
-3.00329
-2.93349
-3.00185
-2.93302
-2.99845
-2.931
-2.99129
-2.92651
-2.97593
-2.91677
-2.94616
-2.89699
-2.89611
-2.86012
-2.82011
-2.80084
-2.71121
-2.71386
-2.56042
-2.59126
-2.36169
-2.42317
-2.13592
-2.20877
-1.92605
-1.98763
-1.75765
-1.80136
-1.63042
-1.65908
-1.53321
-1.55223
-1.45491
-1.46875
-1.3876
-1.39974
-1.32561
-1.33824
-1.26519
-1.27967
-1.2041
-1.22135
-1.14086
-1.1613
-1.07506
-1.09878
-1.00711
-1.03375
-0.937643
-0.966438
-0.867331
-0.897761
-0.797182
-0.828435
-0.727847
-0.759645
-0.659979
-0.691548
-0.595101
-0.625542
-0.535156
-0.562843
-0.475999
-0.506696
-0.4283
-0.446819
-0.411366
-2.44652
-2.31853
-2.56614
-2.46421
-2.64613
-2.55112
-2.70842
-2.6194
-2.75537
-2.67156
-2.78972
-2.70979
-2.81487
-2.73782
-2.83273
-2.7583
-2.84462
-2.77212
-2.85254
-2.78104
-2.85779
-2.78725
-2.86082
-2.79115
-2.8626
-2.79318
-2.86379
-2.79451
-2.86441
-2.79531
-2.86461
-2.79571
-2.86448
-2.79581
-2.86342
-2.79555
-2.8603
-2.79365
-2.85322
-2.78939
-2.83906
-2.77996
-2.81215
-2.76215
-2.76603
-2.7285
-2.69571
-2.67386
-2.59495
-2.59349
-2.45496
-2.47984
-2.27106
-2.32404
-2.06115
-2.12598
-1.8635
-1.91904
-1.70327
-1.74245
-1.58133
-1.60632
-1.48817
-1.50402
-1.41394
-1.42469
-1.3507
-1.35968
-1.29259
-1.30195
-1.23609
-1.24719
-1.17878
-1.19275
-1.11942
-1.13661
-1.05763
-1.07794
-0.993202
-1.0167
-0.926654
-0.952813
-0.85894
-0.887112
-0.790954
-0.820296
-0.723385
-0.753424
-0.657136
-0.687142
-0.5933
-0.622578
-0.53439
-0.56083
-0.477502
-0.506085
-0.429871
-0.449815
-0.411456
-2.3372
-2.21366
-2.45024
-2.35192
-2.52548
-2.43338
-2.58366
-2.49731
-2.62713
-2.5455
-2.65907
-2.58099
-2.68244
-2.60705
-2.69889
-2.62593
-2.70975
-2.63855
-2.71697
-2.64696
-2.72183
-2.65234
-2.72474
-2.65598
-2.72632
-2.65808
-2.72726
-2.65929
-2.72784
-2.66002
-2.72814
-2.66037
-2.72812
-2.66046
-2.72701
-2.66005
-2.72397
-2.65824
-2.71735
-2.65422
-2.70427
-2.64573
-2.67969
-2.62948
-2.63748
-2.59869
-2.57275
-2.54864
-2.47943
-2.47425
-2.34986
-2.36907
-2.17978
-2.22489
-1.98456
-2.04139
-1.79858
-1.84826
-1.64602
-1.68083
-1.52948
-1.55116
-1.44096
-1.4536
-1.37081
-1.37857
-1.31128
-1.31704
-1.25687
-1.26305
-1.20414
-1.21191
-1.15084
-1.1612
-1.09536
-1.10905
-1.0372
-1.05426
-0.976461
-0.996749
-0.91339
-0.936484
-0.848561
-0.873852
-0.782839
-0.809814
-0.717236
-0.745264
-0.652624
-0.681024
-0.590137
-0.617949
-0.532542
-0.557705
-0.47839
-0.504097
-0.431387
-0.452567
-0.41143
-2.22936
-2.11005
-2.3361
-2.241
-2.40628
-2.31715
-2.46026
-2.37658
-2.50049
-2.42107
-2.53013
-2.45427
-2.55172
-2.47838
-2.56677
-2.49568
-2.57695
-2.50715
-2.58353
-2.51495
-2.58769
-2.51973
-2.59053
-2.52309
-2.59226
-2.52519
-2.59326
-2.52643
-2.59376
-2.5271
-2.5939
-2.52738
-2.5936
-2.52734
-2.59249
-2.5268
-2.5897
-2.52515
-2.5838
-2.52147
-2.57213
-2.51363
-2.54965
-2.49884
-2.51099
-2.47089
-2.45123
-2.42513
-2.36492
-2.35612
-2.24504
-2.25903
-2.08732
-2.12553
-1.90579
-1.95554
-1.73112
-1.77529
-1.58651
-1.61711
-1.47577
-1.49392
-1.39165
-1.40135
-1.32521
-1.33019
-1.26919
-1.27211
-1.21844
-1.22145
-1.16928
-1.17384
-1.11969
-1.12665
-1.0682
-1.07821
-1.01402
-1.0274
-0.956947
-0.973688
-0.897093
-0.917037
-0.835225
-0.857692
-0.772334
-0.796677
-0.709125
-0.734774
-0.646404
-0.672664
-0.585558
-0.61157
-0.529289
-0.552848
-0.478275
-0.500411
-0.432599
-0.454153
-0.411113
-2.12266
-2.00802
-2.22307
-2.13136
-2.28851
-2.20241
-2.33848
-2.25749
-2.37596
-2.29878
-2.40365
-2.32954
-2.42349
-2.35201
-2.43722
-2.36768
-2.44633
-2.37822
-2.45233
-2.38507
-2.45631
-2.38973
-2.45893
-2.39283
-2.46054
-2.39476
-2.46145
-2.39591
-2.4619
-2.39652
-2.46201
-2.39676
-2.46172
-2.3967
-2.46064
-2.39619
-2.4581
-2.39463
-2.45248
-2.39135
-2.44152
-2.38387
-2.42124
-2.37039
-2.38615
-2.34528
-2.3311
-2.30327
-2.25126
-2.23964
-2.14047
-2.14969
-1.99458
-2.02624
-1.82575
-1.86906
-1.6619
-1.70078
-1.52507
-1.55175
-1.42
-1.43505
-1.34034
-1.34725
-1.27753
-1.27985
-1.22477
-1.22514
-1.17722
-1.17748
-1.13155
-1.13294
-1.08548
-1.08917
-1.03769
-1.04424
-0.987312
-0.997138
-0.933984
-0.947222
-0.87781
-0.894281
-0.819287
-0.83856
-0.759235
-0.780791
-0.69841
-0.721556
-0.637907
-0.661905
-0.57892
-0.602854
-0.524017
-0.545885
-0.476306
-0.494907
-0.432666
-0.453565
-0.410457
-2.01767
-1.90734
-2.1117
-2.02327
-2.17244
-2.08943
-2.21887
-2.14035
-2.25346
-2.17863
-2.27901
-2.20678
-2.29733
-2.22765
-2.30983
-2.24191
-2.31812
-2.25153
-2.32362
-2.25793
-2.3274
-2.26207
-2.32982
-2.26493
-2.3313
-2.26673
-2.33214
-2.26778
-2.33254
-2.26833
-2.33262
-2.26854
-2.33233
-2.26845
-2.33134
-2.26796
-2.32904
-2.26653
-2.3239
-2.26358
-2.31388
-2.25672
-2.29556
-2.24442
-2.2635
-2.22176
-2.21288
-2.18309
-2.13909
-2.1248
-2.03639
-2.04158
-1.90155
-1.92729
-1.74482
-1.7822
-1.59126
-1.62517
-1.46229
-1.48527
-1.36281
-1.37502
-1.28724
-1.29172
-1.22792
-1.22793
-1.17828
-1.17611
-1.1336
-1.13128
-1.09093
-1.08945
-1.04827
-1.04862
-1.00399
-1.00709
-0.957317
-0.963385
-0.907754
-0.917314
-0.855234
-0.868121
-0.800234
-0.816152
-0.743255
-0.761673
-0.68517
-0.705421
-0.62695
-0.648472
-0.569901
-0.591581
-0.516839
-0.53658
-0.472202
-0.487122
-0.431367
-0.45031
-0.408741
-1.91388
-1.80812
-2.00199
-1.91656
-2.05836
-1.97819
-2.10117
-2.02538
-2.13303
-2.06037
-2.15651
-2.08652
-2.17334
-2.10542
-2.18473
-2.11846
-2.19246
-2.12738
-2.19751
-2.13327
-2.20074
-2.13707
-2.20298
-2.13972
-2.20435
-2.14138
-2.20511
-2.14235
-2.20547
-2.14285
-2.20551
-2.14301
-2.20522
-2.14291
-2.2043
-2.14242
-2.20222
-2.14111
-2.19754
-2.13845
-2.18839
-2.13219
-2.17174
-2.12071
-2.14245
-2.10028
-2.09606
-2.06489
-2.02828
-2.01134
-1.9334
-1.93449
-1.80877
-1.82899
-1.66329
-1.6949
-1.51982
-1.54893
-1.39858
-1.41795
-1.30445
-1.3139
-1.2329
-1.2351
-1.17659
-1.17449
-1.12955
-1.12539
-1.08755
-1.08287
-1.04754
-1.04356
-1.00781
-1.00531
-0.966817
-0.966694
-0.923685
-0.926267
-0.87795
-0.883806
-0.829273
-0.838425
-0.777793
-0.79026
-0.724012
-0.739222
-0.66887
-0.686144
-0.613226
-0.631953
-0.558364
-0.577639
-0.506952
-0.524672
-0.465292
-0.476622
-0.427718
-0.444402
-0.405663
-1.81172
-1.71054
-1.89374
-1.81154
-1.94622
-1.86869
-1.98562
-1.91234
-2.01493
-1.94451
-2.03651
-1.96854
-2.05163
-1.98579
-2.06221
-1.99768
-2.0693
-2.00585
-2.07394
-2.01125
-2.07716
-2.01476
-2.07923
-2.01722
-2.08049
-2.01875
-2.0812
-2.01965
-2.08151
-2.0201
-2.08152
-2.02023
-2.08122
-2.0201
-2.08035
-2.01961
-2.07845
-2.01854
-2.07421
-2.01598
-2.06561
-2.01028
-2.05033
-1.99969
-2.02378
-1.98113
-1.9812
-1.94882
-1.91854
-1.89956
-1.831
-1.82862
-1.71595
-1.73114
-1.58128
-1.60747
-1.44771
-1.47217
-1.33386
-1.34976
-1.24509
-1.25179
-1.17719
-1.17733
-1.12376
-1.11972
-1.07916
-1.0732
-1.03931
-1.03267
-1.00174
-0.995518
-0.964583
-0.959476
-0.926507
-0.923405
-0.886721
-0.886061
-0.844581
-0.846948
-0.799678
-0.805159
-0.751922
-0.760657
-0.701556
-0.713289
-0.649403
-0.663509
-0.596516
-0.612296
-0.544075
-0.560588
-0.494455
-0.509936
-0.455818
-0.463598
-0.422396
-0.435525
-0.401473
-1.71127
-1.61431
-1.78746
-1.70824
-1.8358
-1.76111
-1.87224
-1.8011
-1.89916
-1.83078
-1.91888
-1.85281
-1.9329
-1.86873
-1.94239
-1.87965
-1.94889
-1.88691
-1.95317
-1.89198
-1.95591
-1.89512
-1.95783
-1.89739
-1.959
-1.89881
-1.95964
-1.89964
-1.95992
-1.90005
-1.9599
-1.90015
-1.95958
-1.9
-1.95889
-1.89951
-1.95716
-1.8985
-1.95315
-1.89616
-1.94544
-1.89098
-1.93155
-1.8813
-1.90721
-1.86423
-1.86819
-1.83469
-1.81061
-1.78947
-1.72967
-1.72402
-1.62349
-1.63398
-1.4991
-1.51999
-1.37488
-1.39478
-1.26827
-1.28056
-1.18458
-1.18876
-1.12038
-1.1184
-1.06964
-1.06394
-1.02718
-1.01955
-0.989324
-0.980933
-0.953683
-0.945469
-0.91871
-0.911425
-0.883347
-0.877504
-0.846649
-0.842875
-0.807857
-0.806729
-0.766437
-0.768369
-0.722291
-0.727456
-0.675476
-0.683684
-0.626608
-0.637413
-0.576547
-0.589392
-0.526605
-0.540352
-0.479216
-0.492119
-0.443417
-0.447836
-0.414672
-0.422923
-0.393842
-1.61218
-1.51944
-1.68284
-1.60634
-1.72738
-1.65515
-1.76064
-1.69184
-1.78546
-1.71911
-1.8037
-1.73929
-1.81652
-1.75384
-1.82522
-1.76382
-1.83106
-1.7707
-1.835
-1.77516
-1.83767
-1.77829
-1.83944
-1.78039
-1.84052
-1.78157
-1.84111
-1.78224
-1.84135
-1.78261
-1.84132
-1.78276
-1.84099
-1.78272
-1.84018
-1.78225
-1.83857
-1.78114
-1.83505
-1.77893
-1.8279
-1.77427
-1.81503
-1.76532
-1.79273
-1.74962
-1.75697
-1.72269
-1.70385
-1.68106
-1.62923
-1.62056
-1.5313
-1.53753
-1.41641
-1.43229
-1.30113
-1.3167
-1.20165
-1.21038
-1.12313
-1.12448
-1.06249
-1.05834
-1.01434
-1.00683
-0.973782
-0.964513
-0.937544
-0.927695
-0.903661
-0.893709
-0.870651
-0.86144
-0.837445
-0.829326
-0.803345
-0.796834
-0.767604
-0.763294
-0.729719
-0.72815
-0.689147
-0.69068
-0.645887
-0.650497
-0.600434
-0.607818
-0.553406
-0.563037
-0.506051
-0.516955
-0.460903
-0.471186
-0.427486
-0.428997
-0.402206
-0.406611
-0.382853
-1.51448
-1.42579
-1.57958
-1.50586
-1.62057
-1.55065
-1.6513
-1.58441
-1.67395
-1.60954
-1.69045
-1.62782
-1.70217
-1.64113
-1.71034
-1.65026
-1.71584
-1.6568
-1.71948
-1.66082
-1.72204
-1.6638
-1.72355
-1.66575
-1.72433
-1.66672
-1.72479
-1.66726
-1.72507
-1.66759
-1.7252
-1.66778
-1.72502
-1.66785
-1.72426
-1.66739
-1.72255
-1.66633
-1.71919
-1.66409
-1.71273
-1.65983
-1.70093
-1.65165
-1.68058
-1.63733
-1.64777
-1.61266
-1.59872
-1.57442
-1.52975
-1.51843
-1.43935
-1.44156
-1.33333
-1.34456
-1.22662
-1.23762
-1.13382
-1.13898
-1.06025
-1.05876
-1.00321
-0.996776
-0.957509
-0.948058
-0.91892
-0.907915
-0.884338
-0.872902
-0.851953
-0.840529
-0.820566
-0.809652
-0.789149
-0.779105
-0.757199
-0.74831
-0.724231
-0.717031
-0.689473
-0.684536
-0.65236
-0.65024
-0.612726
-0.613573
-0.570689
-0.574507
-0.526825
-0.533065
-0.482303
-0.490144
-0.439472
-0.447009
-0.408295
-0.407125
-0.387392
-0.387152
-0.370003
-1.41804
-1.33312
-1.47785
-1.40649
-1.51543
-1.44767
-1.54363
-1.47845
-1.56439
-1.50151
-1.5795
-1.51826
-1.59022
-1.53043
-1.59773
-1.53879
-1.6028
-1.54483
-1.60616
-1.54852
-1.60853
-1.55128
-1.60993
-1.55308
-1.61066
-1.55409
-1.61108
-1.55466
-1.61133
-1.55497
-1.61144
-1.55507
-1.61124
-1.55501
-1.61048
-1.55453
-1.6089
-1.55352
-1.60575
-1.55163
-1.59977
-1.54766
-1.58906
-1.54002
-1.57041
-1.52683
-1.54028
-1.50418
-1.49506
-1.46905
-1.43113
-1.4172
-1.34759
-1.34608
-1.2496
-1.25649
-1.15067
-1.1576
-1.06455
-1.06607
-0.995864
-0.991406
-0.942172
-0.933182
-0.898992
-0.887486
-0.862406
-0.849555
-0.829586
-0.816452
-0.798708
-0.785698
-0.768659
-0.756153
-0.738719
-0.726933
-0.70858
-0.697611
-0.677755
-0.668047
-0.645697
-0.637587
-0.611817
-0.606133
-0.575687
-0.572756
-0.537184
-0.537277
-0.496655
-0.49933
-0.455095
-0.459805
-0.414884
-0.419513
-0.386182
-0.38219
-0.369921
-0.364568
-0.355394
-1.32244
-1.24125
-1.37722
-1.3078
-1.41162
-1.3455
-1.4373
-1.37358
-1.45635
-1.39457
-1.47018
-1.41009
-1.47999
-1.42123
-1.48688
-1.42889
-1.49155
-1.43442
-1.49465
-1.43785
-1.49684
-1.4404
-1.49825
-1.44206
-1.49909
-1.4431
-1.49955
-1.44367
-1.49972
-1.44394
-1.49965
-1.44402
-1.49931
-1.44383
-1.49857
-1.44335
-1.49726
-1.44238
-1.49454
-1.44062
-1.48891
-1.43702
-1.47877
-1.43002
-1.46158
-1.41763
-1.43391
-1.397
-1.39212
-1.36454
-1.33304
-1.31663
-1.2558
-1.25081
-1.16525
-1.16793
-1.07369
-1.07655
-0.993572
-0.991552
-0.929323
-0.921924
-0.879064
-0.867487
-0.838593
-0.824718
-0.804126
-0.789137
-0.773074
-0.757948
-0.743639
-0.728923
-0.714911
-0.700889
-0.686297
-0.672985
-0.657538
-0.644988
-0.628324
-0.616805
-0.598448
-0.587915
-0.567471
-0.558566
-0.534715
-0.528089
-0.49976
-0.496012
-0.462785
-0.461844
-0.424499
-0.425944
-0.387069
-0.389047
-0.360805
-0.354544
-0.350219
-0.33939
-0.342503
-1.22747
-1.1495
-1.27698
-1.20927
-1.30838
-1.24328
-1.3318
-1.26896
-1.34928
-1.28818
-1.36211
-1.30253
-1.37111
-1.31272
-1.37741
-1.31974
-1.3817
-1.32472
-1.38459
-1.32797
-1.38661
-1.33032
-1.38791
-1.33185
-1.38867
-1.33281
-1.38906
-1.33333
-1.38924
-1.33359
-1.38919
-1.33365
-1.38886
-1.33346
-1.38815
-1.333
-1.38674
-1.33208
-1.38409
-1.33027
-1.37912
-1.32701
-1.36986
-1.32062
-1.35401
-1.30931
-1.32858
-1.29021
-1.28997
-1.26027
-1.23528
-1.2161
-1.16377
-1.15516
-1.08
-1.07849
-0.995111
-0.993971
-0.920561
-0.915283
-0.860707
-0.850436
-0.81373
-0.799727
-0.775827
-0.759704
-0.743504
-0.726522
-0.714326
-0.697328
-0.686685
-0.67025
-0.659463
-0.643998
-0.632164
-0.617703
-0.60473
-0.591173
-0.576859
-0.564386
-0.548483
-0.536898
-0.519615
-0.509116
-0.48979
-0.480803
-0.458467
-0.451651
-0.425339
-0.421334
-0.390795
-0.389734
-0.356794
-0.35725
-0.333376
-0.326975
-0.33184
-0.316278
-0.339967
-1.13216
-1.05716
-1.17648
-1.11018
-1.2048
-1.14063
-1.22629
-1.16379
-1.24239
-1.18141
-1.25411
-1.19445
-1.26233
-1.20371
-1.26803
-1.21026
-1.27197
-1.21466
-1.27469
-1.21777
-1.27655
-1.21992
-1.27775
-1.22132
-1.27847
-1.2222
-1.27885
-1.2227
-1.27899
-1.22293
-1.27891
-1.22296
-1.27859
-1.22277
-1.27792
-1.22234
-1.2766
-1.22149
-1.27418
-1.21981
-1.26949
-1.21686
-1.26105
-1.21091
-1.24648
-1.20052
-1.22286
-1.1829
-1.18732
-1.15545
-1.13687
-1.11485
-1.07073
-1.05866
-0.993247
-0.988085
-0.914865
-0.910341
-0.84583
-0.837837
-0.790091
-0.777796
-0.746307
-0.730809
-0.710983
-0.693679
-0.680909
-0.662988
-0.653797
-0.636049
-0.628089
-0.610968
-0.602749
-0.586793
-0.577206
-0.562523
-0.55131
-0.538003
-0.524893
-0.513033
-0.497986
-0.487442
-0.470744
-0.461404
-0.443084
-0.435034
-0.41491
-0.408322
-0.386082
-0.381321
-0.356498
-0.354293
-0.327694
-0.327912
-0.310087
-0.305962
-0.324471
-0.317691
-0.373326
-1.03604
-0.972681
-1.07524
-1.01643
-1.10057
-1.04345
-1.11987
-1.06434
-1.13444
-1.08029
-1.14503
-1.09212
-1.15263
-1.10051
-1.15789
-1.10663
-1.16146
-1.11071
-1.16399
-1.11346
-1.16569
-1.11542
-1.16677
-1.1167
-1.16743
-1.1175
-1.16778
-1.11795
-1.1679
-1.11817
-1.16782
-1.11818
-1.16752
-1.11801
-1.1669
-1.1176
-1.16569
-1.1168
-1.16349
-1.11526
-1.15927
-1.11256
-1.15136
-1.10704
-1.13792
-1.09735
-1.11645
-1.08116
-1.08391
-1.05568
-1.03754
-1.01801
-0.976865
-0.965818
-0.905964
-0.900406
-0.83404
-0.828192
-0.77048
-0.760622
-0.719152
-0.704707
-0.678789
-0.660865
-0.646267
-0.626202
-0.618687
-0.597611
-0.59376
-0.572626
-0.570193
-0.549252
-0.547069
-0.526909
-0.5238
-0.504422
-0.500186
-0.48173
-0.476022
-0.458637
-0.45128
-0.434834
-0.426095
-0.410564
-0.400653
-0.385995
-0.375091
-0.361234
-0.349858
-0.336449
-0.325982
-0.312062
-0.306373
-0.289977
-0.313535
-0.277916
-0.366171
-0.439179
-0.54878
-0.953814
-0.902977
-0.985447
-0.937542
-1.00806
-0.962209
-1.02561
-0.981714
-1.03883
-0.996658
-1.04846
-1.00791
-1.05539
-1.01589
-1.06033
-1.02157
-1.0636
-1.02557
-1.06577
-1.02815
-1.06732
-1.02999
-1.06831
-1.03119
-1.06891
-1.03194
-1.06923
-1.03237
-1.06933
-1.03257
-1.06925
-1.03258
-1.06897
-1.03241
-1.06839
-1.03202
-1.06726
-1.03126
-1.06521
-1.0298
-1.06122
-1.02709
-1.05391
-1.02186
-1.04146
-1.01252
-1.02124
-0.996989
-0.990621
-0.972331
-0.947103
-0.935998
-0.89014
-0.885789
-0.823377
-0.822335
-0.755481
-0.752199
-0.695524
-0.686365
-0.647069
-0.631669
-0.608907
-0.588515
-0.578159
-0.554469
-0.552149
-0.526295
-0.528704
-0.501702
-0.506542
-0.478647
-0.484823
-0.456573
-0.462899
-0.434332
-0.440716
-0.411837
-0.417972
-0.388983
-0.394628
-0.365242
-0.37096
-0.341052
-0.347058
-0.316413
-0.32306
-0.291634
-0.29911
-0.266709
-0.276502
-0.241725
-0.26192
-0.218103
-0.402757
-0.202641
-0.619507
-0.86133
-1.27857
-0.887303
-0.855609
-0.914938
-0.885068
-0.93651
-0.908726
-0.953411
-0.927764
-0.966394
-0.942374
-0.975993
-0.953534
-0.982727
-0.961493
-0.987459
-0.967044
-0.99078
-0.970965
-0.993024
-0.973634
-0.994517
-0.975292
-0.99548
-0.976469
-0.996061
-0.977203
-0.99637
-0.977623
-0.996472
-0.977815
-0.996395
-0.977826
-0.996119
-0.977662
-0.995549
-0.977278
-0.994458
-0.976532
-0.992331
-0.975234
-0.988386
-0.972444
-0.981126
-0.967278
-0.968704
-0.957894
-0.948731
-0.942549
-0.918359
-0.918098
-0.87533
-0.881888
-0.818627
-0.831974
-0.7518
-0.768585
-0.683728
-0.698435
-0.623162
-0.632474
-0.573775
-0.5774
-0.534745
-0.533844
-0.503279
-0.499548
-0.476529
-0.471099
-0.452333
-0.446319
-0.429372
-0.423094
-0.406785
-0.400791
-0.38398
-0.378425
-0.360824
-0.355778
-0.336982
-0.3328
-0.312406
-0.308995
-0.287258
-0.28482
-0.261756
-0.260274
-0.236066
-0.235809
-0.210125
-0.211497
-0.184158
-0.187673
-0.159744
-0.165084
-0.658908
-0.146552
-1.51236
-0.875245
-1.30047
-0.853677
-0.776009
-0.879178
-0.801677
-0.900306
-0.823684
-0.917054
-0.841699
-0.929843
-0.85558
-0.939363
-0.866097
-0.946139
-0.873661
-0.950879
-0.878976
-0.954149
-0.882674
-0.956233
-0.8852
-0.957576
-0.886758
-0.958524
-0.887869
-0.959097
-0.888561
-0.959401
-0.888958
-0.959501
-0.889139
-0.959426
-0.88915
-0.959154
-0.888996
-0.958593
-0.888633
-0.95764
-0.887931
-0.955677
-0.886716
-0.951667
-0.884086
-0.944376
-0.879088
-0.932069
-0.870256
-0.912245
-0.85563
-0.881955
-0.832441
-0.83886
-0.79803
-0.782258
-0.750593
-0.715545
-0.690715
-0.647507
-0.624611
-0.587038
-0.562826
-0.537793
-0.511611
-0.498969
-0.471513
-0.467688
-0.440125
-0.441207
-0.414322
-0.417395
-0.391999
-0.394824
-0.371317
-0.372739
-0.35153
-0.350524
-0.331972
-0.32805
-0.312309
-0.3051
-0.292642
-0.281685
-0.272622
-0.258098
-0.252762
-0.234571
-0.23323
-0.211462
-0.214636
-0.189233
-0.197635
-0.168738
-0.183847
-0.151962
-0.177115
-0.36553
-0.192533
-0.67093
-0.741164
-1.08456
-0.725166
-0.361715
-0.74737
-0.373496
-0.766284
-0.383718
-0.781446
-0.392105
-0.793066
-0.398634
-0.801634
-0.403534
-0.807744
-0.407062
-0.812021
-0.409544
-0.814978
-0.411269
-0.816979
-0.412452
-0.818305
-0.413237
-0.81916
-0.413755
-0.819677
-0.414079
-0.819952
-0.414264
-0.820043
-0.414349
-0.819975
-0.414354
-0.81973
-0.414282
-0.819226
-0.414113
-0.818262
-0.413786
-0.816379
-0.413166
-0.812758
-0.411935
-0.806212
-0.409606
-0.795051
-0.4055
-0.777043
-0.398634
-0.749706
-0.387792
-0.710914
-0.371746
-0.660149
-0.349625
-0.600814
-0.321763
-0.54089
-0.291142
-0.488288
-0.262609
-0.446157
-0.239114
-0.413439
-0.220846
-0.387481
-0.206613
-0.365793
-0.195008
-0.346558
-0.184985
-0.328619
-0.175791
-0.311317
-0.167029
-0.294263
-0.158441
-0.277357
-0.149894
-0.260564
-0.141416
-0.244038
-0.132943
-0.228164
-0.124691
-0.213485
-0.116835
-0.200904
-0.109756
-0.192221
-0.104003
-0.192014
-0.100886
-0.217099
-0.103801
-0.566359
-0.126377
-1.15047
-0.450196
-0.703439
-0.0164252
-0.0164242
-0.0162902
-0.0161812
-0.0160967
-0.016034
-0.0159891
-0.0159576
-0.0159358
-0.015921
-0.0159112
-0.0159049
-0.0159011
-0.0158991
-0.0158985
-0.0158991
-0.0159011
-0.0159051
-0.0159128
-0.0159278
-0.0159565
-0.0160079
-0.0160946
-0.0162318
-0.016434
-0.016706
-0.0170289
-0.0173441
-0.0175721
-0.0176715
-0.0176613
-0.0175839
-0.0174709
-0.0173362
-0.0171824
-0.0170067
-0.0168045
-0.0165709
-0.0163024
-0.0159959
-0.015652
-0.0152789
-0.014894
-0.0145327
-0.0142695
-0.0142732
-0.0148996
-0.0151763
-0.0133987
)
;

boundaryField
{
    top
    {
        type            calculated;
        value           uniform 0;
    }
    bottom
    {
        type            calculated;
        value           nonuniform List<scalar> 
50
(
-154.212
-157.873
-157.902
-157.948
-157.955
-157.963
-157.965
-157.965
-157.965
-157.966
-157.966
-157.966
-157.966
-157.966
-157.966
-157.966
-157.966
-157.966
-157.965
-157.965
-157.961
-157.946
-157.906
-157.77
-156.708
-139.454
-11.8098
-9.52622
-7.93728
-6.72313
-5.72268
-4.86443
-4.12043
-3.48076
-2.9371
-2.48033
-2.09868
-1.78148
-1.51818
-1.29911
-1.11671
-0.964406
-0.836472
-0.728742
-0.63725
-0.560051
-0.495317
-0.440255
-0.393124
-0.322051
)
;
    }
    downSlope
    {
        type            calculated;
        value           nonuniform List<scalar> 
85
(
0.988614
0.966044
0.943877
0.922105
0.900722
0.879721
0.859094
0.838836
0.818939
0.799397
0.780203
0.761352
0.742838
0.724654
0.706794
0.689253
0.672025
0.655105
0.638486
0.622164
0.606133
0.590388
0.574924
0.559736
0.54482
0.530169
0.515779
0.501647
0.487767
0.474134
0.460744
0.447594
0.434678
0.421993
0.409534
0.397297
0.385279
0.373475
0.361881
0.350495
0.339312
0.328328
0.31754
0.306945
0.296539
0.286319
0.27628
0.266421
0.256738
0.247228
0.237888
0.228714
0.219703
0.210854
0.202163
0.193626
0.185242
0.177007
0.16892
0.160977
0.153175
0.145513
0.137987
0.130596
0.123337
0.116207
0.109204
0.102326
0.0955714
0.088937
0.0824209
0.0760211
0.0697356
0.0635621
0.0574989
0.0515438
0.045695
0.0399505
0.0343086
0.0287673
0.0233249
0.0179797
0.0127298
0.00757353
0.00250931
)
;
    }
    upSlope
    {
        type            calculated;
        value           nonuniform List<scalar> 
85
(
-154.223
-143.302
-106.556
-65.4498
-50.4034
-41.3594
-35.3697
-30.9344
-27.4861
-24.7307
-22.4894
-20.6379
-19.0835
-17.7543
-16.6054
-15.5992
-14.7011
-13.8923
-13.1563
-12.4844
-11.8651
-11.295
-10.7668
-10.282
-9.83239
-9.41525
-9.03203
-8.67528
-8.34389
-8.03458
-7.74432
-7.47049
-7.20941
-6.96291
-6.72717
-6.5034
-6.28946
-6.08662
-5.89428
-5.70999
-5.53579
-5.36841
-5.20919
-5.05472
-4.90421
-4.75915
-4.61687
-4.47874
-4.34283
-4.211
-4.08179
-3.95611
-3.83373
-3.71341
-3.59562
-3.47919
-3.36459
-3.25072
-3.13806
-3.02574
-2.91451
-2.80383
-2.69442
-2.58565
-2.47782
-2.37172
-2.26629
-2.16198
-2.05906
-1.9579
-1.85769
-1.75944
-1.66251
-1.56696
-1.47276
-1.37965
-1.28743
-1.1959
-1.10392
-1.01123
-0.934821
-0.8717
-0.839805
-0.713352
-0.016353
)
;
    }
    sides
    {
        type            empty;
        value           nonuniform 0();
    }
}


// ************************************************************************* //
