/*--------------------------------*- C++ -*----------------------------------*\
| =========                 |                                                 |
| \\      /  F ield         | OpenFOAM: The Open Source CFD Toolbox           |
|  \\    /   O peration     | Version:  v1912                                 |
|   \\  /    A nd           | Website:  www.openfoam.com                      |
|    \\/     M anipulation  |                                                 |
\*---------------------------------------------------------------------------*/
FoamFile
{
    version     2.0;
    format      ascii;
    class       surfaceScalarField;
    location    "31536000";
    object      T_F;
}
// * * * * * * * * * * * * * * * * * * * * * * * * * * * * * * * * * * * * * //

dimensions      [0 0 0 1 0 0 0];


internalField   nonuniform List<scalar> 
8365
(
260.368
260.348
260.402
260.384
260.433
260.417
260.457
260.445
260.477
260.467
260.493
260.485
260.505
260.498
260.515
260.509
260.523
260.518
260.53
260.525
260.536
260.532
260.541
260.537
260.547
260.543
260.553
260.548
260.559
260.554
260.566
260.561
260.574
260.568
260.582
260.576
260.591
260.585
260.599
260.594
260.606
260.602
260.612
260.608
260.614
260.612
260.613
260.614
260.607
260.61
260.594
260.601
260.578
260.586
260.563
260.569
260.549
260.554
260.536
260.541
260.523
260.529
260.511
260.516
260.5
260.505
260.489
260.493
260.479
260.483
260.47
260.474
260.463
260.466
260.458
260.459
260.455
260.455
260.454
260.453
260.456
260.453
260.46
260.456
260.467
260.462
260.478
260.471
260.493
260.483
260.513
260.501
260.537
260.523
260.564
260.549
260.588
260.576
260.598
260.364
260.344
260.399
260.379
260.429
260.413
260.454
260.441
260.474
260.463
260.49
260.48
260.502
260.494
260.512
260.505
260.52
260.514
260.527
260.521
260.533
260.528
260.539
260.533
260.544
260.539
260.55
260.544
260.556
260.55
260.563
260.557
260.571
260.564
260.579
260.572
260.588
260.581
260.596
260.589
260.603
260.597
260.609
260.604
260.612
260.608
260.611
260.609
260.604
260.606
260.592
260.597
260.576
260.583
260.561
260.566
260.547
260.552
260.534
260.538
260.522
260.526
260.51
260.514
260.498
260.502
260.487
260.491
260.477
260.48
260.469
260.471
260.462
260.463
260.457
260.457
260.453
260.453
260.452
260.451
260.454
260.451
260.458
260.454
260.465
260.459
260.476
260.468
260.491
260.481
260.511
260.498
260.535
260.52
260.562
260.546
260.586
260.574
260.596
260.359
260.337
260.393
260.372
260.424
260.406
260.449
260.434
260.469
260.456
260.485
260.474
260.497
260.488
260.507
260.499
260.515
260.508
260.522
260.515
260.528
260.521
260.533
260.527
260.539
260.532
260.545
260.538
260.551
260.544
260.558
260.55
260.565
260.558
260.574
260.566
260.582
260.574
260.591
260.583
260.598
260.591
260.603
260.597
260.606
260.601
260.605
260.603
260.599
260.6
260.588
260.591
260.572
260.578
260.557
260.561
260.543
260.547
260.53
260.534
260.518
260.521
260.506
260.509
260.495
260.498
260.484
260.487
260.474
260.476
260.466
260.467
260.459
260.459
260.453
260.453
260.45
260.449
260.449
260.447
260.451
260.447
260.455
260.45
260.462
260.455
260.473
260.464
260.487
260.476
260.507
260.493
260.531
260.515
260.558
260.542
260.583
260.569
260.592
260.351
260.328
260.385
260.364
260.416
260.397
260.441
260.425
260.461
260.448
260.477
260.465
260.49
260.479
260.5
260.49
260.508
260.499
260.514
260.506
260.52
260.513
260.526
260.518
260.531
260.524
260.537
260.529
260.543
260.535
260.55
260.541
260.558
260.549
260.566
260.556
260.574
260.565
260.583
260.573
260.59
260.581
260.595
260.588
260.598
260.592
260.597
260.593
260.592
260.591
260.581
260.583
260.567
260.571
260.551
260.555
260.538
260.54
260.525
260.527
260.513
260.515
260.501
260.503
260.49
260.492
260.479
260.481
260.469
260.471
260.461
260.461
260.454
260.454
260.449
260.448
260.445
260.443
260.444
260.441
260.446
260.441
260.45
260.444
260.457
260.45
260.468
260.458
260.482
260.471
260.502
260.488
260.526
260.509
260.553
260.536
260.578
260.564
260.587
260.341
260.318
260.376
260.353
260.407
260.387
260.432
260.415
260.452
260.437
260.467
260.455
260.48
260.468
260.49
260.479
260.498
260.488
260.505
260.496
260.51
260.502
260.516
260.507
260.521
260.513
260.527
260.518
260.533
260.524
260.54
260.53
260.548
260.537
260.556
260.545
260.564
260.554
260.572
260.562
260.579
260.57
260.585
260.576
260.588
260.581
260.587
260.582
260.582
260.58
260.573
260.573
260.559
260.562
260.544
260.546
260.53
260.532
260.518
260.519
260.506
260.507
260.494
260.496
260.483
260.484
260.472
260.473
260.463
260.463
260.454
260.454
260.447
260.447
260.442
260.441
260.439
260.437
260.438
260.435
260.44
260.435
260.444
260.437
260.451
260.443
260.461
260.451
260.476
260.464
260.495
260.48
260.519
260.502
260.546
260.528
260.573
260.557
260.581
260.33
260.306
260.364
260.341
260.395
260.375
260.42
260.403
260.44
260.425
260.456
260.442
260.468
260.456
260.478
260.467
260.486
260.476
260.493
260.483
260.499
260.489
260.504
260.495
260.509
260.5
260.515
260.505
260.521
260.511
260.528
260.517
260.535
260.524
260.543
260.532
260.552
260.54
260.56
260.549
260.567
260.557
260.572
260.563
260.575
260.567
260.575
260.569
260.571
260.568
260.562
260.562
260.549
260.551
260.535
260.536
260.521
260.522
260.509
260.51
260.497
260.498
260.486
260.487
260.475
260.475
260.464
260.465
260.455
260.455
260.447
260.446
260.44
260.438
260.435
260.433
260.432
260.428
260.431
260.426
260.432
260.427
260.436
260.429
260.443
260.435
260.454
260.443
260.468
260.455
260.487
260.472
260.511
260.494
260.539
260.52
260.565
260.549
260.574
260.318
260.293
260.352
260.328
260.382
260.362
260.407
260.389
260.427
260.411
260.442
260.428
260.455
260.442
260.465
260.453
260.473
260.461
260.479
260.469
260.485
260.475
260.49
260.48
260.496
260.485
260.501
260.491
260.507
260.496
260.514
260.503
260.521
260.51
260.529
260.517
260.538
260.525
260.546
260.534
260.553
260.541
260.558
260.548
260.561
260.553
260.562
260.555
260.558
260.554
260.551
260.548
260.538
260.539
260.524
260.525
260.511
260.511
260.499
260.499
260.487
260.487
260.476
260.476
260.465
260.465
260.455
260.455
260.446
260.445
260.438
260.436
260.431
260.429
260.426
260.423
260.423
260.419
260.422
260.417
260.424
260.418
260.428
260.42
260.435
260.425
260.445
260.434
260.459
260.446
260.478
260.462
260.502
260.484
260.53
260.51
260.557
260.539
260.566
260.304
260.278
260.338
260.314
260.368
260.347
260.393
260.374
260.412
260.396
260.428
260.413
260.44
260.426
260.45
260.437
260.458
260.446
260.464
260.453
260.47
260.459
260.475
260.464
260.48
260.47
260.486
260.475
260.492
260.48
260.498
260.486
260.506
260.493
260.514
260.501
260.522
260.509
260.53
260.517
260.537
260.525
260.543
260.532
260.546
260.536
260.547
260.539
260.544
260.539
260.537
260.534
260.526
260.525
260.512
260.512
260.499
260.499
260.487
260.487
260.476
260.475
260.465
260.464
260.455
260.454
260.445
260.444
260.436
260.434
260.428
260.426
260.421
260.418
260.416
260.413
260.413
260.409
260.413
260.407
260.414
260.407
260.418
260.41
260.425
260.415
260.435
260.423
260.449
260.435
260.468
260.452
260.492
260.473
260.52
260.5
260.548
260.529
260.556
260.289
260.263
260.323
260.299
260.353
260.332
260.377
260.358
260.397
260.38
260.412
260.397
260.424
260.41
260.433
260.421
260.441
260.429
260.448
260.436
260.454
260.442
260.459
260.447
260.464
260.452
260.469
260.458
260.475
260.463
260.482
260.469
260.489
260.476
260.497
260.483
260.505
260.491
260.513
260.5
260.52
260.507
260.526
260.514
260.53
260.519
260.531
260.522
260.529
260.522
260.522
260.518
260.512
260.511
260.499
260.498
260.486
260.485
260.475
260.473
260.464
260.462
260.453
260.451
260.443
260.441
260.433
260.431
260.424
260.422
260.416
260.414
260.41
260.407
260.405
260.401
260.403
260.397
260.402
260.396
260.403
260.396
260.407
260.399
260.414
260.404
260.424
260.412
260.438
260.424
260.457
260.44
260.481
260.461
260.509
260.488
260.538
260.518
260.546
260.273
260.247
260.308
260.283
260.337
260.315
260.361
260.342
260.38
260.363
260.395
260.379
260.407
260.393
260.416
260.403
260.424
260.411
260.43
260.418
260.436
260.424
260.441
260.429
260.446
260.434
260.452
260.44
260.457
260.445
260.464
260.451
260.471
260.458
260.478
260.465
260.487
260.473
260.494
260.481
260.502
260.489
260.508
260.495
260.512
260.501
260.514
260.504
260.512
260.504
260.506
260.501
260.497
260.494
260.484
260.482
260.472
260.47
260.461
260.459
260.45
260.448
260.44
260.438
260.43
260.427
260.42
260.418
260.412
260.409
260.404
260.401
260.398
260.394
260.393
260.389
260.391
260.385
260.39
260.383
260.392
260.384
260.396
260.387
260.402
260.392
260.412
260.4
260.426
260.411
260.445
260.427
260.469
260.449
260.497
260.475
260.526
260.505
260.535
260.257
260.229
260.291
260.266
260.32
260.298
260.344
260.324
260.362
260.345
260.377
260.361
260.389
260.374
260.398
260.385
260.406
260.393
260.412
260.4
260.418
260.405
260.423
260.411
260.428
260.416
260.433
260.421
260.439
260.426
260.445
260.432
260.452
260.438
260.459
260.445
260.467
260.453
260.475
260.461
260.483
260.469
260.489
260.476
260.493
260.481
260.495
260.485
260.494
260.486
260.489
260.483
260.48
260.477
260.468
260.466
260.457
260.454
260.446
260.443
260.435
260.433
260.425
260.423
260.416
260.413
260.406
260.403
260.398
260.395
260.391
260.387
260.385
260.38
260.381
260.375
260.378
260.372
260.377
260.37
260.379
260.371
260.383
260.374
260.389
260.379
260.399
260.387
260.413
260.398
260.432
260.414
260.455
260.435
260.484
260.462
260.514
260.492
260.523
260.239
260.211
260.274
260.249
260.303
260.28
260.326
260.306
260.344
260.326
260.359
260.343
260.37
260.355
260.379
260.365
260.387
260.373
260.393
260.38
260.398
260.386
260.403
260.391
260.408
260.396
260.414
260.401
260.419
260.406
260.425
260.412
260.432
260.418
260.439
260.425
260.447
260.433
260.455
260.441
260.463
260.449
260.469
260.455
260.473
260.461
260.476
260.465
260.475
260.466
260.471
260.464
260.463
260.459
260.452
260.448
260.441
260.437
260.43
260.427
260.42
260.416
260.41
260.407
260.401
260.397
260.392
260.388
260.384
260.38
260.377
260.372
260.371
260.366
260.367
260.361
260.364
260.358
260.364
260.356
260.366
260.357
260.369
260.36
260.376
260.365
260.386
260.373
260.399
260.384
260.418
260.4
260.441
260.421
260.47
260.447
260.501
260.478
260.509
260.221
260.193
260.256
260.23
260.284
260.262
260.307
260.287
260.325
260.307
260.339
260.323
260.351
260.335
260.36
260.345
260.367
260.353
260.373
260.36
260.379
260.366
260.383
260.371
260.388
260.375
260.393
260.38
260.399
260.385
260.405
260.391
260.411
260.397
260.419
260.404
260.427
260.412
260.434
260.42
260.442
260.427
260.448
260.434
260.453
260.44
260.455
260.444
260.455
260.446
260.452
260.444
260.444
260.439
260.434
260.43
260.423
260.419
260.413
260.409
260.403
260.399
260.394
260.39
260.385
260.381
260.376
260.372
260.369
260.364
260.362
260.357
260.356
260.351
260.352
260.346
260.35
260.343
260.35
260.342
260.351
260.342
260.355
260.345
260.362
260.35
260.371
260.358
260.385
260.369
260.403
260.385
260.426
260.405
260.455
260.432
260.487
260.463
260.496
260.202
260.173
260.237
260.212
260.265
260.243
260.288
260.268
260.305
260.287
260.319
260.303
260.33
260.315
260.339
260.325
260.347
260.333
260.353
260.339
260.358
260.345
260.363
260.35
260.367
260.354
260.372
260.359
260.378
260.364
260.384
260.37
260.39
260.376
260.397
260.383
260.405
260.39
260.413
260.398
260.42
260.405
260.426
260.412
260.431
260.418
260.434
260.422
260.435
260.424
260.432
260.423
260.425
260.419
260.416
260.411
260.405
260.401
260.396
260.391
260.386
260.382
260.377
260.373
260.368
260.364
260.36
260.355
260.353
260.348
260.346
260.341
260.341
260.335
260.337
260.33
260.335
260.328
260.335
260.326
260.336
260.327
260.34
260.33
260.347
260.335
260.356
260.343
260.369
260.354
260.387
260.369
260.411
260.389
260.44
260.416
260.472
260.447
260.481
260.183
260.154
260.218
260.192
260.245
260.223
260.268
260.248
260.285
260.267
260.299
260.282
260.31
260.294
260.318
260.304
260.326
260.311
260.331
260.318
260.337
260.323
260.341
260.328
260.346
260.333
260.351
260.337
260.356
260.342
260.362
260.348
260.368
260.354
260.375
260.36
260.383
260.368
260.39
260.375
260.398
260.383
260.404
260.39
260.409
260.396
260.413
260.4
260.413
260.402
260.411
260.402
260.405
260.398
260.396
260.391
260.387
260.381
260.377
260.372
260.368
260.363
260.359
260.354
260.351
260.346
260.343
260.338
260.336
260.331
260.33
260.324
260.325
260.318
260.321
260.314
260.319
260.311
260.319
260.31
260.321
260.311
260.325
260.314
260.331
260.319
260.34
260.327
260.353
260.337
260.371
260.352
260.395
260.373
260.424
260.399
260.457
260.431
260.466
260.163
260.133
260.198
260.172
260.225
260.203
260.247
260.227
260.264
260.246
260.278
260.261
260.288
260.273
260.297
260.282
260.304
260.29
260.31
260.296
260.315
260.301
260.32
260.306
260.324
260.311
260.329
260.315
260.334
260.32
260.34
260.325
260.346
260.331
260.353
260.338
260.36
260.345
260.368
260.352
260.375
260.36
260.382
260.367
260.387
260.373
260.39
260.377
260.391
260.38
260.389
260.38
260.384
260.377
260.376
260.37
260.367
260.361
260.358
260.352
260.349
260.344
260.341
260.335
260.333
260.327
260.325
260.32
260.319
260.313
260.313
260.306
260.308
260.301
260.305
260.297
260.303
260.295
260.303
260.294
260.305
260.295
260.308
260.298
260.315
260.302
260.324
260.31
260.337
260.321
260.354
260.335
260.378
260.356
260.407
260.382
260.44
260.414
260.45
260.143
260.113
260.177
260.152
260.205
260.182
260.226
260.206
260.243
260.225
260.256
260.239
260.267
260.251
260.275
260.26
260.282
260.268
260.288
260.274
260.293
260.279
260.297
260.283
260.302
260.288
260.306
260.292
260.311
260.297
260.317
260.302
260.323
260.308
260.33
260.314
260.337
260.321
260.344
260.329
260.352
260.336
260.358
260.343
260.364
260.349
260.367
260.354
260.369
260.357
260.367
260.357
260.363
260.355
260.355
260.349
260.347
260.341
260.338
260.332
260.33
260.324
260.322
260.316
260.314
260.308
260.307
260.301
260.301
260.294
260.295
260.288
260.291
260.283
260.288
260.28
260.286
260.277
260.286
260.277
260.288
260.278
260.292
260.28
260.298
260.285
260.307
260.293
260.319
260.303
260.337
260.318
260.36
260.338
260.389
260.364
260.423
260.396
260.433
260.122
260.092
260.157
260.131
260.184
260.161
260.205
260.185
260.221
260.203
260.234
260.217
260.245
260.229
260.253
260.238
260.259
260.245
260.265
260.251
260.27
260.256
260.274
260.261
260.279
260.265
260.283
260.269
260.288
260.274
260.294
260.279
260.3
260.284
260.306
260.291
260.313
260.298
260.321
260.305
260.328
260.312
260.334
260.319
260.34
260.325
260.344
260.33
260.345
260.333
260.345
260.334
260.341
260.332
260.334
260.327
260.326
260.319
260.318
260.311
260.31
260.304
260.303
260.296
260.295
260.289
260.288
260.282
260.282
260.276
260.277
260.27
260.273
260.265
260.27
260.262
260.268
260.26
260.269
260.259
260.271
260.26
260.274
260.263
260.28
260.268
260.289
260.275
260.302
260.285
260.319
260.3
260.342
260.319
260.371
260.345
260.406
260.378
260.416
260.101
260.07
260.136
260.11
260.163
260.14
260.183
260.163
260.199
260.181
260.212
260.195
260.222
260.206
260.23
260.215
260.237
260.222
260.242
260.228
260.247
260.233
260.251
260.237
260.256
260.242
260.26
260.246
260.265
260.25
260.27
260.255
260.276
260.261
260.282
260.267
260.289
260.273
260.296
260.281
260.304
260.288
260.31
260.295
260.316
260.301
260.32
260.306
260.322
260.309
260.321
260.31
260.318
260.309
260.312
260.305
260.305
260.298
260.297
260.29
260.29
260.283
260.283
260.276
260.276
260.269
260.269
260.262
260.263
260.256
260.258
260.251
260.254
260.247
260.252
260.243
260.251
260.241
260.251
260.241
260.253
260.242
260.256
260.245
260.262
260.25
260.271
260.257
260.283
260.267
260.3
260.281
260.323
260.301
260.352
260.326
260.388
260.359
260.398
260.08
260.049
260.115
260.089
260.141
260.119
260.161
260.141
260.177
260.159
260.189
260.172
260.199
260.183
260.207
260.192
260.213
260.199
260.219
260.205
260.223
260.209
260.228
260.214
260.232
260.218
260.236
260.222
260.241
260.226
260.246
260.231
260.252
260.236
260.258
260.242
260.265
260.249
260.272
260.256
260.279
260.263
260.286
260.27
260.291
260.276
260.295
260.281
260.298
260.285
260.298
260.286
260.295
260.285
260.29
260.282
260.283
260.276
260.276
260.268
260.269
260.261
260.262
260.255
260.256
260.248
260.249
260.242
260.244
260.236
260.239
260.231
260.236
260.227
260.233
260.224
260.232
260.223
260.232
260.222
260.234
260.224
260.238
260.226
260.244
260.231
260.253
260.238
260.265
260.248
260.281
260.262
260.304
260.281
260.333
260.307
260.369
260.34
260.379
260.058
260.027
260.093
260.067
260.119
260.097
260.139
260.119
260.154
260.136
260.166
260.15
260.176
260.16
260.184
260.168
260.19
260.175
260.195
260.181
260.2
260.186
260.204
260.19
260.208
260.194
260.212
260.198
260.217
260.202
260.222
260.207
260.227
260.212
260.234
260.218
260.24
260.224
260.247
260.231
260.254
260.238
260.261
260.245
260.266
260.251
260.271
260.256
260.273
260.26
260.274
260.262
260.272
260.261
260.267
260.259
260.261
260.253
260.254
260.246
260.247
260.24
260.241
260.233
260.235
260.227
260.229
260.222
260.224
260.216
260.22
260.212
260.216
260.208
260.214
260.205
260.213
260.204
260.214
260.203
260.216
260.205
260.219
260.207
260.225
260.212
260.234
260.219
260.246
260.229
260.262
260.243
260.284
260.261
260.314
260.287
260.35
260.32
260.361
260.036
260.005
260.071
260.046
260.097
260.075
260.116
260.097
260.132
260.113
260.143
260.126
260.153
260.137
260.16
260.145
260.166
260.152
260.172
260.157
260.176
260.162
260.18
260.166
260.184
260.17
260.188
260.174
260.193
260.178
260.197
260.182
260.203
260.188
260.209
260.193
260.215
260.199
260.222
260.206
260.229
260.213
260.236
260.22
260.241
260.226
260.246
260.231
260.249
260.235
260.249
260.237
260.248
260.237
260.244
260.235
260.238
260.23
260.232
260.224
260.226
260.218
260.22
260.212
260.214
260.206
260.209
260.201
260.204
260.196
260.2
260.191
260.197
260.188
260.195
260.186
260.194
260.184
260.195
260.184
260.197
260.185
260.2
260.188
260.206
260.193
260.214
260.199
260.226
260.209
260.242
260.223
260.264
260.241
260.294
260.267
260.331
260.3
260.341
260.015
259.983
260.049
260.024
260.075
260.053
260.094
260.074
260.109
260.091
260.12
260.103
260.129
260.113
260.137
260.121
260.143
260.128
260.148
260.133
260.152
260.138
260.156
260.142
260.16
260.146
260.164
260.149
260.168
260.153
260.173
260.158
260.178
260.163
260.184
260.168
260.19
260.174
260.197
260.181
260.204
260.188
260.21
260.194
260.216
260.201
260.221
260.206
260.224
260.21
260.225
260.212
260.224
260.213
260.221
260.211
260.216
260.207
260.21
260.201
260.204
260.195
260.198
260.19
260.193
260.184
260.188
260.179
260.183
260.175
260.18
260.171
260.177
260.168
260.175
260.166
260.174
260.164
260.175
260.164
260.177
260.166
260.181
260.168
260.186
260.173
260.195
260.18
260.206
260.189
260.222
260.202
260.244
260.221
260.273
260.246
260.311
260.279
260.321
259.993
259.961
260.027
260.002
260.052
260.03
260.071
260.051
260.085
260.067
260.097
260.08
260.106
260.09
260.113
260.098
260.119
260.104
260.123
260.109
260.128
260.114
260.132
260.117
260.135
260.121
260.139
260.125
260.143
260.129
260.148
260.133
260.153
260.138
260.159
260.143
260.165
260.149
260.172
260.156
260.178
260.162
260.185
260.169
260.191
260.175
260.195
260.18
260.198
260.184
260.2
260.187
260.2
260.188
260.197
260.187
260.193
260.183
260.187
260.178
260.181
260.173
260.176
260.167
260.171
260.163
260.167
260.158
260.163
260.154
260.159
260.15
260.157
260.147
260.155
260.145
260.155
260.144
260.155
260.144
260.157
260.146
260.161
260.148
260.166
260.153
260.175
260.16
260.186
260.169
260.201
260.182
260.223
260.2
260.252
260.225
260.29
260.258
260.301
259.971
259.939
260.005
259.98
260.03
260.008
260.048
260.029
260.062
260.044
260.073
260.056
260.082
260.066
260.089
260.074
260.095
260.08
260.099
260.085
260.103
260.089
260.107
260.093
260.111
260.097
260.115
260.1
260.119
260.104
260.123
260.108
260.128
260.113
260.134
260.118
260.14
260.124
260.146
260.13
260.153
260.137
260.159
260.143
260.165
260.15
260.17
260.155
260.173
260.159
260.175
260.162
260.175
260.163
260.173
260.163
260.169
260.16
260.164
260.155
260.159
260.15
260.154
260.145
260.149
260.14
260.145
260.136
260.141
260.132
260.138
260.129
260.136
260.126
260.135
260.125
260.134
260.124
260.135
260.124
260.137
260.126
260.141
260.128
260.146
260.133
260.154
260.139
260.165
260.148
260.181
260.161
260.202
260.179
260.231
260.203
260.27
260.237
260.281
259.948
259.917
259.983
259.958
260.007
259.986
260.025
260.006
260.039
260.021
260.05
260.033
260.058
260.042
260.065
260.05
260.07
260.056
260.075
260.061
260.079
260.065
260.083
260.069
260.086
260.072
260.09
260.076
260.094
260.079
260.098
260.083
260.103
260.088
260.109
260.093
260.115
260.099
260.121
260.105
260.127
260.111
260.134
260.118
260.139
260.124
260.144
260.129
260.148
260.133
260.15
260.136
260.151
260.138
260.149
260.139
260.146
260.136
260.141
260.131
260.136
260.127
260.132
260.122
260.127
260.118
260.124
260.114
260.12
260.111
260.117
260.108
260.115
260.105
260.114
260.104
260.114
260.103
260.115
260.104
260.117
260.105
260.12
260.108
260.126
260.112
260.134
260.119
260.144
260.128
260.16
260.14
260.181
260.157
260.21
260.182
260.248
260.215
260.26
259.926
259.895
259.961
259.936
259.985
259.963
260.002
259.983
260.016
259.998
260.026
260.009
260.034
260.019
260.041
260.026
260.046
260.032
260.051
260.036
260.055
260.04
260.058
260.044
260.062
260.048
260.065
260.051
260.069
260.055
260.073
260.059
260.078
260.063
260.083
260.068
260.089
260.073
260.095
260.079
260.102
260.086
260.108
260.092
260.114
260.098
260.119
260.103
260.122
260.108
260.125
260.111
260.126
260.113
260.125
260.114
260.122
260.112
260.117
260.108
260.113
260.103
260.109
260.099
260.105
260.096
260.102
260.092
260.099
260.089
260.096
260.086
260.094
260.084
260.093
260.083
260.093
260.082
260.094
260.083
260.096
260.084
260.1
260.087
260.105
260.091
260.113
260.098
260.123
260.107
260.138
260.119
260.159
260.136
260.188
260.16
260.227
260.194
260.239
259.904
259.873
259.939
259.914
259.962
259.941
259.979
259.96
259.992
259.975
260.002
259.986
260.01
259.995
260.017
260.002
260.022
260.007
260.026
260.012
260.03
260.016
260.034
260.02
260.037
260.023
260.041
260.026
260.044
260.03
260.048
260.034
260.053
260.038
260.058
260.043
260.064
260.048
260.07
260.054
260.076
260.06
260.082
260.066
260.088
260.072
260.093
260.078
260.097
260.082
260.099
260.085
260.101
260.088
260.101
260.089
260.098
260.088
260.094
260.084
260.09
260.08
260.086
260.076
260.083
260.073
260.08
260.07
260.077
260.067
260.075
260.065
260.073
260.063
260.072
260.062
260.072
260.061
260.073
260.062
260.075
260.063
260.079
260.066
260.084
260.07
260.092
260.077
260.102
260.085
260.117
260.097
260.137
260.114
260.166
260.138
260.205
260.171
260.217
259.882
259.851
259.916
259.892
259.939
259.919
259.956
259.938
259.969
259.952
259.979
259.962
259.986
259.971
259.993
259.978
259.998
259.983
260.002
259.988
260.006
259.992
260.009
259.995
260.012
259.998
260.016
260.002
260.019
260.005
260.023
260.009
260.028
260.013
260.033
260.018
260.038
260.023
260.044
260.028
260.05
260.034
260.057
260.041
260.062
260.047
260.067
260.052
260.071
260.056
260.074
260.06
260.076
260.063
260.076
260.065
260.074
260.063
260.07
260.06
260.067
260.057
260.063
260.053
260.06
260.05
260.057
260.047
260.055
260.045
260.053
260.043
260.052
260.041
260.051
260.04
260.051
260.04
260.052
260.041
260.054
260.042
260.058
260.045
260.063
260.049
260.07
260.055
260.081
260.064
260.095
260.076
260.115
260.092
260.144
260.115
260.184
260.149
260.196
259.86
259.829
259.894
259.87
259.917
259.896
259.933
259.915
259.946
259.928
259.955
259.939
259.963
259.947
259.969
259.954
259.974
259.959
259.978
259.964
259.981
259.967
259.985
259.971
259.988
259.974
259.991
259.977
259.995
259.98
259.999
259.984
260.003
259.988
260.008
259.992
260.013
259.998
260.019
260.003
260.025
260.009
260.031
260.015
260.037
260.021
260.041
260.026
260.045
260.031
260.049
260.034
260.051
260.037
260.052
260.04
260.05
260.039
260.047
260.036
260.043
260.033
260.04
260.03
260.037
260.027
260.035
260.025
260.033
260.022
260.031
260.021
260.03
260.019
260.03
260.019
260.03
260.019
260.031
260.019
260.033
260.021
260.036
260.024
260.042
260.028
260.049
260.034
260.059
260.042
260.073
260.054
260.093
260.07
260.121
260.093
260.161
260.127
260.174
259.838
259.807
259.872
259.848
259.894
259.874
259.91
259.892
259.922
259.905
259.932
259.916
259.939
259.924
259.945
259.93
259.95
259.935
259.954
259.94
259.957
259.943
259.96
259.947
259.963
259.95
259.967
259.953
259.97
259.956
259.974
259.959
259.978
259.963
259.983
259.968
259.988
259.972
259.993
259.978
259.999
259.983
260.005
259.989
260.011
259.995
260.016
260.001
260.02
260.005
260.023
260.009
260.026
260.012
260.027
260.015
260.026
260.015
260.023
260.012
260.02
260.009
260.017
260.007
260.015
260.004
260.012
260.002
260.011
260
260.009
259.999
260.008
259.998
260.008
259.997
260.008
259.997
260.01
259.998
260.012
259.999
260.015
260.002
260.02
260.006
260.027
260.012
260.037
260.021
260.051
260.032
260.07
260.048
260.099
260.07
260.139
260.104
260.151
259.817
259.785
259.85
259.826
259.872
259.852
259.887
259.869
259.899
259.882
259.908
259.892
259.915
259.9
259.921
259.906
259.926
259.911
259.929
259.916
259.933
259.919
259.936
259.922
259.939
259.925
259.942
259.928
259.945
259.931
259.949
259.935
259.953
259.938
259.958
259.943
259.963
259.947
259.968
259.953
259.974
259.958
259.98
259.964
259.985
259.97
259.99
259.975
259.994
259.98
259.998
259.983
260.001
259.987
260.003
259.99
260.002
259.99
259.999
259.988
259.996
259.986
259.994
259.983
259.992
259.981
259.99
259.979
259.988
259.978
259.987
259.976
259.987
259.976
259.986
259.975
259.987
259.976
259.988
259.976
259.99
259.978
259.994
259.981
259.999
259.985
260.006
259.991
260.015
259.999
260.029
260.01
260.048
260.025
260.076
260.048
260.116
260.081
260.129
259.795
259.764
259.828
259.804
259.85
259.83
259.865
259.847
259.876
259.86
259.885
259.869
259.892
259.877
259.897
259.883
259.902
259.888
259.905
259.892
259.909
259.895
259.912
259.898
259.915
259.901
259.918
259.904
259.921
259.907
259.924
259.91
259.928
259.914
259.933
259.918
259.938
259.922
259.943
259.927
259.949
259.933
259.954
259.939
259.96
259.944
259.965
259.95
259.969
259.954
259.973
259.958
259.976
259.962
259.978
259.965
259.977
259.966
259.975
259.964
259.973
259.962
259.971
259.96
259.969
259.958
259.967
259.956
259.966
259.955
259.965
259.954
259.965
259.954
259.965
259.954
259.965
259.954
259.966
259.955
259.969
259.956
259.972
259.959
259.977
259.963
259.984
259.969
259.993
259.977
260.007
259.988
260.025
260.003
260.053
260.025
260.094
260.058
260.107
259.773
259.742
259.806
259.783
259.827
259.808
259.842
259.825
259.853
259.837
259.861
259.846
259.868
259.853
259.873
259.859
259.878
259.864
259.882
259.868
259.885
259.871
259.888
259.874
259.89
259.877
259.893
259.88
259.896
259.883
259.9
259.886
259.904
259.889
259.908
259.893
259.913
259.898
259.918
259.903
259.923
259.908
259.929
259.914
259.934
259.919
259.939
259.924
259.944
259.929
259.948
259.933
259.951
259.937
259.954
259.941
259.953
259.942
259.951
259.94
259.949
259.938
259.947
259.936
259.946
259.935
259.945
259.934
259.944
259.933
259.943
259.932
259.943
259.932
259.943
259.932
259.943
259.932
259.945
259.933
259.947
259.935
259.95
259.937
259.955
259.941
259.962
259.947
259.971
259.955
259.984
259.966
260.003
259.98
260.03
260.002
260.071
260.035
260.084
259.752
259.721
259.785
259.762
259.805
259.786
259.82
259.802
259.83
259.814
259.838
259.823
259.845
259.83
259.85
259.836
259.854
259.84
259.858
259.844
259.861
259.848
259.864
259.85
259.866
259.853
259.869
259.856
259.872
259.859
259.875
259.862
259.879
259.865
259.883
259.869
259.888
259.873
259.893
259.878
259.898
259.883
259.904
259.889
259.909
259.894
259.914
259.899
259.918
259.904
259.923
259.908
259.927
259.912
259.929
259.916
259.929
259.917
259.928
259.916
259.926
259.915
259.924
259.913
259.923
259.912
259.922
259.911
259.921
259.91
259.921
259.91
259.921
259.91
259.921
259.91
259.922
259.91
259.923
259.911
259.925
259.913
259.928
259.915
259.933
259.919
259.94
259.925
259.949
259.933
259.962
259.943
259.98
259.958
260.007
259.979
260.048
260.012
260.061
259.731
259.7
259.763
259.74
259.783
259.764
259.797
259.78
259.807
259.792
259.815
259.8
259.822
259.807
259.827
259.813
259.831
259.817
259.834
259.821
259.837
259.824
259.84
259.827
259.843
259.829
259.845
259.832
259.848
259.835
259.851
259.838
259.855
259.841
259.859
259.844
259.863
259.849
259.868
259.853
259.873
259.858
259.879
259.864
259.884
259.869
259.889
259.874
259.893
259.879
259.898
259.883
259.902
259.887
259.905
259.892
259.905
259.893
259.904
259.893
259.902
259.891
259.901
259.89
259.9
259.889
259.899
259.888
259.899
259.888
259.899
259.887
259.899
259.887
259.899
259.888
259.9
259.888
259.901
259.889
259.903
259.891
259.907
259.894
259.911
259.897
259.918
259.903
259.927
259.911
259.939
259.921
259.957
259.935
259.984
259.956
260.025
259.988
260.038
259.71
259.679
259.742
259.719
259.761
259.743
259.775
259.758
259.785
259.769
259.793
259.778
259.799
259.784
259.803
259.79
259.807
259.794
259.811
259.798
259.814
259.801
259.816
259.803
259.819
259.806
259.821
259.808
259.824
259.811
259.827
259.814
259.831
259.817
259.835
259.82
259.839
259.824
259.844
259.829
259.849
259.834
259.854
259.839
259.859
259.844
259.864
259.849
259.869
259.854
259.873
259.858
259.877
259.863
259.881
259.867
259.881
259.869
259.88
259.869
259.879
259.868
259.878
259.867
259.877
259.866
259.877
259.865
259.876
259.865
259.876
259.865
259.877
259.865
259.877
259.866
259.878
259.866
259.879
259.867
259.881
259.869
259.885
259.872
259.889
259.876
259.896
259.881
259.905
259.888
259.917
259.899
259.934
259.912
259.961
259.933
260.002
259.965
260.015
259.689
259.659
259.72
259.698
259.74
259.721
259.753
259.736
259.763
259.747
259.77
259.755
259.776
259.762
259.78
259.767
259.784
259.771
259.788
259.774
259.79
259.777
259.793
259.78
259.795
259.782
259.798
259.785
259.801
259.787
259.803
259.79
259.807
259.793
259.81
259.797
259.815
259.8
259.819
259.805
259.824
259.809
259.83
259.815
259.835
259.82
259.839
259.825
259.844
259.829
259.848
259.834
259.853
259.838
259.856
259.843
259.857
259.845
259.857
259.845
259.856
259.844
259.855
259.843
259.854
259.843
259.854
259.842
259.854
259.842
259.854
259.843
259.855
259.843
259.855
259.844
259.856
259.844
259.857
259.846
259.86
259.847
259.863
259.85
259.867
259.854
259.874
259.859
259.883
259.866
259.894
259.876
259.911
259.89
259.937
259.91
259.979
259.942
259.992
259.668
259.638
259.699
259.678
259.718
259.7
259.731
259.715
259.74
259.725
259.747
259.733
259.753
259.739
259.758
259.744
259.761
259.748
259.764
259.752
259.767
259.754
259.77
259.757
259.772
259.759
259.774
259.762
259.777
259.764
259.78
259.767
259.783
259.77
259.787
259.773
259.791
259.777
259.795
259.781
259.8
259.785
259.805
259.79
259.81
259.796
259.815
259.8
259.819
259.805
259.824
259.809
259.829
259.814
259.832
259.819
259.834
259.822
259.833
259.822
259.832
259.821
259.832
259.82
259.831
259.82
259.831
259.82
259.832
259.82
259.832
259.82
259.832
259.821
259.833
259.822
259.834
259.823
259.836
259.824
259.838
259.825
259.841
259.828
259.845
259.832
259.852
259.837
259.86
259.844
259.872
259.854
259.888
259.867
259.914
259.887
259.955
259.918
259.969
259.648
259.618
259.679
259.657
259.697
259.679
259.709
259.693
259.718
259.704
259.725
259.711
259.731
259.717
259.735
259.722
259.739
259.726
259.742
259.729
259.744
259.732
259.747
259.734
259.749
259.736
259.751
259.738
259.754
259.741
259.756
259.743
259.76
259.746
259.763
259.749
259.767
259.753
259.771
259.757
259.776
259.762
259.781
259.766
259.786
259.771
259.791
259.776
259.795
259.781
259.8
259.785
259.805
259.79
259.809
259.795
259.81
259.798
259.81
259.798
259.809
259.798
259.809
259.797
259.809
259.797
259.809
259.797
259.809
259.798
259.81
259.798
259.81
259.799
259.811
259.8
259.812
259.801
259.814
259.802
259.816
259.804
259.819
259.806
259.824
259.81
259.83
259.815
259.838
259.822
259.849
259.832
259.866
259.845
259.891
259.864
259.932
259.895
259.946
259.628
259.598
259.658
259.637
259.676
259.658
259.688
259.672
259.697
259.682
259.703
259.689
259.708
259.695
259.713
259.7
259.716
259.703
259.719
259.706
259.721
259.709
259.724
259.711
259.726
259.713
259.728
259.716
259.731
259.718
259.733
259.72
259.736
259.723
259.74
259.726
259.743
259.73
259.748
259.734
259.752
259.738
259.757
259.743
259.762
259.748
259.767
259.752
259.771
259.757
259.776
259.761
259.781
259.766
259.785
259.771
259.786
259.774
259.786
259.775
259.786
259.775
259.786
259.774
259.786
259.774
259.786
259.775
259.787
259.775
259.788
259.776
259.788
259.777
259.789
259.778
259.79
259.779
259.792
259.78
259.794
259.782
259.797
259.784
259.802
259.788
259.808
259.793
259.816
259.8
259.827
259.809
259.843
259.822
259.868
259.841
259.909
259.872
259.923
259.608
259.578
259.637
259.617
259.655
259.638
259.667
259.651
259.675
259.661
259.681
259.668
259.686
259.673
259.69
259.678
259.694
259.681
259.697
259.684
259.699
259.687
259.701
259.689
259.703
259.691
259.706
259.693
259.708
259.695
259.71
259.698
259.713
259.7
259.716
259.703
259.72
259.707
259.724
259.71
259.729
259.715
259.733
259.719
259.738
259.724
259.743
259.729
259.747
259.733
259.752
259.737
259.757
259.742
259.761
259.748
259.763
259.751
259.763
259.752
259.763
259.752
259.763
259.752
259.763
259.752
259.764
259.752
259.765
259.753
259.766
259.754
259.767
259.755
259.768
259.756
259.769
259.757
259.77
259.758
259.772
259.76
259.776
259.763
259.78
259.766
259.786
259.771
259.794
259.778
259.805
259.787
259.82
259.8
259.845
259.818
259.886
259.848
259.899
259.588
259.559
259.617
259.597
259.634
259.617
259.645
259.63
259.654
259.64
259.66
259.646
259.665
259.652
259.668
259.656
259.672
259.659
259.674
259.662
259.677
259.665
259.679
259.667
259.681
259.669
259.683
259.671
259.685
259.673
259.688
259.675
259.69
259.678
259.693
259.68
259.697
259.684
259.701
259.687
259.705
259.691
259.71
259.696
259.715
259.701
259.719
259.705
259.723
259.709
259.728
259.714
259.734
259.719
259.738
259.725
259.74
259.728
259.74
259.729
259.74
259.729
259.74
259.729
259.741
259.729
259.742
259.73
259.743
259.731
259.744
259.732
259.745
259.733
259.746
259.734
259.747
259.735
259.749
259.737
259.751
259.739
259.754
259.741
259.758
259.745
259.764
259.749
259.772
259.756
259.782
259.765
259.797
259.777
259.822
259.795
259.862
259.825
259.876
259.568
259.54
259.597
259.577
259.614
259.597
259.625
259.61
259.632
259.619
259.638
259.625
259.643
259.63
259.647
259.634
259.65
259.638
259.652
259.64
259.655
259.643
259.657
259.645
259.659
259.647
259.661
259.649
259.663
259.651
259.665
259.653
259.668
259.655
259.671
259.658
259.674
259.661
259.678
259.665
259.682
259.669
259.687
259.673
259.691
259.678
259.696
259.682
259.7
259.686
259.705
259.691
259.71
259.696
259.715
259.702
259.717
259.705
259.718
259.706
259.718
259.706
259.718
259.706
259.719
259.707
259.719
259.708
259.721
259.709
259.722
259.71
259.723
259.711
259.724
259.713
259.725
259.714
259.727
259.715
259.729
259.717
259.732
259.72
259.736
259.723
259.742
259.728
259.75
259.734
259.76
259.743
259.775
259.755
259.799
259.772
259.839
259.802
259.853
259.549
259.521
259.577
259.558
259.594
259.577
259.604
259.59
259.612
259.598
259.617
259.604
259.622
259.609
259.625
259.613
259.628
259.616
259.631
259.619
259.633
259.621
259.635
259.623
259.637
259.625
259.639
259.627
259.641
259.629
259.643
259.631
259.646
259.633
259.648
259.636
259.652
259.639
259.655
259.642
259.659
259.646
259.664
259.65
259.668
259.655
259.673
259.659
259.677
259.663
259.682
259.668
259.687
259.673
259.692
259.679
259.694
259.682
259.695
259.684
259.695
259.684
259.696
259.684
259.696
259.685
259.697
259.686
259.699
259.687
259.7
259.688
259.701
259.69
259.703
259.691
259.704
259.692
259.706
259.694
259.708
259.696
259.711
259.698
259.715
259.702
259.72
259.706
259.728
259.712
259.738
259.721
259.752
259.732
259.776
259.75
259.816
259.779
259.83
259.53
259.502
259.558
259.538
259.574
259.558
259.584
259.569
259.591
259.578
259.596
259.584
259.601
259.588
259.604
259.592
259.607
259.595
259.609
259.598
259.611
259.6
259.613
259.602
259.615
259.603
259.617
259.605
259.619
259.607
259.621
259.609
259.624
259.611
259.626
259.614
259.629
259.617
259.633
259.62
259.637
259.624
259.641
259.628
259.646
259.632
259.65
259.636
259.654
259.641
259.659
259.645
259.664
259.65
259.669
259.656
259.672
259.66
259.673
259.661
259.673
259.662
259.674
259.662
259.674
259.663
259.676
259.664
259.677
259.665
259.678
259.667
259.68
259.668
259.681
259.67
259.682
259.671
259.684
259.672
259.686
259.674
259.689
259.677
259.693
259.68
259.699
259.685
259.706
259.691
259.716
259.699
259.73
259.71
259.753
259.727
259.793
259.756
259.807
259.511
259.484
259.538
259.52
259.554
259.538
259.564
259.55
259.57
259.557
259.576
259.563
259.58
259.568
259.583
259.571
259.586
259.574
259.588
259.577
259.59
259.579
259.592
259.581
259.594
259.582
259.596
259.584
259.597
259.586
259.599
259.588
259.602
259.59
259.604
259.592
259.607
259.595
259.611
259.598
259.615
259.602
259.619
259.606
259.623
259.61
259.627
259.614
259.631
259.618
259.636
259.622
259.642
259.628
259.647
259.634
259.649
259.637
259.65
259.639
259.651
259.64
259.652
259.64
259.653
259.641
259.654
259.642
259.655
259.644
259.657
259.645
259.658
259.647
259.66
259.648
259.661
259.65
259.663
259.651
259.665
259.653
259.668
259.656
259.672
259.659
259.677
259.663
259.684
259.669
259.694
259.677
259.708
259.688
259.73
259.705
259.77
259.733
259.784
259.492
259.466
259.519
259.501
259.534
259.519
259.544
259.53
259.55
259.537
259.555
259.543
259.559
259.547
259.562
259.551
259.565
259.554
259.567
259.556
259.569
259.558
259.571
259.56
259.573
259.561
259.574
259.563
259.576
259.565
259.578
259.566
259.58
259.569
259.583
259.571
259.586
259.573
259.589
259.576
259.593
259.58
259.597
259.584
259.601
259.588
259.605
259.592
259.609
259.596
259.614
259.6
259.619
259.605
259.624
259.611
259.627
259.615
259.629
259.617
259.629
259.618
259.63
259.618
259.631
259.619
259.632
259.621
259.634
259.622
259.635
259.624
259.637
259.626
259.638
259.627
259.64
259.629
259.642
259.63
259.644
259.632
259.647
259.634
259.651
259.638
259.656
259.642
259.663
259.648
259.672
259.656
259.685
259.666
259.708
259.682
259.747
259.71
259.761
259.474
259.448
259.501
259.482
259.515
259.5
259.524
259.511
259.53
259.518
259.535
259.523
259.539
259.527
259.542
259.531
259.545
259.533
259.547
259.535
259.548
259.537
259.55
259.539
259.552
259.541
259.553
259.542
259.555
259.544
259.557
259.546
259.559
259.548
259.562
259.55
259.564
259.552
259.567
259.555
259.571
259.558
259.575
259.562
259.579
259.566
259.583
259.57
259.587
259.574
259.592
259.578
259.597
259.583
259.602
259.589
259.605
259.594
259.607
259.595
259.607
259.596
259.608
259.597
259.609
259.598
259.611
259.599
259.612
259.601
259.614
259.603
259.616
259.604
259.617
259.606
259.619
259.608
259.621
259.609
259.623
259.611
259.626
259.613
259.629
259.617
259.634
259.621
259.641
259.627
259.65
259.634
259.663
259.645
259.685
259.66
259.724
259.687
259.738
259.456
259.43
259.482
259.464
259.496
259.481
259.505
259.492
259.511
259.498
259.515
259.504
259.519
259.507
259.522
259.511
259.524
259.513
259.526
259.515
259.528
259.517
259.53
259.519
259.531
259.52
259.533
259.522
259.534
259.523
259.536
259.525
259.538
259.527
259.541
259.529
259.543
259.531
259.546
259.534
259.55
259.537
259.554
259.541
259.557
259.545
259.561
259.549
259.565
259.552
259.57
259.557
259.576
259.562
259.581
259.568
259.584
259.572
259.585
259.574
259.586
259.575
259.587
259.576
259.588
259.577
259.59
259.578
259.591
259.58
259.593
259.582
259.595
259.583
259.596
259.585
259.598
259.587
259.6
259.588
259.602
259.59
259.605
259.593
259.608
259.596
259.613
259.6
259.62
259.605
259.629
259.613
259.642
259.623
259.663
259.638
259.701
259.665
259.715
259.438
259.413
259.464
259.446
259.477
259.463
259.486
259.473
259.491
259.479
259.496
259.484
259.499
259.488
259.502
259.491
259.504
259.493
259.506
259.495
259.508
259.497
259.509
259.499
259.511
259.5
259.512
259.502
259.514
259.503
259.516
259.505
259.518
259.506
259.52
259.508
259.522
259.511
259.525
259.513
259.529
259.516
259.532
259.52
259.536
259.524
259.54
259.527
259.544
259.531
259.549
259.535
259.554
259.54
259.559
259.546
259.562
259.551
259.564
259.553
259.565
259.554
259.566
259.555
259.567
259.556
259.569
259.557
259.57
259.559
259.572
259.561
259.574
259.563
259.576
259.564
259.577
259.566
259.579
259.568
259.581
259.57
259.584
259.572
259.587
259.575
259.592
259.579
259.599
259.584
259.607
259.592
259.62
259.601
259.64
259.616
259.679
259.642
259.692
259.421
259.396
259.446
259.429
259.459
259.445
259.467
259.454
259.472
259.46
259.476
259.465
259.48
259.469
259.482
259.471
259.485
259.474
259.486
259.476
259.488
259.477
259.49
259.479
259.491
259.48
259.492
259.482
259.494
259.483
259.496
259.485
259.497
259.486
259.5
259.488
259.502
259.49
259.505
259.493
259.508
259.496
259.511
259.499
259.515
259.503
259.519
259.507
259.523
259.51
259.527
259.514
259.533
259.519
259.538
259.525
259.541
259.53
259.543
259.532
259.544
259.533
259.545
259.534
259.546
259.535
259.548
259.536
259.55
259.538
259.551
259.54
259.553
259.542
259.555
259.544
259.557
259.545
259.558
259.547
259.561
259.549
259.563
259.551
259.567
259.554
259.571
259.558
259.578
259.564
259.586
259.571
259.598
259.58
259.618
259.595
259.656
259.62
259.669
259.404
259.379
259.428
259.411
259.44
259.427
259.448
259.436
259.453
259.442
259.457
259.446
259.461
259.45
259.463
259.452
259.465
259.455
259.467
259.456
259.468
259.458
259.47
259.459
259.471
259.461
259.473
259.462
259.474
259.463
259.476
259.465
259.477
259.467
259.479
259.468
259.482
259.47
259.484
259.473
259.487
259.476
259.491
259.479
259.494
259.482
259.498
259.486
259.502
259.49
259.506
259.493
259.512
259.498
259.517
259.504
259.52
259.509
259.522
259.511
259.523
259.512
259.524
259.513
259.525
259.514
259.527
259.516
259.529
259.518
259.531
259.52
259.533
259.522
259.534
259.523
259.536
259.525
259.538
259.527
259.54
259.529
259.543
259.531
259.546
259.534
259.551
259.538
259.557
259.543
259.565
259.55
259.577
259.559
259.596
259.573
259.634
259.598
259.647
259.387
259.363
259.41
259.394
259.422
259.409
259.43
259.418
259.435
259.424
259.439
259.428
259.442
259.431
259.444
259.434
259.446
259.436
259.448
259.437
259.449
259.439
259.451
259.44
259.452
259.442
259.453
259.443
259.454
259.444
259.456
259.445
259.458
259.447
259.46
259.449
259.462
259.451
259.464
259.453
259.467
259.456
259.471
259.459
259.474
259.462
259.478
259.466
259.481
259.469
259.486
259.473
259.491
259.478
259.496
259.484
259.5
259.488
259.501
259.49
259.502
259.492
259.503
259.493
259.505
259.494
259.507
259.495
259.509
259.497
259.51
259.499
259.512
259.501
259.514
259.503
259.516
259.505
259.518
259.507
259.52
259.508
259.522
259.511
259.526
259.514
259.53
259.517
259.536
259.522
259.544
259.529
259.555
259.538
259.575
259.552
259.611
259.576
259.624
259.37
259.347
259.393
259.377
259.405
259.392
259.412
259.4
259.417
259.405
259.42
259.409
259.423
259.413
259.425
259.415
259.427
259.417
259.429
259.419
259.43
259.42
259.431
259.421
259.433
259.423
259.434
259.424
259.435
259.425
259.437
259.426
259.438
259.428
259.44
259.429
259.442
259.431
259.445
259.434
259.447
259.436
259.451
259.439
259.454
259.442
259.457
259.446
259.461
259.449
259.465
259.453
259.471
259.458
259.476
259.463
259.479
259.468
259.481
259.47
259.482
259.471
259.483
259.472
259.485
259.474
259.486
259.475
259.488
259.477
259.49
259.479
259.492
259.481
259.494
259.483
259.496
259.485
259.498
259.487
259.5
259.488
259.502
259.491
259.506
259.494
259.51
259.497
259.515
259.502
259.523
259.508
259.534
259.517
259.553
259.53
259.589
259.554
259.602
259.354
259.331
259.376
259.361
259.387
259.374
259.394
259.382
259.399
259.388
259.402
259.391
259.405
259.394
259.407
259.397
259.409
259.399
259.41
259.4
259.411
259.402
259.413
259.403
259.414
259.404
259.415
259.405
259.416
259.406
259.418
259.408
259.419
259.409
259.421
259.411
259.423
259.412
259.425
259.414
259.428
259.417
259.431
259.42
259.434
259.423
259.438
259.426
259.441
259.429
259.445
259.433
259.451
259.438
259.456
259.443
259.459
259.448
259.461
259.45
259.462
259.451
259.463
259.452
259.465
259.454
259.466
259.455
259.468
259.457
259.47
259.459
259.472
259.461
259.474
259.463
259.476
259.465
259.478
259.467
259.48
259.469
259.482
259.471
259.486
259.474
259.49
259.477
259.495
259.482
259.502
259.488
259.513
259.496
259.532
259.509
259.567
259.533
259.579
259.338
259.315
259.359
259.344
259.37
259.358
259.376
259.365
259.381
259.37
259.384
259.374
259.387
259.377
259.389
259.379
259.39
259.381
259.392
259.382
259.393
259.383
259.394
259.385
259.395
259.386
259.396
259.387
259.398
259.388
259.399
259.389
259.4
259.39
259.402
259.392
259.404
259.394
259.406
259.396
259.409
259.398
259.412
259.401
259.415
259.404
259.418
259.407
259.421
259.41
259.426
259.413
259.431
259.418
259.436
259.424
259.439
259.428
259.441
259.43
259.442
259.432
259.443
259.433
259.445
259.434
259.447
259.436
259.448
259.438
259.45
259.44
259.452
259.442
259.454
259.443
259.456
259.445
259.458
259.447
259.46
259.449
259.462
259.451
259.466
259.454
259.47
259.457
259.475
259.462
259.482
259.468
259.493
259.476
259.51
259.488
259.545
259.511
259.557
259.322
259.3
259.343
259.328
259.353
259.341
259.359
259.348
259.363
259.353
259.366
259.356
259.369
259.359
259.371
259.361
259.372
259.363
259.374
259.364
259.375
259.365
259.376
259.367
259.377
259.368
259.378
259.369
259.379
259.37
259.381
259.371
259.382
259.372
259.384
259.373
259.385
259.375
259.387
259.377
259.39
259.379
259.393
259.382
259.396
259.385
259.399
259.388
259.402
259.391
259.406
259.394
259.411
259.399
259.416
259.404
259.419
259.408
259.421
259.411
259.423
259.412
259.424
259.413
259.425
259.415
259.427
259.416
259.429
259.418
259.431
259.42
259.433
259.422
259.435
259.424
259.436
259.426
259.438
259.428
259.44
259.429
259.443
259.432
259.446
259.434
259.45
259.438
259.455
259.442
259.462
259.448
259.472
259.456
259.489
259.468
259.523
259.49
259.535
259.306
259.285
259.326
259.312
259.336
259.325
259.342
259.331
259.346
259.336
259.349
259.339
259.351
259.342
259.353
259.344
259.355
259.345
259.356
259.347
259.357
259.348
259.358
259.349
259.359
259.35
259.36
259.351
259.361
259.352
259.362
259.353
259.364
259.354
259.365
259.355
259.367
259.357
259.369
259.359
259.371
259.361
259.374
259.363
259.377
259.366
259.38
259.369
259.383
259.372
259.387
259.375
259.392
259.38
259.397
259.385
259.4
259.389
259.402
259.392
259.403
259.393
259.404
259.394
259.406
259.395
259.408
259.397
259.41
259.399
259.411
259.401
259.413
259.403
259.415
259.405
259.417
259.406
259.419
259.408
259.421
259.41
259.423
259.412
259.426
259.415
259.43
259.418
259.435
259.422
259.442
259.428
259.451
259.435
259.468
259.447
259.502
259.469
259.513
259.291
259.271
259.31
259.297
259.32
259.308
259.325
259.315
259.329
259.319
259.332
259.322
259.334
259.325
259.336
259.326
259.337
259.328
259.339
259.329
259.34
259.33
259.341
259.331
259.342
259.332
259.342
259.333
259.344
259.334
259.345
259.335
259.346
259.336
259.347
259.338
259.349
259.339
259.351
259.341
259.353
259.343
259.356
259.345
259.358
259.348
259.361
259.351
259.364
259.353
259.368
259.357
259.373
259.361
259.378
259.366
259.381
259.37
259.383
259.373
259.384
259.374
259.385
259.375
259.387
259.376
259.388
259.378
259.39
259.38
259.392
259.382
259.394
259.384
259.396
259.386
259.398
259.387
259.4
259.389
259.402
259.391
259.404
259.393
259.407
259.396
259.411
259.399
259.415
259.403
259.422
259.408
259.431
259.415
259.448
259.427
259.48
259.448
259.492
259.276
259.256
259.295
259.281
259.304
259.293
259.309
259.299
259.313
259.303
259.315
259.306
259.317
259.308
259.319
259.31
259.32
259.311
259.321
259.312
259.322
259.313
259.323
259.314
259.324
259.315
259.325
259.316
259.326
259.317
259.327
259.318
259.328
259.319
259.33
259.32
259.331
259.322
259.333
259.323
259.335
259.325
259.337
259.327
259.34
259.33
259.343
259.332
259.346
259.335
259.349
259.338
259.354
259.342
259.359
259.347
259.362
259.351
259.364
259.354
259.365
259.355
259.366
259.356
259.368
259.358
259.37
259.359
259.371
259.361
259.373
259.363
259.375
259.365
259.377
259.367
259.379
259.368
259.381
259.37
259.383
259.372
259.385
259.374
259.388
259.377
259.391
259.38
259.396
259.384
259.402
259.389
259.411
259.396
259.427
259.406
259.459
259.427
259.47
259.261
259.242
259.279
259.266
259.288
259.277
259.293
259.283
259.296
259.287
259.299
259.289
259.3
259.291
259.302
259.293
259.303
259.294
259.304
259.296
259.305
259.297
259.306
259.297
259.307
259.298
259.308
259.299
259.309
259.3
259.31
259.301
259.311
259.302
259.312
259.303
259.314
259.304
259.315
259.306
259.317
259.308
259.32
259.31
259.322
259.312
259.325
259.315
259.328
259.317
259.331
259.32
259.336
259.324
259.34
259.329
259.343
259.333
259.345
259.335
259.347
259.337
259.348
259.338
259.349
259.339
259.351
259.341
259.353
259.342
259.355
259.344
259.356
259.346
259.358
259.348
259.36
259.35
259.362
259.351
259.364
259.353
259.366
259.355
259.369
259.358
259.372
259.361
259.377
259.365
259.382
259.369
259.391
259.376
259.407
259.386
259.438
259.406
259.448
259.247
259.228
259.264
259.251
259.272
259.262
259.277
259.267
259.28
259.271
259.282
259.273
259.284
259.275
259.286
259.277
259.287
259.278
259.288
259.279
259.289
259.28
259.29
259.281
259.29
259.282
259.291
259.282
259.292
259.283
259.293
259.284
259.294
259.285
259.295
259.286
259.296
259.287
259.298
259.289
259.3
259.29
259.302
259.292
259.305
259.295
259.307
259.297
259.31
259.299
259.313
259.302
259.317
259.306
259.322
259.311
259.325
259.315
259.327
259.317
259.328
259.318
259.329
259.32
259.331
259.321
259.332
259.322
259.334
259.324
259.336
259.326
259.338
259.328
259.339
259.329
259.341
259.331
259.343
259.333
259.345
259.335
259.347
259.337
259.35
259.339
259.353
259.342
259.357
259.346
259.363
259.35
259.371
259.356
259.386
259.366
259.417
259.386
259.427
259.233
259.214
259.249
259.237
259.257
259.246
259.261
259.252
259.264
259.255
259.266
259.257
259.268
259.259
259.269
259.261
259.27
259.262
259.271
259.263
259.272
259.264
259.273
259.264
259.274
259.265
259.274
259.266
259.275
259.267
259.276
259.267
259.277
259.268
259.278
259.269
259.28
259.27
259.281
259.272
259.283
259.273
259.285
259.275
259.287
259.277
259.29
259.28
259.292
259.282
259.295
259.285
259.3
259.288
259.304
259.293
259.307
259.297
259.309
259.299
259.31
259.3
259.311
259.301
259.312
259.303
259.314
259.304
259.316
259.306
259.318
259.307
259.319
259.309
259.321
259.311
259.323
259.313
259.324
259.314
259.326
259.316
259.329
259.318
259.331
259.32
259.334
259.323
259.338
259.327
259.344
259.331
259.352
259.337
259.366
259.347
259.396
259.366
259.406
259.218
259.201
259.234
259.222
259.241
259.231
259.246
259.236
259.248
259.239
259.25
259.242
259.252
259.243
259.253
259.245
259.254
259.246
259.255
259.247
259.256
259.247
259.257
259.248
259.257
259.249
259.258
259.25
259.259
259.25
259.26
259.251
259.261
259.252
259.262
259.253
259.263
259.254
259.264
259.255
259.266
259.257
259.268
259.258
259.27
259.26
259.272
259.263
259.275
259.265
259.278
259.267
259.282
259.271
259.286
259.275
259.289
259.279
259.291
259.281
259.292
259.282
259.293
259.283
259.294
259.285
259.296
259.286
259.298
259.288
259.299
259.289
259.301
259.291
259.303
259.293
259.304
259.294
259.306
259.296
259.308
259.298
259.31
259.3
259.313
259.302
259.316
259.305
259.319
259.308
259.325
259.312
259.332
259.318
259.346
259.327
259.375
259.345
259.384
259.205
259.187
259.219
259.208
259.226
259.216
259.23
259.221
259.233
259.224
259.235
259.226
259.236
259.228
259.237
259.229
259.238
259.23
259.239
259.231
259.24
259.232
259.241
259.232
259.241
259.233
259.242
259.233
259.243
259.234
259.243
259.235
259.244
259.236
259.245
259.236
259.246
259.237
259.248
259.239
259.249
259.24
259.251
259.242
259.253
259.244
259.255
259.246
259.258
259.248
259.26
259.25
259.264
259.253
259.268
259.258
259.271
259.261
259.273
259.263
259.274
259.265
259.275
259.266
259.276
259.267
259.278
259.268
259.279
259.27
259.281
259.271
259.283
259.273
259.284
259.274
259.286
259.276
259.288
259.278
259.289
259.279
259.292
259.281
259.294
259.283
259.297
259.286
259.301
259.289
259.305
259.293
259.313
259.299
259.326
259.307
259.354
259.325
259.363
259.191
259.174
259.205
259.193
259.211
259.202
259.215
259.206
259.217
259.209
259.219
259.211
259.22
259.212
259.222
259.213
259.222
259.214
259.223
259.215
259.224
259.216
259.225
259.216
259.225
259.217
259.226
259.217
259.226
259.218
259.227
259.219
259.228
259.219
259.229
259.22
259.23
259.221
259.231
259.222
259.233
259.224
259.234
259.225
259.236
259.227
259.238
259.229
259.24
259.231
259.243
259.233
259.247
259.236
259.251
259.24
259.253
259.243
259.255
259.246
259.256
259.247
259.257
259.248
259.259
259.249
259.26
259.25
259.261
259.252
259.263
259.253
259.265
259.255
259.266
259.256
259.268
259.258
259.269
259.259
259.271
259.261
259.273
259.263
259.275
259.265
259.278
259.267
259.282
259.27
259.286
259.274
259.293
259.279
259.306
259.288
259.334
259.305
259.342
259.177
259.161
259.19
259.179
259.196
259.187
259.2
259.191
259.202
259.193
259.204
259.195
259.205
259.196
259.206
259.198
259.207
259.198
259.207
259.199
259.208
259.2
259.209
259.2
259.209
259.201
259.21
259.202
259.21
259.202
259.211
259.203
259.212
259.203
259.213
259.204
259.214
259.205
259.215
259.206
259.216
259.207
259.218
259.209
259.22
259.21
259.221
259.212
259.224
259.214
259.226
259.216
259.23
259.219
259.233
259.223
259.236
259.226
259.237
259.228
259.239
259.229
259.24
259.23
259.241
259.231
259.242
259.232
259.244
259.234
259.245
259.235
259.246
259.237
259.248
259.238
259.249
259.239
259.251
259.241
259.253
259.243
259.255
259.244
259.257
259.246
259.26
259.249
259.263
259.252
259.267
259.255
259.274
259.26
259.286
259.268
259.313
259.285
259.32
259.163
259.147
259.176
259.165
259.181
259.172
259.185
259.176
259.187
259.178
259.188
259.18
259.189
259.181
259.19
259.182
259.191
259.183
259.192
259.183
259.192
259.184
259.193
259.185
259.193
259.185
259.194
259.186
259.194
259.186
259.195
259.187
259.196
259.187
259.197
259.188
259.197
259.189
259.198
259.19
259.2
259.191
259.201
259.192
259.203
259.194
259.205
259.195
259.207
259.197
259.209
259.199
259.212
259.202
259.216
259.205
259.218
259.208
259.22
259.21
259.221
259.211
259.222
259.212
259.223
259.213
259.224
259.214
259.225
259.216
259.227
259.217
259.228
259.218
259.23
259.22
259.231
259.221
259.233
259.223
259.234
259.224
259.236
259.226
259.238
259.228
259.241
259.23
259.244
259.233
259.248
259.236
259.254
259.241
259.266
259.248
259.292
259.264
259.298
259.149
259.134
259.161
259.15
259.166
259.157
259.169
259.16
259.171
259.162
259.172
259.164
259.174
259.165
259.174
259.166
259.175
259.167
259.176
259.167
259.176
259.168
259.177
259.168
259.177
259.169
259.178
259.169
259.178
259.17
259.179
259.17
259.18
259.171
259.18
259.172
259.181
259.172
259.182
259.173
259.183
259.174
259.185
259.175
259.186
259.177
259.188
259.178
259.19
259.18
259.192
259.182
259.195
259.184
259.198
259.188
259.2
259.19
259.202
259.192
259.203
259.193
259.204
259.194
259.205
259.195
259.206
259.196
259.207
259.197
259.209
259.199
259.21
259.2
259.211
259.201
259.213
259.203
259.214
259.204
259.216
259.205
259.217
259.207
259.219
259.209
259.222
259.211
259.225
259.213
259.229
259.217
259.234
259.221
259.246
259.228
259.271
259.244
259.277
259.135
259.12
259.146
259.135
259.151
259.141
259.154
259.145
259.155
259.146
259.157
259.148
259.158
259.149
259.158
259.15
259.159
259.15
259.16
259.151
259.16
259.152
259.161
259.152
259.161
259.152
259.162
259.153
259.162
259.153
259.163
259.154
259.163
259.154
259.164
259.155
259.165
259.156
259.165
259.156
259.167
259.157
259.168
259.158
259.169
259.16
259.171
259.161
259.172
259.163
259.175
259.164
259.177
259.167
259.18
259.17
259.182
259.172
259.184
259.174
259.185
259.175
259.186
259.176
259.187
259.177
259.188
259.178
259.189
259.179
259.19
259.18
259.191
259.181
259.193
259.182
259.194
259.184
259.195
259.185
259.197
259.186
259.198
259.188
259.2
259.189
259.203
259.191
259.205
259.194
259.209
259.197
259.214
259.201
259.225
259.207
259.249
259.223
259.254
259.12
259.106
259.131
259.12
259.135
259.125
259.138
259.128
259.139
259.13
259.14
259.131
259.141
259.132
259.142
259.133
259.143
259.134
259.143
259.134
259.144
259.135
259.144
259.135
259.144
259.136
259.145
259.136
259.145
259.136
259.146
259.137
259.146
259.137
259.147
259.138
259.148
259.138
259.148
259.139
259.149
259.14
259.151
259.141
259.152
259.142
259.153
259.143
259.155
259.145
259.157
259.146
259.159
259.149
259.162
259.151
259.164
259.154
259.165
259.155
259.166
259.156
259.167
259.157
259.168
259.158
259.169
259.159
259.17
259.16
259.171
259.161
259.172
259.162
259.173
259.163
259.175
259.164
259.176
259.165
259.177
259.166
259.179
259.168
259.181
259.169
259.183
259.171
259.185
259.174
259.189
259.176
259.194
259.18
259.204
259.186
259.228
259.201
259.231
259.105
259.09
259.115
259.103
259.119
259.109
259.121
259.111
259.122
259.113
259.123
259.114
259.124
259.115
259.125
259.116
259.126
259.116
259.126
259.117
259.126
259.117
259.127
259.118
259.127
259.118
259.128
259.118
259.128
259.119
259.128
259.119
259.129
259.119
259.129
259.12
259.13
259.12
259.131
259.121
259.132
259.122
259.133
259.123
259.134
259.124
259.135
259.125
259.137
259.126
259.138
259.128
259.141
259.13
259.143
259.132
259.145
259.134
259.146
259.136
259.147
259.137
259.148
259.137
259.149
259.138
259.15
259.139
259.151
259.14
259.152
259.141
259.153
259.142
259.154
259.143
259.155
259.144
259.156
259.145
259.157
259.146
259.159
259.147
259.16
259.149
259.162
259.15
259.165
259.153
259.168
259.155
259.173
259.159
259.183
259.164
259.205
259.179
259.208
259.089
259.074
259.098
259.086
259.101
259.091
259.103
259.093
259.105
259.095
259.106
259.096
259.106
259.097
259.107
259.097
259.108
259.098
259.108
259.098
259.108
259.099
259.109
259.099
259.109
259.099
259.109
259.1
259.11
259.1
259.11
259.1
259.111
259.101
259.111
259.101
259.112
259.102
259.112
259.102
259.113
259.103
259.114
259.104
259.115
259.105
259.116
259.106
259.118
259.107
259.119
259.108
259.121
259.11
259.123
259.112
259.125
259.114
259.126
259.115
259.127
259.116
259.128
259.117
259.129
259.117
259.129
259.118
259.13
259.119
259.131
259.12
259.132
259.121
259.133
259.122
259.134
259.122
259.135
259.123
259.136
259.124
259.138
259.126
259.139
259.127
259.141
259.129
259.143
259.131
259.146
259.133
259.15
259.136
259.16
259.141
259.182
259.156
259.183
259.071
259.056
259.079
259.067
259.083
259.072
259.085
259.074
259.086
259.075
259.087
259.076
259.087
259.077
259.088
259.077
259.088
259.078
259.089
259.078
259.089
259.079
259.09
259.079
259.09
259.079
259.09
259.079
259.09
259.08
259.091
259.08
259.091
259.08
259.092
259.081
259.092
259.081
259.093
259.082
259.093
259.082
259.094
259.083
259.095
259.084
259.096
259.085
259.097
259.086
259.099
259.087
259.101
259.089
259.103
259.09
259.104
259.092
259.105
259.093
259.106
259.094
259.107
259.095
259.107
259.095
259.108
259.096
259.109
259.097
259.11
259.097
259.11
259.098
259.111
259.099
259.112
259.1
259.113
259.101
259.114
259.102
259.115
259.103
259.117
259.104
259.118
259.105
259.12
259.107
259.123
259.109
259.127
259.112
259.137
259.117
259.157
259.131
259.157
259.052
259.037
259.06
259.047
259.063
259.051
259.064
259.052
259.065
259.054
259.066
259.055
259.067
259.055
259.067
259.056
259.068
259.056
259.068
259.056
259.068
259.057
259.069
259.057
259.069
259.057
259.069
259.057
259.069
259.058
259.07
259.058
259.07
259.058
259.071
259.059
259.071
259.059
259.072
259.06
259.072
259.06
259.073
259.061
259.074
259.061
259.075
259.062
259.076
259.063
259.077
259.064
259.079
259.065
259.08
259.067
259.082
259.069
259.083
259.07
259.083
259.07
259.084
259.071
259.084
259.071
259.085
259.072
259.086
259.073
259.086
259.073
259.087
259.074
259.088
259.075
259.089
259.075
259.089
259.076
259.09
259.077
259.091
259.078
259.093
259.079
259.094
259.08
259.096
259.082
259.098
259.084
259.102
259.086
259.111
259.091
259.131
259.105
259.13
259.031
259.015
259.038
259.024
259.04
259.027
259.042
259.029
259.043
259.03
259.044
259.031
259.044
259.031
259.045
259.032
259.045
259.032
259.045
259.032
259.046
259.033
259.046
259.033
259.046
259.033
259.046
259.033
259.046
259.033
259.047
259.034
259.047
259.034
259.047
259.034
259.048
259.035
259.048
259.035
259.049
259.035
259.049
259.036
259.05
259.037
259.051
259.037
259.052
259.038
259.053
259.039
259.054
259.04
259.056
259.042
259.057
259.043
259.058
259.044
259.058
259.044
259.059
259.045
259.059
259.045
259.06
259.046
259.06
259.046
259.061
259.047
259.062
259.047
259.062
259.048
259.063
259.049
259.064
259.049
259.065
259.05
259.066
259.051
259.067
259.052
259.068
259.053
259.07
259.054
259.072
259.056
259.075
259.058
259.084
259.062
259.103
259.077
259.1
259.008
258.99
259.013
258.998
259.016
259.001
259.017
259.002
259.018
259.003
259.018
259.004
259.019
259.004
259.019
259.004
259.019
259.005
259.02
259.005
259.02
259.005
259.02
259.005
259.02
259.006
259.021
259.006
259.021
259.006
259.021
259.006
259.021
259.006
259.022
259.007
259.022
259.007
259.022
259.007
259.023
259.008
259.023
259.008
259.024
259.009
259.025
259.009
259.025
259.01
259.026
259.011
259.028
259.012
259.029
259.013
259.03
259.014
259.03
259.015
259.031
259.015
259.031
259.016
259.032
259.016
259.032
259.016
259.033
259.017
259.033
259.017
259.034
259.018
259.034
259.018
259.035
259.019
259.036
259.019
259.036
259.02
259.037
259.021
259.038
259.022
259.039
259.023
259.041
259.024
259.043
259.025
259.046
259.027
259.055
259.031
259.073
259.046
259.067
258.98
258.961
258.985
258.968
258.987
258.97
258.988
258.972
258.989
258.972
258.99
258.973
258.99
258.973
258.99
258.974
258.991
258.974
258.991
258.974
258.991
258.974
258.991
258.974
258.991
258.975
258.992
258.975
258.992
258.975
258.992
258.975
258.992
258.975
258.992
258.975
258.993
258.976
258.993
258.976
258.993
258.976
258.994
258.977
258.994
258.977
258.995
258.978
258.996
258.978
258.996
258.979
258.997
258.98
258.998
258.981
258.999
258.981
259
258.982
259
258.982
259
258.983
259.001
258.983
259.001
258.983
259.002
258.984
259.002
258.984
259.003
258.985
259.003
258.985
259.004
258.985
259.004
258.986
259.005
258.986
259.005
258.987
259.006
258.988
259.007
258.989
259.009
258.99
259.01
258.991
259.013
258.993
259.022
258.996
259.04
259.011
259.031
258.949
258.928
258.953
258.933
258.955
258.935
258.956
258.936
258.956
258.937
258.957
258.937
258.957
258.938
258.957
258.938
258.958
258.938
258.958
258.938
258.958
258.939
258.958
258.939
258.958
258.939
258.958
258.939
258.959
258.939
258.959
258.939
258.959
258.939
258.959
258.94
258.959
258.94
258.96
258.94
258.96
258.94
258.96
258.941
258.961
258.941
258.961
258.941
258.962
258.942
258.962
258.942
258.963
258.943
258.964
258.944
258.965
258.944
258.965
258.945
258.965
258.945
258.966
258.945
258.966
258.946
258.966
258.946
258.967
258.946
258.967
258.946
258.967
258.947
258.968
258.947
258.968
258.948
258.969
258.948
258.969
258.948
258.97
258.949
258.97
258.949
258.971
258.95
258.972
258.951
258.974
258.952
258.976
258.954
258.985
258.956
259.003
258.972
258.99
258.912
258.888
258.916
258.893
258.917
258.894
258.918
258.895
258.918
258.896
258.919
258.896
258.919
258.896
258.919
258.896
258.919
258.897
258.919
258.897
258.92
258.897
258.92
258.897
258.92
258.897
258.92
258.897
258.92
258.897
258.92
258.897
258.92
258.898
258.921
258.898
258.921
258.898
258.921
258.898
258.921
258.898
258.922
258.898
258.922
258.899
258.922
258.899
258.923
258.899
258.923
258.9
258.924
258.9
258.924
258.901
258.925
258.901
258.925
258.902
258.925
258.902
258.926
258.902
258.926
258.902
258.926
258.903
258.926
258.903
258.927
258.903
258.927
258.904
258.927
258.904
258.928
258.904
258.928
258.904
258.929
258.905
258.929
258.905
258.93
258.906
258.93
258.906
258.931
258.907
258.932
258.908
258.934
258.909
258.943
258.911
258.96
258.924
258.94
258.869
258.841
258.872
258.845
258.873
258.846
258.873
258.847
258.874
258.847
258.874
258.847
258.874
258.847
258.874
258.848
258.874
258.848
258.875
258.848
258.875
258.848
258.875
258.848
258.875
258.848
258.875
258.848
258.875
258.848
258.875
258.848
258.875
258.848
258.875
258.848
258.876
258.849
258.876
258.849
258.876
258.849
258.876
258.849
258.876
258.849
258.877
258.85
258.877
258.85
258.877
258.85
258.878
258.85
258.878
258.851
258.879
258.852
258.879
258.852
258.879
258.852
258.88
258.852
258.88
258.853
258.88
258.853
258.88
258.853
258.88
258.853
258.881
258.853
258.881
258.854
258.881
258.854
258.882
258.854
258.882
258.855
258.882
258.855
258.883
258.855
258.884
258.856
258.884
258.857
258.885
258.857
258.887
258.858
258.893
258.86
258.905
258.868
258.88
258.818
258.786
258.82
258.788
258.82
258.789
258.821
258.789
258.821
258.789
258.821
258.79
258.821
258.79
258.821
258.79
258.821
258.79
258.822
258.79
258.822
258.79
258.822
258.79
258.822
258.79
258.822
258.79
258.822
258.79
258.822
258.79
258.822
258.79
258.822
258.79
258.822
258.79
258.822
258.79
258.822
258.791
258.823
258.791
258.823
258.791
258.823
258.791
258.823
258.791
258.824
258.792
258.824
258.792
258.825
258.792
258.825
258.793
258.825
258.793
258.826
258.794
258.826
258.794
258.826
258.794
258.826
258.794
258.826
258.795
258.827
258.795
258.827
258.795
258.827
258.795
258.828
258.796
258.828
258.796
258.828
258.796
258.828
258.797
258.829
258.797
258.829
258.797
258.83
258.798
258.831
258.798
258.832
258.799
258.836
258.801
258.843
258.804
258.811
258.757
258.722
258.758
258.723
258.758
258.723
258.759
258.724
258.759
258.724
258.759
258.724
258.759
258.724
258.759
258.724
258.759
258.724
258.759
258.724
258.759
258.724
258.759
258.724
258.759
258.724
258.759
258.724
258.759
258.724
258.759
258.724
258.759
258.724
258.759
258.724
258.759
258.724
258.759
258.724
258.759
258.724
258.759
258.724
258.76
258.724
258.76
258.724
258.76
258.725
258.76
258.725
258.761
258.725
258.761
258.725
258.762
258.726
258.762
258.726
258.763
258.727
258.763
258.727
258.763
258.727
258.763
258.727
258.764
258.727
258.764
258.727
258.764
258.728
258.764
258.728
258.765
258.728
258.765
258.728
258.765
258.728
258.765
258.729
258.766
258.729
258.766
258.729
258.767
258.729
258.767
258.73
258.768
258.73
258.769
258.731
258.772
258.731
258.734
258.689
258.689
258.689
258.689
258.689
258.689
258.689
258.689
258.689
258.689
258.689
258.689
258.689
258.689
258.689
258.689
258.689
258.689
258.689
258.689
258.689
258.689
258.69
258.69
258.69
258.69
258.69
258.691
258.691
258.691
258.691
258.691
258.692
258.692
258.692
258.692
258.692
258.692
258.692
258.692
258.693
258.693
258.693
258.693
258.693
258.693
258.694
258.693
258.693
)
;

boundaryField
{
    top
    {
        type            calculated;
        value           uniform 258.65;
    }
    bottom
    {
        type            calculated;
        value           nonuniform List<scalar> 
50
(
260.35
260.385
260.419
260.446
260.468
260.486
260.5
260.511
260.519
260.527
260.533
260.539
260.544
260.55
260.556
260.562
260.57
260.578
260.586
260.595
260.603
260.61
260.614
260.615
260.612
260.602
260.587
260.57
260.555
260.542
260.529
260.517
260.506
260.494
260.484
260.474
260.466
260.46
260.456
260.454
260.454
260.457
260.463
260.472
260.484
260.502
260.524
260.55
260.578
260.599
)
;
    }
    downSlope
    {
        type            calculated;
        value           nonuniform List<scalar> 
85
(
260.599
260.597
260.594
260.59
260.585
260.578
260.57
260.561
260.551
260.541
260.529
260.516
260.503
260.489
260.474
260.458
260.441
260.424
260.407
260.389
260.37
260.351
260.332
260.312
260.291
260.271
260.25
260.228
260.207
260.185
260.163
260.14
260.118
260.095
260.073
260.05
260.027
260.004
259.981
259.958
259.934
259.911
259.888
259.865
259.842
259.818
259.795
259.772
259.749
259.726
259.703
259.681
259.658
259.635
259.613
259.591
259.568
259.546
259.524
259.503
259.481
259.459
259.438
259.416
259.395
259.374
259.352
259.331
259.309
259.288
259.266
259.243
259.22
259.196
259.171
259.144
259.115
259.085
259.051
259.013
258.968
258.912
258.848
258.774
258.694
)
;
    }
    upSlope
    {
        type            calculated;
        value           nonuniform List<scalar> 
85
(
260.35
260.347
260.341
260.333
260.323
260.312
260.3
260.286
260.271
260.255
260.238
260.221
260.202
260.183
260.164
260.144
260.123
260.102
260.081
260.06
260.038
260.016
259.994
259.972
259.95
259.928
259.906
259.884
259.862
259.84
259.818
259.796
259.774
259.753
259.732
259.711
259.69
259.669
259.648
259.628
259.608
259.588
259.569
259.549
259.53
259.512
259.493
259.475
259.457
259.439
259.422
259.405
259.388
259.371
259.355
259.339
259.323
259.308
259.293
259.278
259.263
259.249
259.235
259.221
259.208
259.194
259.181
259.168
259.154
259.141
259.127
259.113
259.098
259.083
259.066
259.047
259.027
259.003
258.977
258.946
258.91
258.867
258.816
258.756
258.688
)
;
    }
    sides
    {
        type            empty;
        value           nonuniform 0();
    }
}


// ************************************************************************* //
