/*--------------------------------*- C++ -*----------------------------------*\
| =========                 |                                                 |
| \\      /  F ield         | OpenFOAM: The Open Source CFD Toolbox           |
|  \\    /   O peration     | Version:  v1606+                                |
|   \\  /    A nd           | Web:      www.OpenFOAM.com                      |
|    \\/     M anipulation  |                                                 |
\*---------------------------------------------------------------------------*/
FoamFile
{
    version     2.0;
    format      ascii;
    class       volScalarField;
    location    "0";
    object      psi;
}
// * * * * * * * * * * * * * * * * * * * * * * * * * * * * * * * * * * * * * //

dimensions      [0 1 0 0 0 0 0];

internalField   nonuniform List<scalar> 
4250
(
-0.467649
-0.432213
-0.401558
-0.374562
-0.35062
-0.329252
-0.310058
-0.292698
-0.276882
-0.262365
-0.248937
-0.236419
-0.224655
-0.213511
-0.202867
-0.192608
-0.182626
-0.172804
-0.163013
-0.153099
-0.142871
-0.132078
-0.12039
-0.107362
-0.0923927
-0.074676
-0.0530806
-0.0253894
0.0152909
0.0517647
0.0860324
0.118853
0.147949
0.179648
0.206446
0.235423
0.263003
0.291767
0.32031
0.349204
0.378578
0.408177
0.438795
0.470163
0.502136
0.535078
0.569568
0.605847
0.643764
0.681334
-0.489724
-0.454608
-0.42388
-0.39682
-0.372825
-0.351415
-0.332186
-0.314797
-0.298959
-0.284424
-0.270983
-0.258454
-0.246683
-0.235535
-0.224889
-0.214632
-0.204654
-0.19484
-0.18506
-0.175163
-0.164958
-0.154198
-0.142556
-0.129591
-0.114712
-0.0971297
-0.0757619
-0.0486982
-0.011687
0.0292706
0.0636144
0.0965202
0.125548
0.157362
0.184102
0.21311
0.240658
0.26942
0.297945
0.326814
0.356167
0.385725
0.416307
0.447641
0.479573
0.512461
0.546892
0.583116
0.621021
0.658968
-0.511594
-0.476788
-0.446009
-0.418898
-0.394863
-0.37342
-0.354165
-0.336758
-0.320905
-0.306361
-0.292913
-0.280382
-0.268611
-0.257466
-0.246826
-0.236577
-0.22661
-0.21681
-0.20705
-0.197177
-0.187004
-0.176285
-0.164699
-0.15181
-0.137037
-0.119606
-0.0984785
-0.0719385
-0.03672
0.0071852
0.0416055
0.0746275
0.103506
0.135523
0.162121
0.1912
0.218682
0.247451
0.275942
0.304771
0.334091
0.363582
0.394112
0.425396
0.457264
0.490075
0.524425
0.560576
0.598463
0.636746
-0.533321
-0.49882
-0.468013
-0.440864
-0.416799
-0.395335
-0.376065
-0.358648
-0.342791
-0.328245
-0.314799
-0.302272
-0.290509
-0.279374
-0.268745
-0.25851
-0.248561
-0.238782
-0.229046
-0.219205
-0.209071
-0.198402
-0.18688
-0.174078
-0.159422
-0.142156
-0.12128
-0.095237
-0.0615076
-0.0204918
0.0199335
0.0531689
0.0818135
0.114126
0.140496
0.169685
0.197069
0.225855
0.254297
0.283072
0.312348
0.341748
0.372212
0.403428
0.435212
0.467924
0.502173
0.538233
0.576094
0.614674
-0.554871
-0.520671
-0.489855
-0.462681
-0.438598
-0.417122
-0.397847
-0.380429
-0.364574
-0.350035
-0.336598
-0.324082
-0.312332
-0.301211
-0.290599
-0.280384
-0.270457
-0.260703
-0.250998
-0.241193
-0.231102
-0.22049
-0.20904
-0.196333
-0.181805
-0.164714
-0.144101
-0.118556
-0.0859811
-0.0468519
-0.00349787
0.0321184
0.0604599
0.0931658
0.11922
0.148562
0.175814
0.204627
0.233007
0.261714
0.290938
0.320222
0.350606
0.381741
0.413422
0.446012
0.480141
0.516092
0.553915
0.592759
-0.576156
-0.54225
-0.511443
-0.484255
-0.460163
-0.438685
-0.419413
-0.402001
-0.386157
-0.37163
-0.358207
-0.345707
-0.333974
-0.322872
-0.312281
-0.302089
-0.292186
-0.282461
-0.272789
-0.263023
-0.252981
-0.242429
-0.231057
-0.218453
-0.204063
-0.18716
-0.166819
-0.141782
-0.110288
-0.0727895
-0.0336539
0.0114352
0.0394326
0.0726408
0.098284
0.127826
0.15491
0.183762
0.212068
0.240695
0.269858
0.299004
0.329296
0.360336
0.391896
0.424344
0.458335
0.49416
0.531932
0.571008
-0.59707
-0.56345
-0.532666
-0.505474
-0.481382
-0.45991
-0.440648
-0.42325
-0.407421
-0.392911
-0.379507
-0.367027
-0.355315
-0.344235
-0.333666
-0.323498
-0.313622
-0.303928
-0.294291
-0.284566
-0.274575
-0.264087
-0.252799
-0.240306
-0.226066
-0.209366
-0.189312
-0.164787
-0.134355
-0.0977557
-0.059177
-0.0129852
0.0186765
0.0525495
0.0776784
0.107473
0.134352
0.163258
0.191477
0.220011
0.249109
0.278095
0.308283
0.339216
0.370638
0.402926
0.43676
0.472443
0.510149
0.549427
-0.617514
-0.58417
-0.553422
-0.526234
-0.502151
-0.480691
-0.461446
-0.444068
-0.42826
-0.413773
-0.400391
-0.387934
-0.376245
-0.365188
-0.354644
-0.344502
-0.334654
-0.324991
-0.31539
-0.305709
-0.295772
-0.285353
-0.274155
-0.261783
-0.247708
-0.231234
-0.211486
-0.187459
-0.158046
-0.121924
-0.0829857
-0.0416368
-0.00421358
0.0328687
0.0573923
0.0875002
0.114132
0.143109
0.171229
0.19966
0.22869
0.257492
0.287568
0.318382
0.349651
0.38176
0.415421
0.450945
0.48857
0.528022
-0.637408
-0.604328
-0.573627
-0.546453
-0.522386
-0.500947
-0.481726
-0.464373
-0.448593
-0.434132
-0.420777
-0.408346
-0.396683
-0.385652
-0.375134
-0.365018
-0.355199
-0.345568
-0.336005
-0.326369
-0.316489
-0.306144
-0.295045
-0.282808
-0.268918
-0.2527
-0.233295
-0.209739
-0.181203
-0.145619
-0.107628
-0.0692433
-0.0355476
0.0135473
0.0374136
0.0679058
0.0942443
0.123312
0.151323
0.179638
0.208599
0.237196
0.26715
0.297836
0.328939
0.360852
0.394325
0.429673
0.467201
0.506799
-0.656697
-0.623869
-0.593225
-0.566074
-0.54203
-0.520619
-0.50143
-0.48411
-0.468363
-0.453935
-0.440611
-0.42821
-0.416576
-0.405572
-0.395082
-0.384994
-0.375205
-0.365608
-0.356084
-0.346496
-0.336678
-0.326413
-0.315423
-0.303335
-0.289656
-0.273732
-0.254726
-0.231666
-0.203761
-0.169744
-0.132729
-0.0947878
-0.0597131
-0.00814508
0.0177034
0.0486877
0.0746813
0.103864
0.131754
0.159943
0.188836
0.217206
0.247032
0.277581
0.308504
0.340205
0.373475
0.408631
0.446045
0.485763
-0.675348
-0.642759
-0.61218
-0.58506
-0.561049
-0.539676
-0.520526
-0.503248
-0.487541
-0.473151
-0.459865
-0.447498
-0.435896
-0.424923
-0.414462
-0.404405
-0.394647
-0.385084
-0.375602
-0.366066
-0.356314
-0.346138
-0.335267
-0.323346
-0.309902
-0.294311
-0.275774
-0.253321
-0.226024
-0.19393
-0.157355
-0.119145
-0.082418
-0.0432806
-0.00412658
0.0298224
0.0554356
0.0847618
0.112519
0.140571
0.1694
0.19752
0.227212
0.257618
0.288348
0.319823
0.352877
0.387825
0.425108
0.464919
-0.693345
-0.660982
-0.630476
-0.603397
-0.579428
-0.558102
-0.539002
-0.521773
-0.506115
-0.491772
-0.478528
-0.466201
-0.454635
-0.443697
-0.433268
-0.423242
-0.413518
-0.403992
-0.394554
-0.385073
-0.375392
-0.365312
-0.354573
-0.342835
-0.32965
-0.314429
-0.296415
-0.27468
-0.248245
-0.217484
-0.181207
-0.142736
-0.104509
-0.0653322
-0.0335203
0.0112739
0.0364987
0.0660012
0.0936145
0.121519
0.15029
0.178138
0.207692
0.237948
0.268475
0.29971
0.332534
0.36726
0.404393
0.444272
-0.71069
-0.678539
-0.648114
-0.621085
-0.597169
-0.5759
-0.55686
-0.539691
-0.52409
-0.509801
-0.496607
-0.484326
-0.472801
-0.4619
-0.451506
-0.441514
-0.431825
-0.422339
-0.412947
-0.403525
-0.393921
-0.383944
-0.373347
-0.361806
-0.348899
-0.334076
-0.316629
-0.29568
-0.270244
-0.240308
-0.204576
-0.16655
-0.127947
-0.0896263
-0.0558901
-0.0101152
0.0178339
0.0475793
0.075037
0.102784
0.131506
0.159058
0.188471
0.218572
0.248887
0.279868
0.312451
0.346939
0.383907
0.423826
-0.727393
-0.695443
-0.665105
-0.638137
-0.614283
-0.593083
-0.574114
-0.557015
-0.541482
-0.527256
-0.514119
-0.501889
-0.49041
-0.47955
-0.469194
-0.459239
-0.449587
-0.440142
-0.430798
-0.421437
-0.411915
-0.402047
-0.391601
-0.38027
-0.367655
-0.353244
-0.336384
-0.316266
-0.291931
-0.262747
-0.22835
-0.19091
-0.152242
-0.113801
-0.077851
-0.0481337
-0.0022192
0.0294782
0.0567828
0.08436
0.113046
0.140278
0.169548
0.199491
0.229584
0.2603
0.292632
0.326868
0.363651
0.403586
-0.743477
-0.711715
-0.681471
-0.654573
-0.630793
-0.609673
-0.590786
-0.573769
-0.558313
-0.544159
-0.531087
-0.518914
-0.507485
-0.49667
-0.486355
-0.476439
-0.466826
-0.457423
-0.44813
-0.438832
-0.429393
-0.419641
-0.409352
-0.398238
-0.385924
-0.37193
-0.355654
-0.336358
-0.313156
-0.285137
-0.251881
-0.214811
-0.17612
-0.137322
-0.0997064
-0.0670675
-0.0273177
0.0116772
0.0388482
0.0662447
0.09491
0.121796
0.150925
0.180706
0.21057
0.241008
0.273079
0.30705
0.343632
0.383556
-0.758968
-0.727382
-0.697239
-0.670421
-0.646727
-0.625698
-0.606906
-0.589982
-0.574614
-0.560539
-0.547539
-0.53543
-0.524057
-0.51329
-0.503019
-0.493142
-0.483569
-0.474209
-0.464967
-0.455733
-0.44638
-0.436744
-0.426616
-0.415725
-0.403717
-0.39014
-0.374433
-0.355917
-0.333786
-0.307078
-0.274706
-0.238265
-0.199986
-0.161056
-0.122321
-0.0853143
-0.0488405
-0.00876414
0.0212042
0.0484332
0.0770965
0.10361
0.132599
0.162217
0.191844
0.221995
0.253795
0.287488
0.323852
0.363738
-0.773899
-0.742477
-0.71244
-0.685713
-0.662116
-0.641192
-0.622507
-0.605686
-0.590415
-0.57643
-0.563509
-0.551468
-0.540155
-0.52944
-0.519214
-0.509379
-0.499846
-0.490529
-0.481337
-0.472167
-0.462898
-0.453378
-0.443412
-0.432746
-0.421048
-0.407889
-0.392736
-0.374946
-0.353783
-0.328359
-0.297281
-0.26204
-0.224243
-0.185329
-0.146202
-0.107673
-0.0711799
-0.0413752
0.0037999
0.0309203
0.0596048
0.0857164
0.11457
0.144024
0.173408
0.203262
0.234784
0.268186
0.304314
0.344136
-0.788303
-0.757035
-0.72711
-0.700485
-0.676997
-0.656189
-0.637622
-0.620917
-0.605753
-0.591865
-0.57903
-0.567063
-0.555813
-0.545152
-0.534972
-0.525179
-0.515686
-0.506412
-0.497268
-0.48816
-0.478974
-0.469567
-0.459758
-0.449313
-0.437923
-0.425187
-0.410595
-0.393519
-0.373232
-0.348927
-0.319726
-0.285542
-0.248164
-0.209406
-0.170183
-0.131103
-0.0933532
-0.0609427
-0.017859
0.0136639
0.0424334
0.0681135
0.0968367
0.126126
0.155262
0.18481
0.216047
0.249146
0.285022
0.324753
-0.802217
-0.771093
-0.741285
-0.714771
-0.691404
-0.670726
-0.652289
-0.63571
-0.620663
-0.60688
-0.594136
-0.582248
-0.571064
-0.560458
-0.550325
-0.540573
-0.53112
-0.521886
-0.512789
-0.50374
-0.494631
-0.485332
-0.475675
-0.465441
-0.454348
-0.442025
-0.427997
-0.411664
-0.392302
-0.369089
-0.341404
-0.308265
-0.271745
-0.233424
-0.19425
-0.154822
-0.115913
-0.079483
-0.040647
-0.00578379
0.0255616
0.0507974
0.0793978
0.108524
0.137407
0.16664
0.197586
0.230372
0.26598
0.305592
-0.815677
-0.784687
-0.755001
-0.72861
-0.705377
-0.684839
-0.666545
-0.650102
-0.63518
-0.621508
-0.608861
-0.597055
-0.585938
-0.575389
-0.565303
-0.555592
-0.546176
-0.536981
-0.527928
-0.518934
-0.509898
-0.5007
-0.491183
-0.481148
-0.470333
-0.458398
-0.444907
-0.429305
-0.410905
-0.388872
-0.362376
-0.330686
-0.295021
-0.257016
-0.217947
-0.17847
-0.139123
-0.100717
-0.0635987
-0.0332685
0.00896023
0.0337645
0.0622517
0.0912164
0.119842
0.148753
0.179403
0.211864
0.247189
0.286653
-0.828719
-0.797853
-0.768295
-0.742038
-0.71895
-0.698566
-0.680425
-0.664128
-0.64934
-0.635785
-0.623238
-0.611516
-0.600469
-0.589976
-0.579936
-0.570264
-0.560884
-0.551724
-0.542711
-0.533767
-0.524799
-0.515694
-0.506308
-0.496457
-0.485898
-0.47432
-0.461321
-0.446393
-0.428902
-0.408049
-0.382843
-0.352421
-0.317596
-0.280201
-0.241422
-0.201944
-0.162403
-0.123546
-0.0860402
-0.0534497
-0.010582
0.0169858
0.0453963
0.074202
0.102566
0.131149
0.161499
0.193624
0.228651
0.26794
-0.841378
-0.810628
-0.781203
-0.75509
-0.73216
-0.711942
-0.693965
-0.677823
-0.663175
-0.649742
-0.637299
-0.625662
-0.614684
-0.604246
-0.594251
-0.584616
-0.575269
-0.566141
-0.557165
-0.548267
-0.53936
-0.53034
-0.521074
-0.511392
-0.501069
-0.489817
-0.477262
-0.462937
-0.446258
-0.426489
-0.402614
-0.373371
-0.339787
-0.30324
-0.264879
-0.225568
-0.185817
-0.14629
-0.108226
-0.0733061
-0.0429954
0.000417686
0.0288293
0.0574798
0.0855801
0.113827
0.143873
0.175655
0.21037
0.249454
-0.853688
-0.823047
-0.79376
-0.767803
-0.745044
-0.725003
-0.7072
-0.69122
-0.676718
-0.663411
-0.651073
-0.639521
-0.628612
-0.618228
-0.608275
-0.598674
-0.589357
-0.580259
-0.571315
-0.562457
-0.553605
-0.544661
-0.535505
-0.525977
-0.515873
-0.504921
-0.492774
-0.478988
-0.463015
-0.444177
-0.421558
-0.393865
-0.361543
-0.325697
-0.287752
-0.248712
-0.20911
-0.169454
-0.130307
-0.0931675
-0.0617631
-0.0211417
0.012509
0.0410479
0.068882
0.0967877
0.126528
0.157957
0.192347
0.231195
-0.865682
-0.835144
-0.806001
-0.780211
-0.757634
-0.737781
-0.720162
-0.704352
-0.689999
-0.676821
-0.664588
-0.653122
-0.642279
-0.631946
-0.622033
-0.612464
-0.603174
-0.594101
-0.585185
-0.576363
-0.567558
-0.558682
-0.549623
-0.540235
-0.530329
-0.519657
-0.507892
-0.494616
-0.479297
-0.461279
-0.439738
-0.413689
-0.382571
-0.347687
-0.310411
-0.271708
-0.232177
-0.192371
-0.153054
-0.114638
-0.0784873
-0.0416517
-0.00615999
0.024885
0.0524706
0.0800296
0.109463
0.14053
0.174582
0.213164
-0.877393
-0.84695
-0.817958
-0.792347
-0.769964
-0.750311
-0.732884
-0.717249
-0.70305
-0.69
-0.677873
-0.666489
-0.65571
-0.645426
-0.63555
-0.626009
-0.616742
-0.607691
-0.5988
-0.590008
-0.581245
-0.572429
-0.563455
-0.55419
-0.544461
-0.53404
-0.522629
-0.509837
-0.495161
-0.47796
-0.457432
-0.432709
-0.402987
-0.369143
-0.332447
-0.294105
-0.25483
-0.215096
-0.175346
-0.136405
-0.0987652
-0.0624236
-0.0318062
0.00897164
0.036344
0.0635519
0.0926777
0.123375
0.157079
0.195363
-0.888848
-0.858498
-0.829663
-0.804242
-0.782067
-0.762623
-0.745395
-0.72994
-0.715897
-0.702976
-0.690952
-0.679649
-0.66893
-0.658691
-0.648848
-0.639332
-0.630086
-0.621054
-0.612184
-0.603418
-0.594691
-0.585926
-0.577026
-0.567869
-0.558295
-0.548096
-0.536999
-0.524646
-0.510571
-0.494167
-0.474644
-0.451045
-0.422627
-0.389715
-0.353776
-0.31597
-0.276988
-0.237367
-0.197712
-0.158326
-0.119707
-0.0829948
-0.0511681
-0.0100467
0.0204763
0.0473531
0.0761716
0.106492
0.139837
0.17779
-0.900072
-0.869812
-0.841143
-0.815927
-0.793971
-0.774747
-0.757725
-0.742454
-0.728566
-0.715773
-0.70385
-0.692623
-0.681961
-0.671763
-0.66195
-0.652456
-0.643228
-0.634212
-0.625359
-0.616616
-0.607919
-0.599199
-0.590363
-0.5813
-0.571861
-0.561855
-0.551031
-0.539063
-0.525523
-0.50985
-0.491284
-0.468801
-0.441448
-0.40966
-0.374652
-0.337413
-0.298799
-0.259335
-0.219508
-0.179991
-0.141014
-0.102966
-0.0692511
-0.0390345
0.00483842
0.0314312
0.0599441
0.0898809
0.122858
0.160447
-0.911082
-0.880912
-0.852421
-0.827424
-0.8057
-0.786704
-0.769895
-0.75481
-0.741079
-0.728411
-0.716585
-0.70543
-0.694821
-0.684661
-0.674873
-0.665399
-0.656185
-0.647183
-0.638346
-0.629621
-0.620951
-0.612269
-0.60349
-0.594508
-0.585188
-0.575351
-0.564764
-0.553126
-0.540044
-0.525005
-0.507305
-0.485915
-0.459661
-0.429069
-0.394863
-0.358158
-0.319958
-0.280821
-0.241241
-0.201516
-0.162177
-0.123482
-0.0872256
-0.057374
-0.0148033
0.0157549
0.0439939
0.0735407
0.106141
0.143332
-0.921884
-0.891809
-0.863509
-0.838745
-0.817268
-0.79851
-0.781918
-0.767022
-0.753446
-0.740901
-0.729167
-0.718081
-0.70752
-0.697393
-0.687629
-0.67817
-0.668969
-0.659979
-0.651154
-0.642445
-0.633798
-0.625149
-0.616419
-0.607509
-0.598293
-0.588605
-0.578228
-0.566877
-0.554185
-0.539676
-0.522707
-0.502323
-0.477291
-0.447753
-0.414432
-0.378534
-0.340875
-0.30203
-0.262517
-0.222918
-0.183469
-0.144315
-0.106622
-0.0726706
-0.044735
-0.000819878
0.0283119
0.0574708
0.0896885
0.126446
-0.932484
-0.902511
-0.874419
-0.849907
-0.828689
-0.810181
-0.793812
-0.779106
-0.765684
-0.753258
-0.741613
-0.73059
-0.720072
-0.709975
-0.700231
-0.690787
-0.681596
-0.672616
-0.663802
-0.655108
-0.646481
-0.637861
-0.629173
-0.620326
-0.611202
-0.601647
-0.591459
-0.580368
-0.568023
-0.553968
-0.537602
-0.51809
-0.494328
-0.465898
-0.433644
-0.398454
-0.361225
-0.32273
-0.283467
-0.243801
-0.204237
-0.165028
-0.126605
-0.0899468
-0.0605609
-0.0218917
0.012884
0.0416697
0.0734993
0.109787
-0.942876
-0.913016
-0.885151
-0.86091
-0.83997
-0.821722
-0.805584
-0.791069
-0.777799
-0.765489
-0.753928
-0.742964
-0.732487
-0.722416
-0.712689
-0.703258
-0.694077
-0.685106
-0.676302
-0.667621
-0.659012
-0.650417
-0.641766
-0.632973
-0.62393
-0.614494
-0.604477
-0.59363
-0.581616
-0.567992
-0.552175
-0.5334
-0.51077
-0.483561
-0.452253
-0.417685
-0.380959
-0.342828
-0.303819
-0.264444
-0.224875
-0.185456
-0.146628
-0.109054
-0.0744996
-0.0399507
-0.00482072
0.0261196
0.0575738
0.0933534
-0.953043
-0.92331
-0.895696
-0.871751
-0.851106
-0.833132
-0.81723
-0.802909
-0.78979
-0.777592
-0.766111
-0.755202
-0.744761
-0.734714
-0.725003
-0.715582
-0.70641
-0.697448
-0.688654
-0.679986
-0.671394
-0.662821
-0.654203
-0.645457
-0.636483
-0.62715
-0.617285
-0.606659
-0.594958
-0.58176
-0.566498
-0.548424
-0.526677
-0.500576
-0.470136
-0.436419
-0.400389
-0.362694
-0.32386
-0.284395
-0.244914
-0.205557
-0.166459
-0.128206
-0.0921087
-0.0572377
-0.0271284
0.0108152
0.0419114
0.0771451
-0.962965
-0.933376
-0.90604
-0.882416
-0.862088
-0.844401
-0.828743
-0.814618
-0.801649
-0.78956
-0.778154
-0.767296
-0.756888
-0.746862
-0.737165
-0.727755
-0.718591
-0.709637
-0.700854
-0.692198
-0.683622
-0.675071
-0.666481
-0.657777
-0.648862
-0.639617
-0.629884
-0.619453
-0.608035
-0.595236
-0.580513
-0.563131
-0.542199
-0.517031
-0.48754
-0.454654
-0.41915
-0.38183
-0.343343
-0.304107
-0.264482
-0.225101
-0.185811
-0.147421
-0.110059
-0.0749088
-0.0440661
-0.00752665
0.0264914
0.06116
-0.972607
-0.943183
-0.916155
-0.892879
-0.872889
-0.855503
-0.840095
-0.826167
-0.813345
-0.80136
-0.790026
-0.779214
-0.768836
-0.758829
-0.749144
-0.739743
-0.730587
-0.721642
-0.712869
-0.704225
-0.695664
-0.687133
-0.67857
-0.669901
-0.661038
-0.651867
-0.642246
-0.631981
-0.620811
-0.608371
-0.594147
-0.577421
-0.557269
-0.532899
-0.504389
-0.472259
-0.43729
-0.400426
-0.362285
-0.323355
-0.284076
-0.244486
-0.205144
-0.16624
-0.128408
-0.0926698
-0.0593612
-0.030511
0.0113096
0.0453962
-0.981976
-0.952743
-0.926053
-0.903153
-0.883522
-0.866448
-0.851296
-0.837564
-0.824885
-0.812999
-0.801731
-0.790962
-0.780611
-0.770621
-0.760948
-0.751555
-0.742408
-0.733471
-0.724708
-0.716077
-0.707532
-0.69902
-0.690482
-0.681845
-0.673025
-0.663918
-0.654389
-0.644264
-0.633305
-0.621177
-0.607401
-0.591283
-0.571883
-0.548307
-0.52065
-0.489223
-0.455027
-0.418813
-0.381071
-0.342256
-0.302929
-0.263601
-0.224004
-0.185036
-0.146689
-0.109809
-0.07569
-0.0462388
-0.00687007
0.0298321
-0.991067
-0.962056
-0.935742
-0.91325
-0.894
-0.877252
-0.86236
-0.848824
-0.836285
-0.824495
-0.81329
-0.802561
-0.792235
-0.78226
-0.772599
-0.763215
-0.754077
-0.745151
-0.7364
-0.727782
-0.719253
-0.710761
-0.702246
-0.693639
-0.684858
-0.675804
-0.666354
-0.656344
-0.64556
-0.633698
-0.620316
-0.604753
-0.586067
-0.563288
-0.536409
-0.505818
-0.472363
-0.43665
-0.399292
-0.360806
-0.321577
-0.282049
-0.242672
-0.203234
-0.164541
-0.12723
-0.0923171
-0.0598635
-0.032253
0.0144471
-0.999845
-0.971093
-0.945197
-0.923149
-0.904306
-0.887899
-0.873274
-0.859934
-0.847533
-0.835835
-0.82469
-0.813999
-0.803698
-0.79374
-0.784091
-0.774718
-0.765591
-0.756677
-0.747939
-0.739337
-0.730825
-0.722353
-0.713862
-0.705283
-0.696538
-0.687532
-0.678148
-0.668234
-0.657593
-0.645951
-0.632903
-0.617835
-0.599824
-0.577841
-0.551729
-0.522025
-0.489243
-0.453946
-0.416934
-0.378826
-0.34005
-0.30069
-0.261144
-0.221751
-0.182712
-0.144603
-0.108515
-0.0747625
-0.0625556
-0.00354311
-1.00826
-0.979807
-0.954379
-0.932818
-0.914411
-0.898362
-0.884011
-0.87087
-0.858605
-0.846999
-0.835913
-0.82526
-0.814985
-0.805046
-0.795411
-0.786052
-0.776939
-0.768039
-0.759317
-0.750733
-0.742241
-0.733791
-0.725324
-0.716774
-0.708064
-0.699102
-0.689776
-0.679944
-0.669421
-0.657955
-0.645181
-0.630535
-0.613143
-0.59196
-0.56669
-0.537794
-0.505636
-0.470991
-0.434549
-0.39675
-0.358087
-0.319058
-0.279596
-0.240189
-0.200804
-0.162233
-0.125209
-0.090701
-0.0726557
-0.0278505
-1.0162
-0.988103
-0.963195
-0.942163
-0.924223
-0.908548
-0.894478
-0.881537
-0.869409
-0.857894
-0.846867
-0.836255
-0.826007
-0.81609
-0.806474
-0.797132
-0.788036
-0.779154
-0.770451
-0.761887
-0.753418
-0.744992
-0.736552
-0.728032
-0.719356
-0.710435
-0.701163
-0.691403
-0.68098
-0.669658
-0.6571
-0.642801
-0.625959
-0.605559
-0.581163
-0.553065
-0.521653
-0.487735
-0.45186
-0.41446
-0.375951
-0.336831
-0.29765
-0.258128
-0.218912
-0.17997
-0.142037
-0.106517
-0.0796311
-0.0577351
-1.02368
-0.995985
-0.971649
-0.951187
-0.933737
-0.91845
-0.904665
-0.891925
-0.879933
-0.86851
-0.857546
-0.846977
-0.836762
-0.826872
-0.81728
-0.807961
-0.798887
-0.790028
-0.781349
-0.77281
-0.764367
-0.755969
-0.747557
-0.739068
-0.730427
-0.721547
-0.712326
-0.702634
-0.692304
-0.681108
-0.668729
-0.6547
-0.638324
-0.618679
-0.595185
-0.56788
-0.53728
-0.503972
-0.468494
-0.431456
-0.393322
-0.354415
-0.315119
-0.275883
-0.236495
-0.197422
-0.159028
-0.122142
-0.0896538
-0.0669439
-1.03067
-1.00343
-0.979729
-0.95988
-0.942948
-0.928061
-0.914568
-0.902031
-0.890179
-0.878851
-0.867955
-0.857437
-0.847263
-0.837408
-0.827848
-0.818559
-0.809515
-0.800685
-0.792037
-0.783529
-0.775118
-0.766752
-0.758375
-0.749921
-0.741316
-0.732478
-0.723306
-0.713679
-0.703439
-0.692371
-0.680167
-0.666385
-0.650392
-0.631404
-0.608791
-0.582325
-0.552471
-0.519682
-0.484581
-0.447883
-0.410108
-0.371663
-0.33259
-0.293272
-0.253982
-0.214953
-0.176247
-0.138407
-0.103346
-0.07391
-1.03709
-1.01038
-0.987363
-0.968173
-0.951787
-0.937315
-0.924121
-0.911793
-0.900086
-0.888861
-0.878042
-0.867585
-0.857463
-0.847653
-0.838136
-0.828887
-0.819882
-0.811092
-0.802482
-0.794013
-0.785641
-0.777315
-0.768978
-0.760565
-0.752003
-0.743209
-0.734087
-0.724522
-0.714366
-0.70342
-0.691397
-0.677874
-0.662252
-0.643798
-0.621898
-0.596205
-0.567056
-0.534866
-0.500414
-0.464232
-0.426701
-0.388325
-0.3496
-0.310373
-0.271243
-0.231942
-0.193086
-0.154818
-0.118248
-0.0846823
-1.04281
-1.01669
-0.994438
-0.975958
-0.960148
-0.946109
-0.933223
-0.921112
-0.90956
-0.89845
-0.887721
-0.877339
-0.867282
-0.857532
-0.84807
-0.838875
-0.829922
-0.821182
-0.812621
-0.804201
-0.795879
-0.787603
-0.779315
-0.770951
-0.762438
-0.753694
-0.744626
-0.735122
-0.725046
-0.714213
-0.702359
-0.689087
-0.673826
-0.655856
-0.634554
-0.609585
-0.58113
-0.549686
-0.515909
-0.480244
-0.443072
-0.404806
-0.365993
-0.327025
-0.28774
-0.248674
-0.209885
-0.171369
-0.133557
-0.0972829
-1.04771
-1.02224
-1.0008
-0.983071
-0.967858
-0.95426
-0.94169
-0.929803
-0.918415
-0.907432
-0.896807
-0.886516
-0.87654
-0.866866
-0.857475
-0.848347
-0.839459
-0.830781
-0.822282
-0.813924
-0.805662
-0.797446
-0.789218
-0.780914
-0.77246
-0.763774
-0.754764
-0.745324
-0.735324
-0.724594
-0.712891
-0.69985
-0.684926
-0.667414
-0.646665
-0.622412
-0.594656
-0.563926
-0.53072
-0.495487
-0.458718
-0.420815
-0.382112
-0.343158
-0.304035
-0.265023
-0.226009
-0.187331
-0.149122
-0.110156
-1.05183
-1.02708
-1.00652
-0.989559
-0.974956
-0.961806
-0.949556
-0.937902
-0.926691
-0.91585
-0.905347
-0.895164
-0.885288
-0.875707
-0.866404
-0.857361
-0.848553
-0.839954
-0.831531
-0.823248
-0.815059
-0.806917
-0.798762
-0.79053
-0.782147
-0.773531
-0.764591
-0.755221
-0.745298
-0.734667
-0.723103
-0.71027
-0.695656
-0.678573
-0.658365
-0.634767
-0.607716
-0.577643
-0.544939
-0.51008
-0.473679
-0.436225
-0.397934
-0.359018
-0.320072
-0.280867
-0.241923
-0.203217
-0.164616
-0.12436
-1.0551
-1.03112
-1.01148
-0.995332
-0.981351
-0.968655
-0.956732
-0.945321
-0.934301
-0.92362
-0.913258
-0.903204
-0.893448
-0.883979
-0.874784
-0.865843
-0.857134
-0.84863
-0.840301
-0.832108
-0.824009
-0.815955
-0.807889
-0.799744
-0.791449
-0.782918
-0.77406
-0.764773
-0.754936
-0.744404
-0.732972
-0.720333
-0.706007
-0.689327
-0.669623
-0.646617
-0.62026
-0.590865
-0.55875
-0.524481
-0.488537
-0.451342
-0.413385
-0.374741
-0.335685
-0.296675
-0.257816
-0.219025
-0.180159
-0.13893
-1.05738
-1.03425
-1.01558
-1.00027
-0.986919
-0.974682
-0.963094
-0.951939
-0.941127
-0.930627
-0.920427
-0.910524
-0.90091
-0.891576
-0.882509
-0.873691
-0.865101
-0.856712
-0.848493
-0.840409
-0.832418
-0.82447
-0.81651
-0.808472
-0.800281
-0.791855
-0.783099
-0.773911
-0.764174
-0.753749
-0.74245
-0.729997
-0.715947
-0.699659
-0.680452
-0.65801
-0.63234
-0.603633
-0.57224
-0.538669
-0.503266
-0.466366
-0.428444
-0.390051
-0.351138
-0.312205
-0.273099
-0.234145
-0.195278
-0.153753
-1.05854
-1.0363
-1.01863
-1.00415
-0.991437
-0.979657
-0.968406
-0.957516
-0.946927
-0.936624
-0.926606
-0.916873
-0.90742
-0.898241
-0.889321
-0.880645
-0.872191
-0.863935
-0.855845
-0.847887
-0.84002
-0.832196
-0.824358
-0.816443
-0.808376
-0.800073
-0.791439
-0.78237
-0.772751
-0.762446
-0.751283
-0.739011
-0.725224
-0.709318
-0.690613
-0.668758
-0.64377
-0.61573
-0.585055
-0.552124
-0.517248
-0.480764
-0.443056
-0.40464
-0.365957
-0.326919
-0.287924
-0.249045
-0.209949
-0.168217
-1.05875
-1.03742
-1.02077
-1.00713
-0.995036
-0.983704
-0.972791
-0.962172
-0.951818
-0.941728
-0.931909
-0.922363
-0.913091
-0.904083
-0.895329
-0.886812
-0.878512
-0.870405
-0.86246
-0.854645
-0.846919
-0.839234
-0.831537
-0.823762
-0.815836
-0.807676
-0.799185
-0.790259
-0.780779
-0.770614
-0.759601
-0.747512
-0.733982
-0.718446
-0.70024
-0.678986
-0.654672
-0.627337
-0.597336
-0.564979
-0.530591
-0.494571
-0.457271
-0.419032
-0.380428
-0.341435
-0.302537
-0.2636
-0.22436
-0.182178
-1.05796
-1.03759
-1.02196
-1.00915
-0.997664
-0.986772
-0.976195
-0.965855
-0.955746
-0.945883
-0.936278
-0.926937
-0.91786
-0.909041
-0.900469
-0.892127
-0.883997
-0.876054
-0.868271
-0.860615
-0.853045
-0.845516
-0.837975
-0.830358
-0.822592
-0.814594
-0.806268
-0.797508
-0.788194
-0.778193
-0.76735
-0.755456
-0.742185
-0.727019
-0.709315
-0.688666
-0.665021
-0.638419
-0.609118
-0.577344
-0.543444
-0.507895
-0.471098
-0.433259
-0.394691
-0.35591
-0.316915
-0.277732
-0.23843
-0.196265
-1.05602
-1.03664
-1.02204
-1.01005
-0.999151
-0.988689
-0.978447
-0.96839
-0.958537
-0.948913
-0.939535
-0.930412
-0.921545
-0.912929
-0.904552
-0.8964
-0.888454
-0.880691
-0.873083
-0.865599
-0.8582
-0.850842
-0.843472
-0.836029
-0.82844
-0.820623
-0.812483
-0.803913
-0.794791
-0.784984
-0.774339
-0.762659
-0.749656
-0.734867
-0.717683
-0.697665
-0.674695
-0.648845
-0.62028
-0.58918
-0.555937
-0.520913
-0.484489
-0.447062
-0.408749
-0.370029
-0.330968
-0.291898
-0.25247
-0.210107
-1.05307
-1.03467
-1.02109
-1.00989
-0.999547
-0.989494
-0.979578
-0.969803
-0.960208
-0.950827
-0.941682
-0.932784
-0.924133
-0.915727
-0.907553
-0.899599
-0.891845
-0.884269
-0.876845
-0.869543
-0.862324
-0.855145
-0.847956
-0.840697
-0.833296
-0.825673
-0.817733
-0.80937
-0.800463
-0.790875
-0.780455
-0.769013
-0.75629
-0.741881
-0.725228
-0.705872
-0.683613
-0.658507
-0.630661
-0.600319
-0.567823
-0.533416
-0.497376
-0.460158
-0.422142
-0.383429
-0.344558
-0.30554
-0.266036
-0.223423
-1.04929
-1.03188
-1.01929
-1.00883
-0.999022
-0.989359
-0.979758
-0.970261
-0.960924
-0.951788
-0.942878
-0.934208
-0.925778
-0.917585
-0.90962
-0.901867
-0.894311
-0.886928
-0.879694
-0.872579
-0.865546
-0.858554
-0.851553
-0.844484
-0.83728
-0.82986
-0.822132
-0.813989
-0.805313
-0.795969
-0.785802
-0.774629
-0.76221
-0.74819
-0.732074
-0.713399
-0.691891
-0.667545
-0.640437
-0.610868
-0.579102
-0.545348
-0.509843
-0.472939
-0.43517
-0.396661
-0.357816
-0.318618
-0.279026
-0.236472
-1.0446
-1.02819
-1.01658
-1.00684
-0.997531
-0.988241
-0.978947
-0.969724
-0.960643
-0.951752
-0.94308
-0.934639
-0.926432
-0.918456
-0.910701
-0.903155
-0.895799
-0.888613
-0.881572
-0.874648
-0.867806
-0.861005
-0.854197
-0.847325
-0.840323
-0.833113
-0.825604
-0.817693
-0.809262
-0.800178
-0.790289
-0.779417
-0.767336
-0.753727
-0.738155
-0.720163
-0.699424
-0.675868
-0.649569
-0.620782
-0.589734
-0.556651
-0.521776
-0.485371
-0.44783
-0.409618
-0.370772
-0.331586
-0.291925
-0.249328
-1.039
-1.02358
-1.01291
-1.00384
-0.995003
-0.986062
-0.977061
-0.968103
-0.959273
-0.950622
-0.942183
-0.933967
-0.92598
-0.918218
-0.910671
-0.903327
-0.896169
-0.889178
-0.882329
-0.875595
-0.868942
-0.862331
-0.855715
-0.849039
-0.842239
-0.835239
-0.827951
-0.820273
-0.812091
-0.803273
-0.793672
-0.783117
-0.771395
-0.758219
-0.743189
-0.725861
-0.705893
-0.683147
-0.657698
-0.629723
-0.599413
-0.567026
-0.532837
-0.49707
-0.459962
-0.421997
-0.383274
-0.344215
-0.304525
-0.261715
-1.03284
-1.01839
-1.00861
-1.00018
-0.991776
-0.983163
-0.97444
-0.965738
-0.95715
-0.948733
-0.94052
-0.932524
-0.924751
-0.917197
-0.909853
-0.902707
-0.895743
-0.888943
-0.882282
-0.875733
-0.869266
-0.86284
-0.856413
-0.849929
-0.843328
-0.836534
-0.829464
-0.822017
-0.814083
-0.805532
-0.796221
-0.785987
-0.77463
-0.761891
-0.747407
-0.73074
-0.71155
-0.689645
-0.665065
-0.63793
-0.608419
-0.576797
-0.543336
-0.508284
-0.471776
-0.434087
-0.395655
-0.356651
-0.316898
-0.274059
-1.02602
-1.01255
-1.00365
-0.995815
-0.987811
-0.979508
-0.971054
-0.9626
-0.954248
-0.946059
-0.938067
-0.930286
-0.922722
-0.915371
-0.908226
-0.901274
-0.8945
-0.887886
-0.881409
-0.875043
-0.868756
-0.862513
-0.85627
-0.849976
-0.843569
-0.836978
-0.830121
-0.822902
-0.815212
-0.806925
-0.797904
-0.78799
-0.776997
-0.764692
-0.750749
-0.734754
-0.716351
-0.695318
-0.671631
-0.645384
-0.616777
-0.586041
-0.553362
-0.518984
-0.483155
-0.44597
-0.407847
-0.368842
-0.329025
-0.286302
-1.01855
-1.00605
-0.997978
-0.990691
-0.98306
-0.975047
-0.966848
-0.958631
-0.950507
-0.942538
-0.934759
-0.927186
-0.919823
-0.912669
-0.905715
-0.89895
-0.892359
-0.885924
-0.879623
-0.873432
-0.86732
-0.861252
-0.855187
-0.849073
-0.842853
-0.836458
-0.829806
-0.822806
-0.81535
-0.807319
-0.798578
-0.788974
-0.778334
-0.766444
-0.753018
-0.737681
-0.720059
-0.699904
-0.677133
-0.65182
-0.624164
-0.594353
-0.562538
-0.528894
-0.49371
-0.457118
-0.419338
-0.380586
-0.340908
-0.2981
-1.01073
-0.999186
-0.99191
-0.985134
-0.977849
-0.970111
-0.962156
-0.954169
-0.946265
-0.938509
-0.930937
-0.923565
-0.916397
-0.909433
-0.902664
-0.89608
-0.889665
-0.883404
-0.877274
-0.871252
-0.865309
-0.85941
-0.853515
-0.847575
-0.841535
-0.835327
-0.828873
-0.822082
-0.814853
-0.807067
-0.798595
-0.789291
-0.77899
-0.767496
-0.754559
-0.739846
-0.722988
-0.703704
-0.681867
-0.657527
-0.630836
-0.601967
-0.571082
-0.538315
-0.50385
-0.467949
-0.430625
-0.392258
-0.352749
-0.309967
-1.00228
-0.991693
-0.985169
-0.978863
-0.971898
-0.964418
-0.956696
-0.94893
-0.941238
-0.933688
-0.926314
-0.919135
-0.912156
-0.905374
-0.898783
-0.892372
-0.886127
-0.880032
-0.874066
-0.868206
-0.862423
-0.856685
-0.850953
-0.845179
-0.83931
-0.833279
-0.827013
-0.820422
-0.813407
-0.805854
-0.797636
-0.788615
-0.778633
-0.767511
-0.755025
-0.740884
-0.724742
-0.706298
-0.685394
-0.662029
-0.636314
-0.608414
-0.578504
-0.546713
-0.513138
-0.477987
-0.441311
-0.403348
-0.364005
-0.32134
-0.993727
-0.984077
-0.978262
-0.972386
-0.965717
-0.958481
-0.950982
-0.943429
-0.935942
-0.92859
-0.921409
-0.914417
-0.907619
-0.901013
-0.894594
-0.88835
-0.882268
-0.876333
-0.870524
-0.864819
-0.85919
-0.853607
-0.84803
-0.842415
-0.836709
-0.830848
-0.82476
-0.818358
-0.811547
-0.804215
-0.796239
-0.787485
-0.777803
-0.767025
-0.754953
-0.741331
-0.725844
-0.708194
-0.688192
-0.665795
-0.641077
-0.614183
-0.585278
-0.55451
-0.521941
-0.487643
-0.45177
-0.414312
-0.375216
-0.332741
-0.984594
-0.975893
-0.970754
-0.965279
-0.958887
-0.951885
-0.944604
-0.937258
-0.929971
-0.922813
-0.915821
-0.909011
-0.90239
-0.895957
-0.889705
-0.883624
-0.877702
-0.871922
-0.866266
-0.860711
-0.855233
-0.849799
-0.844373
-0.838911
-0.833362
-0.827665
-0.821749
-0.81553
-0.808914
-0.801794
-0.794051
-0.785551
-0.776154
-0.7657
-0.754009
-0.74086
-0.725972
-0.70906
-0.68992
-0.668478
-0.644782
-0.618942
-0.59109
-0.561373
-0.529879
-0.496598
-0.461625
-0.42486
-0.3863
-0.344081
-0.975443
-0.96766
-0.963144
-0.958027
-0.95189
-0.945109
-0.938035
-0.930888
-0.923795
-0.916824
-0.910012
-0.903378
-0.896928
-0.89066
-0.884569
-0.878645
-0.872876
-0.867245
-0.861735
-0.856326
-0.85099
-0.845699
-0.840417
-0.835102
-0.829703
-0.824161
-0.818408
-0.812362
-0.805932
-0.799012
-0.791487
-0.783229
-0.774098
-0.763944
-0.7526
-0.739871
-0.725512
-0.70926
-0.690908
-0.670366
-0.647657
-0.622863
-0.596089
-0.567443
-0.53703
-0.504845
-0.470848
-0.435004
-0.397135
-0.355331
-0.966102
-0.959234
-0.955304
-0.950519
-0.944622
-0.938055
-0.931183
-0.924231
-0.917326
-0.910538
-0.903904
-0.897443
-0.89116
-0.885054
-0.879121
-0.87335
-0.86773
-0.862245
-0.856879
-0.85161
-0.846414
-0.841263
-0.836121
-0.830948
-0.825694
-0.820304
-0.814708
-0.80883
-0.802578
-0.795853
-0.788539
-0.780511
-0.771636
-0.761767
-0.750749
-0.738403
-0.724519
-0.708859
-0.691227
-0.671526
-0.64976
-0.625991
-0.600307
-0.572791
-0.543502
-0.512475
-0.479594
-0.444795
-0.407733
-0.366496
-0.956305
-0.950338
-0.946944
-0.942459
-0.936786
-0.930421
-0.923743
-0.916979
-0.910256
-0.903645
-0.897182
-0.890887
-0.884766
-0.878817
-0.873036
-0.867413
-0.861937
-0.856593
-0.851365
-0.846232
-0.84117
-0.836153
-0.831145
-0.826108
-0.820994
-0.815748
-0.810303
-0.804584
-0.798504
-0.791962
-0.784849
-0.777042
-0.768409
-0.758809
-0.748092
-0.736096
-0.722632
-0.707493
-0.690497
-0.671553
-0.650659
-0.62786
-0.603228
-0.576834
-0.548711
-0.51886
-0.487195
-0.453531
-0.417426
-0.376917
-0.946661
-0.941571
-0.93867
-0.934457
-0.928994
-0.922823
-0.916332
-0.90975
-0.903205
-0.896766
-0.890471
-0.884338
-0.878374
-0.872578
-0.866945
-0.861466
-0.85613
-0.850923
-0.845829
-0.840828
-0.835897
-0.831009
-0.826132
-0.821227
-0.816248
-0.811141
-0.805843
-0.800278
-0.794362
-0.787999
-0.781079
-0.773483
-0.765083
-0.75574
-0.74531
-0.73364
-0.720559
-0.705883
-0.689453
-0.671186
-0.651085
-0.629192
-0.605562
-0.580256
-0.5533
-0.524654
-0.494246
-0.461822
-0.426896
-0.387313
-0.936805
-0.932581
-0.930132
-0.926167
-0.920903
-0.91492
-0.908613
-0.90221
-0.895838
-0.889569
-0.883438
-0.877464
-0.871655
-0.866008
-0.860521
-0.855183
-0.849985
-0.844912
-0.83995
-0.835078
-0.830275
-0.825515
-0.820765
-0.815989
-0.811142
-0.806172
-0.801015
-0.795601
-0.789846
-0.783655
-0.776924
-0.769534
-0.76136
-0.752268
-0.742115
-0.730754
-0.71803
-0.703778
-0.687856
-0.670196
-0.650811
-0.629748
-0.607062
-0.582801
-0.556984
-0.529563
-0.500431
-0.469355
-0.435782
-0.397359
-0.926869
-0.923478
-0.921435
-0.917694
-0.912617
-0.906815
-0.900685
-0.894455
-0.888253
-0.882148
-0.876177
-0.870358
-0.864699
-0.859199
-0.853853
-0.848653
-0.843589
-0.838647
-0.833812
-0.829067
-0.824388
-0.819752
-0.815126
-0.810475
-0.805756
-0.800918
-0.795899
-0.79063
-0.78503
-0.779007
-0.772457
-0.765267
-0.757312
-0.748461
-0.738575
-0.727512
-0.715124
-0.701261
-0.685796
-0.668678
-0.649932
-0.629613
-0.607782
-0.584494
-0.559759
-0.533526
-0.505669
-0.475974
-0.443831
-0.406748
-0.917025
-0.914443
-0.912765
-0.909228
-0.90433
-0.898703
-0.892746
-0.886686
-0.880649
-0.874705
-0.868891
-0.863225
-0.857714
-0.852357
-0.84715
-0.842085
-0.837153
-0.832339
-0.82763
-0.823008
-0.818452
-0.813936
-0.809432
-0.804905
-0.800311
-0.795601
-0.790717
-0.785591
-0.780142
-0.774282
-0.76791
-0.760914
-0.753173
-0.744558
-0.734933
-0.724159
-0.712094
-0.698598
-0.683558
-0.666933
-0.648763
-0.629113
-0.608052
-0.58565
-0.561926
-0.536821
-0.51021
-0.481882
-0.451234
-0.415653
-0.907104
-0.905293
-0.903936
-0.900584
-0.895855
-0.890397
-0.884608
-0.878713
-0.872838
-0.867052
-0.861392
-0.855875
-0.850507
-0.845291
-0.84022
-0.835288
-0.830484
-0.825796
-0.82121
-0.816709
-0.812272
-0.807875
-0.80349
-0.799082
-0.79461
-0.790027
-0.785274
-0.780285
-0.774985
-0.769284
-0.763085
-0.756279
-0.748747
-0.740362
-0.730992
-0.720499
-0.708748
-0.695605
-0.680965
-0.664798
-0.647154
-0.628106
-0.607737
-0.58613
-0.563323
-0.539266
-0.51383
-0.486827
-0.457703
-0.423756
-0.897401
-0.896327
-0.895254
-0.892072
-0.887504
-0.882211
-0.876587
-0.870854
-0.865139
-0.859509
-0.853999
-0.848629
-0.843405
-0.838327
-0.83339
-0.828588
-0.823911
-0.819347
-0.814883
-0.810501
-0.806182
-0.801902
-0.797634
-0.793345
-0.788994
-0.784534
-0.779911
-0.775059
-0.769903
-0.764359
-0.75833
-0.751711
-0.744384
-0.736227
-0.727109
-0.716895
-0.705453
-0.692656
-0.678404
-0.662674
-0.645524
-0.627034
-0.607294
-0.586407
-0.564429
-0.541331
-0.516988
-0.491247
-0.463613
-0.431377
-0.887848
-0.887464
-0.886635
-0.883608
-0.879196
-0.874063
-0.8686
-0.863028
-0.85747
-0.851993
-0.846632
-0.841407
-0.836324
-0.831382
-0.826578
-0.821905
-0.817354
-0.812913
-0.808568
-0.804304
-0.800102
-0.795938
-0.791785
-0.787612
-0.78338
-0.779043
-0.774547
-0.76983
-0.764817
-0.759428
-0.753567
-0.747132
-0.740009
-0.732077
-0.723208
-0.713271
-0.702136
-0.689681
-0.675812
-0.660507
-0.643832
-0.625871
-0.606718
-0.586487
-0.565259
-0.543028
-0.519683
-0.495111
-0.4689
-0.438403
-0.878357
-0.878621
-0.878001
-0.875117
-0.870854
-0.865877
-0.860572
-0.855156
-0.849752
-0.844425
-0.839212
-0.834129
-0.829184
-0.824377
-0.819704
-0.815158
-0.810731
-0.80641
-0.802184
-0.798036
-0.793948
-0.789898
-0.785859
-0.781801
-0.777686
-0.77347
-0.769099
-0.764514
-0.759643
-0.754405
-0.748709
-0.742455
-0.735533
-0.727822
-0.7192
-0.709537
-0.698707
-0.68659
-0.673099
-0.658214
-0.642001
-0.62455
-0.605954
-0.586336
-0.565792
-0.544346
-0.521904
-0.498399
-0.473519
-0.444744
-0.869189
-0.870049
-0.869607
-0.866855
-0.862737
-0.857912
-0.852762
-0.847501
-0.842249
-0.837072
-0.832004
-0.827063
-0.822256
-0.817582
-0.813038
-0.808619
-0.804314
-0.800113
-0.796004
-0.791972
-0.787998
-0.784061
-0.780135
-0.776192
-0.772193
-0.768096
-0.76385
-0.759396
-0.754664
-0.749577
-0.744046
-0.737972
-0.731249
-0.72376
-0.715383
-0.705994
-0.695468
-0.683692
-0.670579
-0.656113
-0.640362
-0.623415
-0.605366
-0.586337
-0.566438
-0.545714
-0.524095
-0.501559
-0.477901
-0.450784
-0.860031
-0.861434
-0.86114
-0.85851
-0.854531
-0.849854
-0.844856
-0.839746
-0.834644
-0.829614
-0.824689
-0.819887
-0.815215
-0.810672
-0.806257
-0.801961
-0.797777
-0.793695
-0.789702
-0.785783
-0.781921
-0.778095
-0.774282
-0.77045
-0.766566
-0.762587
-0.758463
-0.754138
-0.749544
-0.744606
-0.739236
-0.73334
-0.726812
-0.719541
-0.711408
-0.702289
-0.692066
-0.680627
-0.667891
-0.653842
-0.638548
-0.6221
-0.604588
-0.586135
-0.566852
-0.546803
-0.525937
-0.504275
-0.481713
-0.456152
-0.850574
-0.852469
-0.852295
-0.849777
-0.845929
-0.841394
-0.836541
-0.831577
-0.826619
-0.821729
-0.816941
-0.812273
-0.807731
-0.803315
-0.799022
-0.794846
-0.790779
-0.78681
-0.782928
-0.779119
-0.775365
-0.771646
-0.76794
-0.764216
-0.760442
-0.756575
-0.75257
-0.748368
-0.743906
-0.73911
-0.733895
-0.728169
-0.72183
-0.714768
-0.706868
-0.69801
-0.688079
-0.676965
-0.664591
-0.650943
-0.636089
-0.62012
-0.603123
-0.585219
-0.566519
-0.547093
-0.526908
-0.506018
-0.484406
-0.460245
-0.840728
-0.843061
-0.842985
-0.840569
-0.836844
-0.832442
-0.827726
-0.822899
-0.818077
-0.813321
-0.808664
-0.804122
-0.799703
-0.795407
-0.79123
-0.787167
-0.78321
-0.779348
-0.775571
-0.771865
-0.768213
-0.764596
-0.76099
-0.757369
-0.753698
-0.749938
-0.746043
-0.741958
-0.73762
-0.732957
-0.727888
-0.722322
-0.71616
-0.709295
-0.701614
-0.693001
-0.683343
-0.672534
-0.660501
-0.647229
-0.632786
-0.617264
-0.600747
-0.583352
-0.565187
-0.546325
-0.526749
-0.506529
-0.485713
-0.462761
-0.830236
-0.832952
-0.832954
-0.830631
-0.827018
-0.822739
-0.818151
-0.813452
-0.808757
-0.804124
-0.799587
-0.795163
-0.790858
-0.786673
-0.782604
-0.778645
-0.77479
-0.771028
-0.767348
-0.763737
-0.760179
-0.756655
-0.753143
-0.749615
-0.746039
-0.742377
-0.738584
-0.734606
-0.730382
-0.725842
-0.720906
-0.715486
-0.709486
-0.702801
-0.69532
-0.686931
-0.677522
-0.666991
-0.655265
-0.642334
-0.628261
-0.613138
-0.597049
-0.580105
-0.562411
-0.544041
-0.524984
-0.505322
-0.485144
-0.463187
-0.818841
-0.821889
-0.821952
-0.819711
-0.8162
-0.812033
-0.80756
-0.802977
-0.798396
-0.793876
-0.789449
-0.785132
-0.78093
-0.776845
-0.772872
-0.769008
-0.765245
-0.761572
-0.757979
-0.754453
-0.75098
-0.74754
-0.744111
-0.740667
-0.737177
-0.733602
-0.729899
-0.726017
-0.721894
-0.717463
-0.712644
-0.707354
-0.701497
-0.694971
-0.687667
-0.679474
-0.670283
-0.659994
-0.648537
-0.635899
-0.622143
-0.607361
-0.591632
-0.575064
-0.557758
-0.539785
-0.521139
-0.501908
-0.482199
-0.461008
-0.806464
-0.809792
-0.809904
-0.807736
-0.804316
-0.800248
-0.795879
-0.7914
-0.786921
-0.782501
-0.778171
-0.773948
-0.769838
-0.765841
-0.761955
-0.758174
-0.754491
-0.750897
-0.747382
-0.743931
-0.740532
-0.737165
-0.733809
-0.730439
-0.727023
-0.723524
-0.7199
-0.7161
-0.712064
-0.707727
-0.703012
-0.697833
-0.692099
-0.685708
-0.678555
-0.670528
-0.661522
-0.651437
-0.640202
-0.627806
-0.614309
-0.599799
-0.584354
-0.568077
-0.551064
-0.533381
-0.515027
-0.496085
-0.47667
-0.456016
-0.793096
-0.796657
-0.796807
-0.794701
-0.791361
-0.787381
-0.783102
-0.778714
-0.774324
-0.769991
-0.765746
-0.761605
-0.757573
-0.753653
-0.749841
-0.746131
-0.742518
-0.738991
-0.735541
-0.732155
-0.728818
-0.725513
-0.722219
-0.71891
-0.715556
-0.712121
-0.708563
-0.704832
-0.70087
-0.696611
-0.69198
-0.686893
-0.68126
-0.67498
-0.667949
-0.660056
-0.651198
-0.641273
-0.630212
-0.618001
-0.604697
-0.590386
-0.575142
-0.559063
-0.542236
-0.524726
-0.506531
-0.487723
-0.46842
-0.448072
-0.778269
-0.782014
-0.782194
-0.780141
-0.776868
-0.772962
-0.768759
-0.764447
-0.760132
-0.755872
-0.751697
-0.747624
-0.743658
-0.7398
-0.736048
-0.732397
-0.72884
-0.725368
-0.721972
-0.718637
-0.715352
-0.712097
-0.708852
-0.705592
-0.702288
-0.698904
-0.695398
-0.691721
-0.687817
-0.683619
-0.679054
-0.674039
-0.668483
-0.662288
-0.65535
-0.647558
-0.638808
-0.629
-0.618062
-0.605978
-0.592803
-0.578617
-0.563491
-0.547517
-0.530776
-0.513326
-0.495165
-0.476351
-0.456994
-0.436732
-0.762098
-0.765964
-0.766167
-0.76416
-0.760946
-0.757104
-0.752967
-0.748721
-0.744471
-0.740274
-0.73616
-0.732145
-0.728235
-0.724432
-0.720732
-0.717132
-0.713623
-0.710198
-0.706847
-0.703557
-0.700314
-0.697101
-0.693898
-0.69068
-0.687418
-0.684076
-0.680614
-0.676983
-0.673127
-0.66898
-0.66447
-0.659514
-0.654022
-0.647896
-0.641033
-0.633323
-0.62466
-0.614943
-0.604101
-0.592114
-0.579031
-0.56493
-0.549881
-0.533964
-0.51726
-0.499814
-0.481638
-0.462755
-0.443273
-0.422962
-0.746359
-0.750274
-0.750495
-0.748534
-0.74538
-0.741605
-0.737537
-0.733359
-0.729176
-0.725045
-0.720995
-0.717043
-0.713192
-0.709446
-0.705801
-0.702253
-0.698794
-0.695418
-0.692114
-0.68887
-0.685672
-0.682503
-0.679344
-0.67617
-0.672952
-0.669655
-0.666238
-0.662655
-0.658848
-0.654754
-0.6503
-0.645404
-0.639979
-0.633926
-0.627141
-0.619516
-0.610942
-0.601321
-0.590578
-0.578688
-0.565702
-0.55169
-0.536716
-0.52086
-0.504189
-0.486751
-0.468634
-0.449719
-0.430135
-0.409747
-0.73336
-0.737245
-0.737479
-0.735557
-0.732456
-0.72874
-0.724733
-0.720617
-0.716493
-0.712422
-0.708432
-0.704536
-0.700739
-0.697044
-0.693448
-0.689948
-0.686535
-0.683202
-0.679944
-0.676744
-0.673589
-0.670461
-0.667342
-0.664208
-0.66103
-0.657773
-0.654398
-0.650861
-0.647103
-0.643061
-0.638662
-0.633824
-0.628461
-0.622479
-0.615775
-0.608234
-0.59975
-0.590232
-0.579595
-0.567815
-0.554946
-0.541045
-0.526184
-0.510432
-0.493851
-0.476496
-0.458674
-0.439905
-0.4204
-0.400051
)
;

boundaryField
{
    top
    {
        type            groovyBC;
        refValue        uniform 0;
        refGradient     uniform 0;
        valueFraction   uniform 1;
        value           uniform 0;
        valueExpression "0";
        gradientExpression "-(vector(0,0,1)+(vector(0,0,-1.85*1e-8/Krel_cl)))&normal()";
        fractionExpression "(psi_F > 0) ? 1 : 0";
        evaluateDuringConstruction 0;
        variables       
2
(
"thtil_cl=0.5*((1+sign(psi_F))+(1-sign(psi_F))*pow((1+pow(mag(alpha*psi_F),n)),-(1-(1/n))));"
"Krel_cl=0.5*((1+sign(psi_F))*K+(1-sign(psi_F))*K*pow(thtil_cl,0.5)*pow((1-pow((1-pow(thtil_cl,(n/(n-1)))),(1-(1/n)))),2));"
)
;
        timelines       (
);
        lookuptables    (
);
        lookuptables2D  (
);
    }
    bottom
    {
        type            groovyBC;
        refValue        uniform -1;
        refGradient     uniform 0;
        valueFraction   uniform 1;
        value           uniform -1;
        valueExpression "0";
        gradientExpression "nrf";
        fractionExpression "0";
        evaluateDuringConstruction 0;
        variables       "nrf=-(vector(0,0,1))&normal();";
        timelines       (
);
        lookuptables    (
);
        lookuptables2D  (
);
    }
    downSlope
    {
        type            groovyBC;
        refValue        uniform -1;
        refGradient     uniform 0;
        valueFraction   uniform 1;
        value           uniform -1;
        valueExpression "0";
        gradientExpression "nrf";
        fractionExpression "0";
        evaluateDuringConstruction 0;
        variables       "nrf=-(vector(0,0,1))&normal();";
        timelines       (
);
        lookuptables    (
);
        lookuptables2D  (
);
    }
    upSlope
    {
        type            groovyBC;
        refValue        uniform -1;
        refGradient     uniform 0;
        valueFraction   uniform 1;
        value           uniform -1;
        valueExpression "0";
        gradientExpression "nrf";
        fractionExpression "0";
        evaluateDuringConstruction 0;
        variables       "nrf=-(vector(0,0,1))&normal();";
        timelines       (
);
        lookuptables    (
);
        lookuptables2D  (
);
    }
    sides
    {
        type            empty;
    }
}


// ************************************************************************* //
