/*--------------------------------*- C++ -*----------------------------------*\
| =========                 |                                                 |
| \\      /  F ield         | OpenFOAM: The Open Source CFD Toolbox           |
|  \\    /   O peration     | Version:  v1912                                 |
|   \\  /    A nd           | Website:  www.openfoam.com                      |
|    \\/     M anipulation  |                                                 |
\*---------------------------------------------------------------------------*/
FoamFile
{
    version     2.0;
    format      ascii;
    class       volScalarField;
    location    "0";
    object      err;
}
// * * * * * * * * * * * * * * * * * * * * * * * * * * * * * * * * * * * * * //

dimensions      [0 1 0 0 0 0 0];

internalField   nonuniform List<scalar> 
4250
(
-1.2387e-10
-1.63352e-10
-1.88199e-10
-2.17163e-10
-2.4944e-10
-2.84695e-10
-3.23004e-10
-3.64584e-10
-4.09729e-10
-4.5879e-10
-5.12184e-10
-5.70395e-10
-6.3401e-10
-7.03751e-10
-7.8054e-10
-8.65586e-10
-9.60543e-10
-1.06775e-09
-1.19065e-09
-1.3345e-09
-1.50765e-09
-1.72401e-09
-2.00827e-09
-2.40778e-09
-3.02297e-09
-4.09567e-09
-6.34992e-09
-1.55261e-08
-8.68016e-08
-1.81461e-07
-3.77388e-07
-4.29242e-07
-5.84052e-07
-8.27289e-07
-8.72447e-07
-1.20214e-06
-1.4648e-06
-2.17613e-06
-3.04009e-06
-4.24903e-06
-5.67326e-06
-7.17711e-06
-8.85961e-06
-1.06061e-05
-1.22675e-05
-1.38702e-05
-1.55584e-05
-1.7203e-05
-1.86692e-05
-1.96981e-05
-9.5889e-10
-1.0505e-09
-1.15906e-09
-1.26386e-09
-1.3709e-09
-1.47987e-09
-1.59066e-09
-1.70339e-09
-1.81832e-09
-1.93585e-09
-2.05649e-09
-2.18083e-09
-2.3096e-09
-2.44367e-09
-2.58411e-09
-2.73226e-09
-2.88993e-09
-3.05955e-09
-3.24455e-09
-3.44997e-09
-3.68338e-09
-3.95651e-09
-4.28815e-09
-4.70991e-09
-5.277e-09
-6.08439e-09
-7.25054e-09
-7.50971e-09
-1.08437e-07
-1.77198e-07
-3.7608e-07
-4.25345e-07
-5.77741e-07
-8.24986e-07
-8.62383e-07
-1.19187e-06
-1.44099e-06
-2.1441e-06
-2.99409e-06
-4.1916e-06
-5.60706e-06
-7.10019e-06
-8.77533e-06
-1.05183e-05
-1.21769e-05
-1.37747e-05
-1.54615e-05
-1.71083e-05
-1.85823e-05
-1.96319e-05
-1.16243e-09
-1.22645e-09
-1.35635e-09
-1.4714e-09
-1.58685e-09
-1.70279e-09
-1.81905e-09
-1.9356e-09
-2.05262e-09
-2.1704e-09
-2.28931e-09
-2.40984e-09
-2.53256e-09
-2.65813e-09
-2.78738e-09
-2.92128e-09
-3.06117e-09
-3.20877e-09
-3.36651e-09
-3.53781e-09
-3.72762e-09
-3.94329e-09
-4.19583e-09
-4.50188e-09
-4.88548e-09
-5.37119e-09
-5.91663e-09
-5.69694e-09
4.95125e-09
-1.70245e-07
-3.76177e-07
-4.20019e-07
-5.6952e-07
-8.23769e-07
-8.46826e-07
-1.17856e-06
-1.40531e-06
-2.0989e-06
-2.92694e-06
-4.10803e-06
-5.50959e-06
-6.98448e-06
-8.6477e-06
-1.03837e-05
-1.20351e-05
-1.36236e-05
-1.5308e-05
-1.69567e-05
-1.84391e-05
-1.95126e-05
-9.92538e-10
-9.92929e-10
-1.10809e-09
-1.19795e-09
-1.2864e-09
-1.37421e-09
-1.46117e-09
-1.54715e-09
-1.63218e-09
-1.71638e-09
-1.79994e-09
-1.88311e-09
-1.96621e-09
-2.0496e-09
-2.13374e-09
-2.21919e-09
-2.30667e-09
-2.39708e-09
-2.49166e-09
-2.59217e-09
-2.70099e-09
-2.82139e-09
-2.95793e-09
-3.11644e-09
-3.30182e-09
-3.50437e-09
-3.63651e-09
-3.28715e-09
7.45083e-09
-1.91963e-07
-3.7805e-07
-4.13407e-07
-5.59353e-07
-8.23938e-07
-8.26068e-07
-1.16296e-06
-1.35874e-06
-2.04194e-06
-2.84046e-06
-4.00046e-06
-5.38345e-06
-6.83286e-06
-8.47981e-06
-1.02055e-05
-1.18458e-05
-1.34206e-05
-1.51015e-05
-1.67516e-05
-1.82427e-05
-1.93427e-05
-6.24109e-10
-5.52565e-10
-6.36836e-10
-6.87613e-10
-7.3579e-10
-7.82937e-10
-8.2883e-10
-8.73233e-10
-9.15994e-10
-9.57029e-10
-9.96315e-10
-1.03387e-09
-1.06976e-09
-1.10411e-09
-1.13708e-09
-1.16885e-09
-1.19966e-09
-1.22989e-09
-1.25999e-09
-1.29048e-09
-1.32206e-09
-1.35561e-09
-1.39193e-09
-1.43116e-09
-1.46976e-09
-1.48417e-09
-1.36863e-09
-8.00998e-10
3.19487e-09
2.40543e-08
-5.7177e-07
-4.07596e-07
-5.47184e-07
-8.25873e-07
-8.00302e-07
-1.14589e-06
-1.30219e-06
-1.97472e-06
-2.73647e-06
-3.87106e-06
-5.23127e-06
-6.64826e-06
-8.27476e-06
-9.98716e-06
-1.16125e-05
-1.31692e-05
-1.48457e-05
-1.64964e-05
-1.79964e-05
-1.91245e-05
-1.97829e-10
-6.36208e-11
-1.1545e-10
-1.28173e-10
-1.37907e-10
-1.47009e-10
-1.55224e-10
-1.62159e-10
-1.67448e-10
-1.70793e-10
-1.71963e-10
-1.70781e-10
-1.67124e-10
-1.6091e-10
-1.52097e-10
-1.40711e-10
-1.2683e-10
-1.10511e-10
-9.18524e-11
-7.09998e-11
-4.8055e-11
-2.29807e-11
4.34286e-12
3.45505e-11
7.13656e-11
1.37973e-10
3.57037e-10
1.11829e-09
3.79279e-09
2.63653e-08
2.00854e-07
-3.92932e-07
-5.32814e-07
-8.30032e-07
-7.69624e-07
-1.12826e-06
-1.23651e-06
-1.89878e-06
-2.61675e-06
-3.72201e-06
-5.05574e-06
-6.43355e-06
-8.03569e-06
-9.73193e-06
-1.13389e-05
-1.28732e-05
-1.4544e-05
-1.61948e-05
-1.77035e-05
-1.88608e-05
1.94807e-10
3.74232e-10
3.48336e-10
3.64828e-10
3.83987e-10
4.02795e-10
4.21578e-10
4.40949e-10
4.61497e-10
4.83742e-10
5.08147e-10
5.35053e-10
5.6472e-10
5.97312e-10
6.32926e-10
6.71587e-10
7.1323e-10
7.57738e-10
8.04911e-10
8.54487e-10
9.06167e-10
9.59447e-10
1.01355e-09
1.06707e-09
1.11796e-09
1.1768e-09
1.37558e-09
2.33058e-09
5.2485e-09
1.71283e-08
5.33076e-08
-4.56612e-07
-5.16859e-07
-8.36952e-07
-7.3403e-07
-1.11106e-06
-1.16241e-06
-1.81566e-06
-2.48304e-06
-3.55548e-06
-4.85953e-06
-6.19158e-06
-7.76568e-06
-9.44321e-06
-1.10285e-05
-1.25361e-05
-1.42e-05
-1.58502e-05
-1.73673e-05
-1.85541e-05
5.10659e-10
7.16776e-10
7.07543e-10
7.42518e-10
7.79279e-10
8.14336e-10
8.48188e-10
8.81709e-10
9.15767e-10
9.51131e-10
9.88409e-10
1.0281e-09
1.07055e-09
1.11599e-09
1.16446e-09
1.2159e-09
1.27016e-09
1.32682e-09
1.38539e-09
1.44516e-09
1.50506e-09
1.56361e-09
1.61836e-09
1.66468e-09
1.6933e-09
1.69161e-09
1.74349e-09
2.71446e-09
6.62565e-09
8.29921e-09
-1.69685e-08
7.74944e-08
-7.02711e-07
-8.49247e-07
-6.93425e-07
-1.09531e-06
-1.08056e-06
-1.72693e-06
-2.33701e-06
-3.37356e-06
-4.64528e-06
-5.92515e-06
-7.46778e-06
-9.1243e-06
-1.0685e-05
-1.21614e-05
-1.38174e-05
-1.5466e-05
-1.6991e-05
-1.82071e-05
7.40197e-10
9.56881e-10
9.56225e-10
1.00001e-09
1.04464e-09
1.08609e-09
1.12513e-09
1.16294e-09
1.20066e-09
1.23926e-09
1.27958e-09
1.32223e-09
1.36759e-09
1.41583e-09
1.46702e-09
1.52094e-09
1.57715e-09
1.63508e-09
1.69376e-09
1.75188e-09
1.80769e-09
1.85866e-09
1.90098e-09
1.92794e-09
1.92585e-09
1.8614e-09
1.69656e-09
1.9991e-09
6.40957e-09
-6.6593e-09
-5.79606e-09
6.96076e-08
3.48592e-07
-8.55307e-07
-6.47483e-07
-1.08212e-06
-9.91465e-07
-1.63417e-06
-2.18026e-06
-3.17831e-06
-4.4156e-06
-5.63694e-06
-7.14497e-06
-8.77842e-06
-1.03118e-05
-1.17526e-05
-1.33995e-05
-1.50456e-05
-1.65778e-05
-1.78225e-05
8.91031e-10
1.10598e-09
1.10765e-09
1.15322e-09
1.19859e-09
1.23946e-09
1.27683e-09
1.31221e-09
1.34702e-09
1.38251e-09
1.41962e-09
1.45901e-09
1.50114e-09
1.54619e-09
1.59404e-09
1.6444e-09
1.69668e-09
1.74995e-09
1.80298e-09
1.85398e-09
1.90065e-09
1.94e-09
1.96781e-09
1.97745e-09
1.95619e-09
1.87279e-09
1.61657e-09
9.98544e-10
1.90956e-09
-5.9795e-10
1.10799e-08
3.28483e-08
5.20794e-08
-1.09943e-06
-5.98052e-07
-1.07265e-06
-8.95552e-07
-1.53893e-06
-2.01432e-06
-2.97168e-06
-4.17303e-06
-5.32957e-06
-6.80012e-06
-8.40872e-06
-9.91231e-06
-1.1313e-05
-1.29497e-05
-1.45923e-05
-1.61309e-05
-1.74031e-05
9.76596e-10
1.18112e-09
1.18087e-09
1.22349e-09
1.26502e-09
1.30094e-09
1.33251e-09
1.36161e-09
1.3899e-09
1.4188e-09
1.44941e-09
1.48247e-09
1.5184e-09
1.55733e-09
1.59912e-09
1.64332e-09
1.68922e-09
1.73578e-09
1.78149e-09
1.8244e-09
1.86201e-09
1.89138e-09
1.90937e-09
1.91184e-09
1.89107e-09
1.82953e-09
1.67708e-09
1.14644e-09
-1.19687e-09
8.39894e-09
1.36522e-08
1.78796e-08
1.41192e-08
5.79976e-07
-7.14009e-07
-1.06972e-06
-7.93118e-07
-1.44273e-06
-1.84058e-06
-2.75555e-06
-3.92006e-06
-5.00552e-06
-6.436e-06
-8.01823e-06
-9.48983e-06
-1.08458e-05
-1.24714e-05
-1.41093e-05
-1.56533e-05
-1.69516e-05
1.01027e-09
1.19893e-09
1.19391e-09
1.23063e-09
1.26555e-09
1.2941e-09
1.3178e-09
1.33877e-09
1.35895e-09
1.37996e-09
1.40293e-09
1.42864e-09
1.45753e-09
1.48961e-09
1.52474e-09
1.56237e-09
1.60177e-09
1.64184e-09
1.68109e-09
1.71757e-09
1.7489e-09
1.77272e-09
1.78764e-09
1.79458e-09
1.79592e-09
1.78725e-09
1.74373e-09
1.63036e-09
9.26204e-10
8.63725e-09
7.47117e-09
-1.84592e-09
-2.74898e-08
-6.33329e-08
3.81749e-07
-1.06255e-06
-6.84217e-07
-1.3471e-06
-1.66036e-06
-2.53168e-06
-3.65906e-06
-4.66716e-06
-6.05528e-06
-7.60987e-06
-9.04754e-06
-1.03541e-05
-1.19676e-05
-1.35997e-05
-1.5148e-05
-1.64706e-05
1.00389e-09
1.17336e-09
1.16183e-09
1.19084e-09
1.21764e-09
1.23768e-09
1.25263e-09
1.26495e-09
1.2768e-09
1.28984e-09
1.30534e-09
1.32402e-09
1.34623e-09
1.37203e-09
1.40109e-09
1.43296e-09
1.46685e-09
1.50184e-09
1.53658e-09
1.56941e-09
1.59827e-09
1.62141e-09
1.63901e-09
1.65688e-09
1.69108e-09
1.76746e-09
1.89478e-09
1.98727e-09
1.81045e-09
3.80665e-09
-5.03836e-09
-6.46935e-09
-1.30632e-08
1.23868e-08
1.99616e-08
-1.31327e-06
-5.71091e-07
-1.25354e-06
-1.47486e-06
-2.30172e-06
-3.39234e-06
-4.31671e-06
-5.66047e-06
-7.18642e-06
-8.58851e-06
-9.84083e-06
-1.14415e-05
-1.30665e-05
-1.46179e-05
-1.59626e-05
9.67346e-10
1.11592e-09
1.09691e-09
1.11722e-09
1.13518e-09
1.14628e-09
1.15248e-09
1.15642e-09
1.16043e-09
1.1663e-09
1.1752e-09
1.18786e-09
1.20454e-09
1.22516e-09
1.24943e-09
1.27682e-09
1.30674e-09
1.33838e-09
1.37084e-09
1.40292e-09
1.43312e-09
1.4601e-09
1.48453e-09
1.51419e-09
1.57335e-09
1.715e-09
2.0249e-09
2.57361e-09
3.13343e-09
-3.19704e-10
3.49808e-09
8.68169e-09
1.08965e-08
2.08224e-08
2.49156e-09
8.79575e-07
-6.1176e-07
-1.16494e-06
-1.28516e-06
-2.06719e-06
-3.1221e-06
-3.95628e-06
-5.25399e-06
-6.75052e-06
-8.1157e-06
-9.30878e-06
-1.08959e-05
-1.25125e-05
-1.40657e-05
-1.54303e-05
9.08413e-10
1.03548e-09
1.00854e-09
1.01967e-09
1.02848e-09
1.03074e-09
1.02856e-09
1.02481e-09
1.02194e-09
1.02173e-09
1.02533e-09
1.03331e-09
1.04581e-09
1.06268e-09
1.08352e-09
1.10788e-09
1.13523e-09
1.16514e-09
1.19716e-09
1.23085e-09
1.26563e-09
1.30059e-09
1.33575e-09
1.37641e-09
1.44603e-09
1.60789e-09
1.98717e-09
2.76546e-09
4.1133e-09
3.89359e-09
8.55353e-09
7.32462e-09
2.84533e-09
3.92079e-10
-1.4244e-08
1.52719e-08
2.26692e-07
-1.07332e-06
-1.09216e-06
-1.82951e-06
-2.85046e-06
-3.58779e-06
-4.83808e-06
-6.30468e-06
-7.63188e-06
-8.76059e-06
-1.03337e-05
-1.19405e-05
-1.34943e-05
-1.48761e-05
8.33021e-10
9.38797e-10
9.03739e-10
9.05451e-10
9.05108e-10
8.98781e-10
8.88837e-10
8.78282e-10
8.69651e-10
8.64632e-10
8.64282e-10
8.6897e-10
8.7871e-10
8.93141e-10
9.11868e-10
9.34363e-10
9.60348e-10
9.89586e-10
1.02226e-09
1.05885e-09
1.10007e-09
1.14658e-09
1.19809e-09
1.25458e-09
1.32429e-09
1.45308e-09
1.7821e-09
2.59696e-09
4.20514e-09
5.68784e-09
2.56263e-09
-3.24077e-09
-3.35759e-09
-5.23746e-09
-2.18026e-08
-1.19456e-07
-2.30592e-08
-1.16598e-06
-8.98197e-07
-1.58997e-06
-2.57942e-06
-3.21305e-06
-4.41486e-06
-5.85125e-06
-7.13974e-06
-8.19874e-06
-9.75751e-06
-1.13531e-05
-1.29062e-05
-1.43023e-05
7.46161e-10
8.31416e-10
7.88277e-10
7.80577e-10
7.71203e-10
7.56752e-10
7.39754e-10
7.23407e-10
7.10166e-10
7.0169e-10
6.98741e-10
7.0155e-10
7.09797e-10
7.23058e-10
7.40713e-10
7.62377e-10
7.87748e-10
8.1697e-10
8.50659e-10
8.90119e-10
9.37651e-10
9.96408e-10
1.06948e-09
1.15709e-09
1.25294e-09
1.34901e-09
1.48183e-09
1.87763e-09
3.17436e-09
5.68916e-09
9.51341e-10
4.31462e-09
7.12071e-09
7.31673e-09
4.35713e-09
-1.98991e-08
1.38292e-08
7.42674e-07
-6.89915e-07
-1.34962e-06
-2.31089e-06
-2.8337e-06
-3.9863e-06
-5.39242e-06
-6.6418e-06
-7.62553e-06
-9.1698e-06
-1.07527e-05
-1.23038e-05
-1.37112e-05
6.51623e-10
7.17517e-10
6.66468e-10
6.49482e-10
6.31376e-10
6.09335e-10
5.86154e-10
5.65082e-10
5.48537e-10
5.37921e-10
5.33778e-10
5.35946e-10
5.43946e-10
5.57006e-10
5.74539e-10
5.96008e-10
6.21311e-10
6.50786e-10
6.85324e-10
7.26898e-10
7.7876e-10
8.46275e-10
9.37331e-10
1.06081e-09
1.22076e-09
1.40128e-09
1.54464e-09
1.56004e-09
1.51361e-09
2.34903e-09
7.54168e-09
9.67463e-09
6.25278e-09
4.20302e-09
3.76712e-09
1.32222e-09
-1.3479e-09
4.06478e-08
-3.70868e-07
-1.10855e-06
-2.04669e-06
-2.45124e-06
-3.55425e-06
-4.93024e-06
-6.14045e-06
-7.04313e-06
-8.57297e-06
-1.01417e-05
-1.16896e-05
-1.3105e-05
5.52157e-10
6.00104e-10
5.41353e-10
5.15319e-10
4.88864e-10
4.59885e-10
4.31469e-10
4.06823e-10
3.88242e-10
3.7682e-10
3.72733e-10
3.75496e-10
3.84216e-10
3.98008e-10
4.1599e-10
4.37735e-10
4.63184e-10
4.92836e-10
5.2797e-10
5.70684e-10
6.24664e-10
6.96082e-10
7.95057e-10
9.37558e-10
1.14494e-09
1.43624e-09
1.80262e-09
2.1511e-09
2.24147e-09
1.98151e-09
6.3706e-09
3.44051e-09
5.15481e-09
8.86282e-09
1.07146e-08
8.20861e-09
-7.29826e-09
-8.94609e-08
3.08177e-08
-9.66879e-07
-1.7893e-06
-2.067e-06
-3.12039e-06
-4.4666e-06
-5.63794e-06
-6.45351e-06
-7.96926e-06
-9.52228e-06
-1.10656e-05
-1.24857e-05
4.49527e-10
4.80972e-10
4.14729e-10
3.79918e-10
3.45548e-10
3.10415e-10
2.77748e-10
2.50766e-10
2.31454e-10
2.20528e-10
2.17723e-10
2.221e-10
2.3244e-10
2.47527e-10
2.66426e-10
2.88601e-10
3.14151e-10
3.43781e-10
3.78944e-10
4.22086e-10
4.76803e-10
5.48793e-10
6.47787e-10
7.90579e-10
1.00547e-09
1.33533e-09
1.83148e-09
2.52438e-09
3.34761e-09
4.00822e-09
3.94134e-09
7.29781e-09
9.36901e-09
7.59796e-09
6.92039e-09
8.65227e-09
6.59488e-09
-3.87477e-08
4.34508e-08
5.49245e-07
-1.52914e-06
-1.68212e-06
-2.68629e-06
-4.00324e-06
-5.13639e-06
-5.85851e-06
-7.36075e-06
-8.89649e-06
-1.04342e-05
-1.18554e-05
3.44788e-10
3.61163e-10
2.87528e-10
2.44193e-10
2.0246e-10
1.61967e-10
1.26194e-10
9.81392e-11
7.93814e-11
7.02045e-11
6.97522e-11
7.66303e-11
8.92482e-11
1.06074e-10
1.26057e-10
1.48673e-10
1.74024e-10
2.03105e-10
2.37716e-10
2.80494e-10
3.35213e-10
4.07002e-10
5.03306e-10
6.37046e-10
8.32877e-10
1.13713e-09
1.62779e-09
2.40915e-09
3.56435e-09
5.02005e-09
5.58137e-09
7.80973e-09
4.78927e-09
3.34333e-09
3.10394e-09
1.90458e-09
3.99088e-09
1.19153e-08
2.49094e-08
2.70782e-08
-1.3538e-06
-1.2982e-06
-2.25337e-06
-3.54174e-06
-4.63778e-06
-5.2598e-06
-6.74942e-06
-8.26626e-06
-9.7972e-06
-1.12158e-05
2.38544e-10
2.41001e-10
1.59917e-10
1.08271e-10
5.96969e-11
1.48025e-11
-2.29347e-11
-5.08056e-11
-6.76885e-11
-7.40239e-11
-7.11698e-11
-6.10751e-11
-4.57789e-11
-2.6971e-11
-5.91005e-12
1.68624e-11
4.1641e-11
6.95105e-11
1.0254e-10
1.4391e-10
1.97874e-10
2.69681e-10
3.65636e-10
4.93433e-10
6.65319e-10
9.08815e-10
1.29045e-09
1.95131e-09
3.11796e-09
4.94918e-09
6.52218e-09
3.81181e-09
4.98251e-09
8.5404e-09
1.07601e-08
1.18847e-08
8.31233e-09
-1.76914e-09
1.50121e-08
3.64368e-09
9.16434e-07
-9.03426e-07
-1.82284e-06
-3.08357e-06
-4.14397e-06
-4.65887e-06
-6.13708e-06
-7.63338e-06
-9.15659e-06
-1.05688e-05
1.31379e-10
1.20674e-10
3.17453e-11
-2.81398e-11
-8.29701e-11
-1.31388e-10
-1.6991e-10
-1.96328e-10
-2.10251e-10
-2.12743e-10
-2.0588e-10
-1.92158e-10
-1.73955e-10
-1.53241e-10
-1.3132e-10
-1.08713e-10
-8.50928e-11
-5.91852e-11
-2.87472e-11
9.67937e-12
6.09223e-11
1.31403e-10
2.2871e-10
3.6061e-10
5.32885e-10
7.47859e-10
1.01166e-09
1.36984e-09
2.00003e-09
3.33189e-09
5.60148e-09
5.74267e-09
7.83716e-09
6.35122e-09
4.5954e-09
5.33635e-09
9.00697e-09
1.28308e-08
-8.05938e-09
-4.63799e-08
9.59084e-08
-1.92497e-07
-1.39348e-06
-2.62999e-06
-3.6567e-06
-4.05709e-06
-5.52543e-06
-6.99948e-06
-8.51413e-06
-9.916e-06
2.47129e-11
9.22484e-13
-9.66783e-11
-1.64997e-10
-2.25722e-10
-2.76805e-10
-3.15096e-10
-3.39072e-10
-3.49094e-10
-3.47093e-10
-3.35858e-10
-3.18357e-10
-2.97384e-10
-2.75087e-10
-2.52757e-10
-2.30854e-10
-2.08969e-10
-1.85774e-10
-1.5886e-10
-1.24778e-10
-7.85455e-11
-1.3183e-11
8.0811e-11
2.15149e-10
4.01952e-10
6.48098e-10
9.43742e-10
1.24816e-09
1.49929e-09
1.7523e-09
2.74735e-09
6.8278e-09
6.04484e-09
6.61219e-09
9.57091e-09
1.14856e-08
1.10832e-08
9.74241e-09
2.00089e-08
2.61292e-09
-1.4266e-07
1.80568e-08
-9.56742e-07
-2.18208e-06
-3.1776e-06
-3.45568e-06
-4.91605e-06
-6.3661e-06
-7.87148e-06
-9.25891e-06
-7.74424e-11
-1.15e-10
-2.2284e-10
-3.00271e-10
-3.66828e-10
-4.20135e-10
-4.57563e-10
-4.7847e-10
-4.84198e-10
-4.77491e-10
-4.61895e-10
-4.41001e-10
-4.17786e-10
-3.94493e-10
-3.72475e-10
-3.52062e-10
-3.32619e-10
-3.1273e-10
-2.90121e-10
-2.61369e-10
-2.2168e-10
-1.64414e-10
-8.00613e-11
4.50442e-11
2.29318e-10
4.94156e-10
8.56687e-10
1.31214e-09
1.80366e-09
2.21288e-09
2.66493e-09
5.33241e-09
7.4492e-09
1.02272e-08
9.79865e-09
9.33303e-09
1.11106e-08
1.33719e-08
4.93067e-09
5.24141e-09
-1.33322e-08
3.1321e-08
5.96145e-07
-1.73267e-06
-2.70811e-06
-2.85569e-06
-4.31039e-06
-5.73465e-06
-7.23021e-06
-8.599e-06
-1.6497e-10
-2.17661e-10
-3.3823e-10
-4.26066e-10
-4.98936e-10
-5.54599e-10
-5.91221e-10
-6.09091e-10
-6.10615e-10
-5.99591e-10
-5.80237e-10
-5.56567e-10
-5.31951e-10
-5.08646e-10
-4.87802e-10
-4.69603e-10
-4.53401e-10
-4.376e-10
-4.19808e-10
-3.96761e-10
-3.64219e-10
-3.16292e-10
-2.4463e-10
-1.36632e-10
2.69098e-11
2.74294e-10
6.42086e-10
1.16592e-09
1.8568e-09
2.66505e-09
3.47405e-09
4.11643e-09
7.52155e-09
6.58113e-09
5.82405e-09
6.9715e-09
7.65893e-09
9.04663e-09
1.77465e-08
1.45476e-08
-1.34471e-09
4.06026e-08
8.99486e-08
-1.23706e-06
-2.24924e-06
-2.25807e-06
-3.70979e-06
-5.10638e-06
-6.59178e-06
-7.93761e-06
-2.1687e-10
-2.86206e-10
-4.217e-10
-5.20782e-10
-6.00234e-10
-6.58277e-10
-6.93957e-10
-7.08748e-10
-7.06144e-10
-6.90864e-10
-6.6799e-10
-6.42061e-10
-6.16524e-10
-5.93582e-10
-5.7431e-10
-5.58725e-10
-5.45898e-10
-5.3417e-10
-5.21115e-10
-5.03595e-10
-4.77514e-10
-4.37824e-10
-3.77896e-10
-2.8821e-10
-1.53229e-10
5.37264e-11
3.76872e-10
8.80426e-10
1.63485e-09
2.66768e-09
3.85793e-09
4.6303e-09
4.98103e-09
5.17164e-09
8.07827e-09
1.01537e-08
1.15488e-08
1.11682e-08
5.39057e-09
9.54299e-09
1.3496e-08
-8.78003e-09
8.20007e-09
9.22558e-07
-1.79209e-06
-1.66352e-06
-3.11548e-06
-4.48246e-06
-5.95755e-06
-7.27599e-06
-2.29158e-10
-3.1663e-10
-4.66732e-10
-5.75713e-10
-6.60347e-10
-7.19481e-10
-7.52965e-10
-7.63337e-10
-7.55352e-10
-7.34963e-10
-7.0799e-10
-6.79333e-10
-6.52514e-10
-6.29686e-10
-6.11653e-10
-5.98166e-10
-5.8817e-10
-5.79845e-10
-5.70781e-10
-5.57716e-10
-5.36637e-10
-5.02726e-10
-4.50384e-10
-3.72985e-10
-2.61256e-10
-9.85333e-11
1.49537e-10
5.50851e-10
1.21931e-09
2.29222e-09
3.79385e-09
5.1409e-09
4.51597e-09
7.06037e-09
7.25577e-09
5.00789e-09
4.48149e-09
6.61568e-09
1.23049e-08
7.90364e-09
3.9675e-09
3.19611e-10
-5.3846e-08
1.79111e-07
-1.20639e-06
-1.07174e-06
-2.5286e-06
-3.86394e-06
-5.32876e-06
-6.61527e-06
-2.32999e-10
-3.41248e-10
-5.09961e-10
-6.33e-10
-7.27448e-10
-7.9217e-10
-8.27536e-10
-8.3727e-10
-8.27656e-10
-8.05787e-10
-7.78305e-10
-7.50415e-10
-7.25733e-10
-7.06177e-10
-6.92307e-10
-6.83706e-10
-6.79125e-10
-6.76799e-10
-6.74235e-10
-6.68302e-10
-6.54994e-10
-6.29298e-10
-5.85517e-10
-5.17764e-10
-4.20887e-10
-2.90107e-10
-1.15564e-10
1.35959e-10
5.58623e-10
1.34713e-09
2.72405e-09
4.37522e-09
4.4851e-09
4.65249e-09
3.43394e-09
5.82774e-09
8.86317e-09
9.82258e-09
8.61757e-09
1.53166e-08
1.96166e-08
1.30223e-08
-1.10455e-08
-1.07906e-07
1.15133e-06
-7.49625e-07
-1.95195e-06
-3.25175e-06
-4.70661e-06
-5.95652e-06
-1.763e-10
-3.04394e-10
-4.9249e-10
-6.31756e-10
-7.38871e-10
-8.11886e-10
-8.51449e-10
-8.62612e-10
-8.53034e-10
-8.31099e-10
-8.04191e-10
-7.77924e-10
-7.55803e-10
-7.39588e-10
-7.29623e-10
-7.2523e-10
-7.25281e-10
-7.27926e-10
-7.30895e-10
-7.31299e-10
-7.25322e-10
-7.07988e-10
-6.72988e-10
-6.13219e-10
-5.22212e-10
-3.97474e-10
-2.45008e-10
-8.04369e-11
8.92368e-11
3.37235e-10
9.66844e-10
2.48424e-09
4.37221e-09
3.85116e-09
6.2216e-09
8.51335e-09
8.93312e-09
1.04553e-08
1.26134e-08
7.99458e-09
7.76041e-09
1.55958e-08
9.13547e-09
-7.54932e-08
1.07853e-07
4.1748e-07
-1.37752e-06
-2.64669e-06
-4.09216e-06
-5.30069e-06
-6.79898e-11
-2.15723e-10
-4.21668e-10
-5.76451e-10
-6.95207e-10
-7.74896e-10
-8.16717e-10
-8.27211e-10
-8.15745e-10
-7.91939e-10
-7.64019e-10
-7.37776e-10
-7.16649e-10
-7.02039e-10
-6.9404e-10
-6.91865e-10
-6.94134e-10
-6.99228e-10
-7.05087e-10
-7.0913e-10
-7.07974e-10
-6.96878e-10
-6.69414e-10
-6.17428e-10
-5.31264e-10
-4.02366e-10
-2.28378e-10
-2.32286e-11
1.68375e-10
2.70481e-10
2.8074e-10
7.83507e-10
3.70295e-09
5.58769e-09
7.41676e-09
5.57019e-09
4.00507e-09
3.97867e-09
6.58688e-09
1.60355e-08
1.74698e-08
1.4468e-08
1.45555e-08
1.01188e-08
-2.01319e-07
8.8928e-08
-7.24206e-07
-2.04888e-06
-3.4864e-06
-4.64867e-06
8.37193e-11
-8.37965e-11
-3.10673e-10
-4.83842e-10
-6.15663e-10
-7.02202e-10
-7.45797e-10
-7.55029e-10
-7.41301e-10
-7.15625e-10
-6.86693e-10
-6.60533e-10
-6.40315e-10
-6.27221e-10
-6.20976e-10
-6.2056e-10
-6.24529e-10
-6.31317e-10
-6.39154e-10
-6.45836e-10
-6.48374e-10
-6.42596e-10
-6.22511e-10
-5.7984e-10
-5.03753e-10
-3.81518e-10
-2.01086e-10
4.30315e-11
3.39369e-10
6.45601e-10
8.92072e-10
1.13367e-09
2.07489e-09
4.49013e-09
4.21013e-09
5.34177e-09
8.80393e-09
1.1298e-08
1.03197e-08
6.03037e-09
1.28452e-08
1.84891e-08
2.09411e-08
6.64111e-09
-7.92867e-09
-1.11597e-08
7.0464e-07
-1.45427e-06
-2.89022e-06
-4.00125e-06
3.01352e-10
1.14863e-10
-1.20191e-10
-2.96773e-10
-4.25989e-10
-5.03983e-10
-5.35154e-10
-5.30747e-10
-5.04302e-10
-4.68e-10
-4.30845e-10
-3.9844e-10
-3.73478e-10
-3.56417e-10
-3.46493e-10
-3.42424e-10
-3.42519e-10
-3.452e-10
-3.48873e-10
-3.51602e-10
-3.50903e-10
-3.43167e-10
-3.22931e-10
-2.82062e-10
-2.09354e-10
-8.98271e-11
9.38032e-11
3.57484e-10
7.09268e-10
1.14073e-09
1.62477e-09
2.15224e-09
2.81128e-09
4.70237e-09
4.97235e-09
6.78748e-09
7.73995e-09
7.7535e-09
9.21183e-09
9.68048e-09
1.20997e-09
6.89777e-09
5.07249e-09
2.12261e-08
-9.5126e-09
9.56451e-09
1.4735e-07
-6.8264e-07
-2.30329e-06
-3.35913e-06
3.13772e-10
8.469e-11
-1.66643e-10
-3.51423e-10
-4.8046e-10
-5.51561e-10
-5.72721e-10
-5.58557e-10
-5.2479e-10
-4.84633e-10
-4.47194e-10
-4.17256e-10
-3.96443e-10
-3.84411e-10
-3.79694e-10
-3.80573e-10
-3.85385e-10
-3.92513e-10
-4.00398e-10
-4.07441e-10
-4.11573e-10
-4.09819e-10
-3.97583e-10
-3.67498e-10
-3.08578e-10
-2.04775e-10
-3.51319e-11
2.23863e-10
5.91759e-10
1.07585e-09
1.66219e-09
2.30542e-09
2.8503e-09
3.21485e-09
5.25244e-09
6.6863e-09
4.3665e-09
2.40455e-09
2.3814e-09
6.84146e-09
1.68398e-08
8.76811e-09
1.69342e-08
6.06867e-09
1.04544e-08
4.30974e-08
-7.01056e-08
9.15515e-07
-1.72187e-06
-2.72293e-06
3.8147e-10
1.02466e-10
-1.87452e-10
-4.03645e-10
-5.5333e-10
-6.35831e-10
-6.63079e-10
-6.53457e-10
-6.25134e-10
-5.92297e-10
-5.63847e-10
-5.44052e-10
-5.33823e-10
-5.32268e-10
-5.37776e-10
-5.48209e-10
-5.61904e-10
-5.77409e-10
-5.93471e-10
-6.08802e-10
-6.21841e-10
-6.30391e-10
-6.30883e-10
-6.1735e-10
-5.80386e-10
-5.04927e-10
-3.68663e-10
-1.42911e-10
2.01376e-10
6.78938e-10
1.27427e-09
1.93766e-09
2.55417e-09
2.8303e-09
4.15017e-09
3.03228e-09
4.16949e-09
7.30242e-09
8.86049e-09
6.4913e-09
4.80888e-09
1.7041e-08
7.76166e-09
2.30797e-08
2.22333e-08
-6.64828e-09
-8.92682e-09
1.79471e-07
-1.09014e-06
-2.09282e-06
6.49241e-10
3.25584e-10
-3.71148e-13
-2.4569e-10
-4.13129e-10
-5.04211e-10
-5.35095e-10
-5.2776e-10
-5.02785e-10
-4.75207e-10
-4.53703e-10
-4.41795e-10
-4.39661e-10
-4.45817e-10
-4.58208e-10
-4.74654e-10
-4.93497e-10
-5.13511e-10
-5.33614e-10
-5.52881e-10
-5.70137e-10
-5.83738e-10
-5.9101e-10
-5.87698e-10
-5.66137e-10
-5.13908e-10
-4.09979e-10
-2.21623e-10
9.37223e-11
5.74268e-10
1.22052e-09
1.94789e-09
2.55092e-09
2.81672e-09
3.30555e-09
3.18126e-09
4.79744e-09
6.89547e-09
8.61468e-09
9.22136e-09
3.85938e-09
-3.44133e-09
7.18441e-09
-6.64138e-09
-7.01797e-09
8.43394e-09
3.22402e-08
-1.11404e-07
-7.28188e-08
-1.46746e-06
1.03826e-09
6.61664e-10
2.88363e-10
5.39213e-12
-1.85485e-10
-2.89094e-10
-3.26909e-10
-3.25751e-10
-3.08475e-10
-2.90514e-10
-2.80011e-10
-2.79677e-10
-2.89046e-10
-3.05918e-10
-3.27811e-10
-3.52972e-10
-3.7964e-10
-4.06729e-10
-4.33467e-10
-4.59091e-10
-4.82717e-10
-5.0302e-10
-5.17989e-10
-5.24519e-10
-5.17527e-10
-4.88513e-10
-4.2135e-10
-2.8573e-10
-3.16558e-11
4.04786e-10
1.06698e-09
1.90632e-09
2.67768e-09
2.88932e-09
2.30788e-09
3.78517e-09
5.07879e-09
2.3718e-09
-5.96204e-10
1.10777e-09
8.63807e-09
6.93532e-09
2.15773e-09
5.46024e-09
7.31703e-09
-4.98516e-09
-2.0065e-08
-7.29136e-08
1.69061e-06
-8.5801e-07
1.75292e-09
1.35113e-09
9.6658e-10
6.83311e-10
5.03646e-10
4.17031e-10
3.96139e-10
4.10609e-10
4.36094e-10
4.57752e-10
4.68918e-10
4.68455e-10
4.58091e-10
4.40897e-10
4.19605e-10
3.96398e-10
3.7259e-10
3.49188e-10
3.26919e-10
3.06302e-10
2.88096e-10
2.73543e-10
2.64555e-10
2.63787e-10
2.74595e-10
3.01812e-10
3.54008e-10
4.51133e-10
6.392e-10
1.00125e-09
1.63351e-09
2.53221e-09
3.42554e-09
3.86513e-09
3.85432e-09
4.48517e-09
3.4163e-09
2.97676e-09
3.84502e-09
3.16115e-09
3.17711e-09
1.33422e-08
1.11201e-08
1.65096e-08
3.3165e-09
1.33068e-09
-4.31639e-10
1.67967e-08
1.97459e-07
-1.35699e-07
1.84984e-09
1.3896e-09
1.0039e-09
7.37259e-10
5.83941e-10
5.23668e-10
5.21498e-10
5.43692e-10
5.6626e-10
5.76957e-10
5.72199e-10
5.5349e-10
5.24467e-10
4.8885e-10
4.50091e-10
4.10556e-10
3.71704e-10
3.34272e-10
2.98758e-10
2.65456e-10
2.34803e-10
2.07663e-10
1.85904e-10
1.72756e-10
1.71581e-10
1.85927e-10
2.17672e-10
2.68888e-10
3.55431e-10
5.42328e-10
9.82014e-10
1.83654e-09
2.90547e-09
3.40805e-09
3.38075e-09
3.89002e-09
3.52781e-09
5.9384e-09
9.57733e-09
1.16166e-08
9.03525e-09
3.98678e-09
1.47311e-08
6.53128e-09
1.97081e-08
1.53924e-08
-1.69743e-09
1.90572e-08
-2.38441e-07
1.96135e-06
2.14729e-09
1.60092e-09
1.162e-09
8.61456e-10
6.90127e-10
6.18243e-10
6.02854e-10
6.06601e-10
6.06076e-10
5.90241e-10
5.5745e-10
5.10725e-10
4.5486e-10
3.9389e-10
3.30892e-10
2.67988e-10
2.06806e-10
1.48301e-10
9.2366e-11
3.89506e-11
-1.19078e-11
-5.94478e-11
-1.02768e-10
-1.39068e-10
-1.63607e-10
-1.70984e-10
-1.5779e-10
-1.28337e-10
-1.01708e-10
-9.93374e-11
-7.70227e-11
2.16893e-10
1.16107e-09
2.42258e-09
2.9572e-09
2.70944e-09
4.11869e-09
6.12141e-09
7.25071e-09
8.6073e-09
1.02784e-08
6.77972e-09
8.40092e-11
1.08828e-08
4.98269e-09
8.85403e-10
-4.17459e-09
-2.73929e-08
-2.51693e-07
1.62133e-07
2.8532e-09
2.23669e-09
1.76298e-09
1.44468e-09
1.26857e-09
1.19499e-09
1.17384e-09
1.16509e-09
1.14584e-09
1.10777e-09
1.0516e-09
9.82134e-10
9.04625e-10
8.23409e-10
7.41567e-10
6.61228e-10
5.83505e-10
5.08903e-10
4.37337e-10
3.68486e-10
3.02082e-10
2.38208e-10
1.78289e-10
1.24099e-10
8.05167e-11
5.48919e-11
5.5963e-11
9.00718e-11
1.50584e-10
2.00095e-10
1.63412e-10
2.11015e-11
1.87466e-10
1.73281e-09
4.02523e-09
5.27318e-09
6.41687e-09
5.9368e-09
2.34302e-09
-9.34933e-11
2.51391e-09
1.15714e-08
1.07093e-08
8.04346e-09
8.39388e-09
2.17885e-08
2.03806e-08
-1.08803e-09
-7.1993e-08
-3.15903e-07
3.95287e-09
3.25108e-09
2.72499e-09
2.3766e-09
2.18736e-09
2.10573e-09
2.07332e-09
2.04747e-09
2.00614e-09
1.94352e-09
1.86232e-09
1.76836e-09
1.66722e-09
1.56378e-09
1.46128e-09
1.36191e-09
1.26594e-09
1.17337e-09
1.08417e-09
9.97883e-10
9.13914e-10
8.31681e-10
7.51365e-10
6.75245e-10
6.07278e-10
5.54838e-10
5.29713e-10
5.4467e-10
6.11104e-10
7.28509e-10
8.70824e-10
9.9059e-10
1.14966e-09
1.82794e-09
3.44975e-09
4.43585e-09
5.03795e-09
3.38789e-09
3.60129e-09
4.33956e-09
2.99561e-09
2.75692e-09
1.36443e-08
1.16657e-08
2.32348e-08
1.039e-08
4.96931e-09
-1.04425e-09
-1.85342e-08
-1.42068e-07
5.14501e-09
4.47361e-09
4.04845e-09
3.80671e-09
3.71372e-09
3.7066e-09
3.72403e-09
3.72735e-09
3.70144e-09
3.64662e-09
3.56977e-09
3.47919e-09
3.38228e-09
3.28365e-09
3.18646e-09
3.09183e-09
3.0008e-09
2.9136e-09
2.83002e-09
2.74956e-09
2.67159e-09
2.59508e-09
2.52057e-09
2.44908e-09
2.3836e-09
2.33093e-09
2.30249e-09
2.3155e-09
2.39018e-09
2.54482e-09
2.78713e-09
3.10601e-09
3.48041e-09
3.95222e-09
4.71117e-09
5.11704e-09
5.51044e-09
6.59928e-09
9.09e-09
1.16415e-08
1.22489e-08
8.62598e-09
5.25494e-09
1.26895e-08
5.65666e-09
1.3581e-08
2.80856e-08
3.08806e-08
-8.65548e-09
-1.98481e-08
5.02164e-09
4.25635e-09
3.83594e-09
3.62243e-09
3.55818e-09
3.56458e-09
3.57624e-09
3.55814e-09
3.50141e-09
3.41154e-09
3.29894e-09
3.17337e-09
3.04178e-09
2.9088e-09
2.77697e-09
2.64792e-09
2.5224e-09
2.40046e-09
2.28179e-09
2.16574e-09
2.05146e-09
1.93834e-09
1.825e-09
1.71072e-09
1.5973e-09
1.48995e-09
1.39891e-09
1.34117e-09
1.33925e-09
1.41741e-09
1.59611e-09
1.88765e-09
2.28614e-09
2.70859e-09
3.02508e-09
4.09033e-09
4.31662e-09
5.67554e-09
7.45213e-09
9.31729e-09
1.10771e-08
1.07916e-08
5.55678e-09
5.95881e-09
6.98381e-09
1.65296e-08
8.8862e-09
5.84181e-09
8.70768e-09
-8.56914e-08
6.04387e-09
5.2066e-09
4.7827e-09
4.58235e-09
4.53366e-09
4.54612e-09
4.55174e-09
4.51912e-09
4.44421e-09
4.33595e-09
4.20656e-09
4.06515e-09
3.91839e-09
3.77057e-09
3.62405e-09
3.48005e-09
3.33904e-09
3.20103e-09
3.06567e-09
2.93215e-09
2.79936e-09
2.66668e-09
2.53199e-09
2.39403e-09
2.25278e-09
2.11132e-09
1.97796e-09
1.86863e-09
1.80699e-09
1.82025e-09
1.92926e-09
2.14187e-09
2.46197e-09
2.90599e-09
3.49102e-09
4.55974e-09
5.09073e-09
5.23962e-09
4.39288e-09
1.17188e-09
-1.06154e-10
4.20133e-09
6.95308e-09
2.31204e-09
1.11646e-08
8.28681e-10
1.36502e-09
5.30041e-09
1.54829e-09
-1.70944e-08
7.49109e-09
6.55842e-09
6.11342e-09
5.91406e-09
5.8721e-09
5.88403e-09
5.87952e-09
5.8309e-09
5.73855e-09
5.61383e-09
5.46875e-09
5.31364e-09
5.15403e-09
4.99346e-09
4.83384e-09
4.67605e-09
4.5204e-09
4.36689e-09
4.21519e-09
4.06465e-09
3.91408e-09
3.76105e-09
3.60418e-09
3.44195e-09
3.27281e-09
3.09692e-09
2.91973e-09
2.75495e-09
2.62666e-09
2.56714e-09
2.60564e-09
2.7472e-09
2.95428e-09
3.16082e-09
3.39698e-09
3.96083e-09
4.3224e-09
4.59288e-09
2.86307e-09
1.4818e-09
4.06943e-10
5.04904e-11
7.15319e-09
8.98444e-09
3.3793e-09
8.25229e-09
2.1912e-08
2.93212e-08
2.33729e-08
-8.60674e-09
9.21823e-09
8.39588e-09
8.14542e-09
8.12082e-09
8.21683e-09
8.32781e-09
8.39322e-09
8.39831e-09
8.35299e-09
8.27414e-09
8.1754e-09
8.0655e-09
7.95038e-09
7.8332e-09
7.71559e-09
7.59824e-09
7.48135e-09
7.36521e-09
7.24966e-09
7.1344e-09
7.01881e-09
6.90149e-09
6.78018e-09
6.6521e-09
6.51455e-09
6.36609e-09
6.20881e-09
6.05281e-09
5.92067e-09
5.84917e-09
5.88308e-09
6.05245e-09
6.346e-09
6.66203e-09
6.7834e-09
6.72799e-09
7.1757e-09
7.98007e-09
8.76122e-09
1.06662e-08
1.21047e-08
1.09731e-08
8.21879e-09
1.61744e-08
1.60563e-08
2.4105e-08
1.52427e-08
8.72601e-09
2.2278e-08
2.60939e-08
8.35259e-09
7.45166e-09
7.2599e-09
7.30358e-09
7.44756e-09
7.57901e-09
7.64544e-09
7.64291e-09
7.58826e-09
7.50028e-09
7.39327e-09
7.27585e-09
7.15293e-09
7.0271e-09
6.89963e-09
6.7716e-09
6.64333e-09
6.51424e-09
6.38438e-09
6.25313e-09
6.11947e-09
5.98254e-09
5.84e-09
5.68868e-09
5.52457e-09
5.34336e-09
5.1424e-09
4.92519e-09
4.7088e-09
4.52841e-09
4.43195e-09
4.46245e-09
4.62351e-09
4.85748e-09
5.03939e-09
5.00924e-09
5.39855e-09
5.16021e-09
6.34943e-09
8.2399e-09
9.86125e-09
9.99833e-09
6.88106e-09
2.83717e-09
7.73342e-09
4.32528e-09
6.01276e-09
1.29965e-08
1.21279e-08
3.12908e-08
9.3368e-09
8.35397e-09
8.17369e-09
8.23872e-09
8.39779e-09
8.53358e-09
8.59959e-09
8.5984e-09
8.54963e-09
8.47172e-09
8.37719e-09
8.2734e-09
8.16403e-09
8.05114e-09
7.93549e-09
7.81747e-09
7.69825e-09
7.57801e-09
7.45587e-09
7.33135e-09
7.20364e-09
7.07118e-09
6.93222e-09
6.78375e-09
6.62136e-09
6.43917e-09
6.23084e-09
5.99294e-09
5.73344e-09
5.4808e-09
5.28909e-09
5.21556e-09
5.26783e-09
5.37073e-09
5.44455e-09
5.56271e-09
5.88236e-09
5.77666e-09
5.83311e-09
6.1931e-09
6.86846e-09
7.56688e-09
6.41268e-09
1.90725e-09
3.64441e-09
-5.47117e-10
6.58187e-09
1.51628e-08
1.48613e-08
-4.29085e-09
1.16032e-08
1.05528e-08
1.03859e-08
1.04765e-08
1.06582e-08
1.08101e-08
1.08917e-08
1.09108e-08
1.08882e-08
1.0841e-08
1.07798e-08
1.07105e-08
1.06354e-08
1.05562e-08
1.04744e-08
1.03905e-08
1.03035e-08
1.02135e-08
1.01206e-08
1.00245e-08
9.92448e-09
9.81941e-09
9.70765e-09
9.58634e-09
9.45153e-09
9.29694e-09
9.11471e-09
8.89729e-09
8.64026e-09
8.35899e-09
8.10312e-09
7.95023e-09
7.94089e-09
7.97772e-09
7.87768e-09
7.72131e-09
7.92318e-09
8.0394e-09
7.94024e-09
6.93579e-09
4.28882e-09
3.73613e-09
7.39737e-09
8.28233e-09
3.44661e-09
8.91364e-09
9.2639e-09
-2.8049e-09
4.05743e-10
1.49429e-08
1.10666e-08
1.01543e-08
1.02372e-08
1.05263e-08
1.08434e-08
1.10865e-08
1.12385e-08
1.13226e-08
1.13658e-08
1.1386e-08
1.13933e-08
1.13924e-08
1.13867e-08
1.13765e-08
1.13618e-08
1.13428e-08
1.13199e-08
1.12934e-08
1.12636e-08
1.12303e-08
1.11933e-08
1.11518e-08
1.11051e-08
1.10511e-08
1.09868e-08
1.0908e-08
1.08065e-08
1.06698e-08
1.04852e-08
1.02485e-08
9.98782e-09
9.78834e-09
9.75827e-09
9.87863e-09
9.90699e-09
9.65118e-09
9.41773e-09
9.98106e-09
1.08644e-08
1.00538e-08
9.14523e-09
8.13863e-09
8.87778e-09
1.50421e-08
1.58052e-08
1.9427e-08
1.34168e-08
1.80889e-08
1.93126e-08
2.79114e-08
1.0241e-08
9.1565e-09
9.19894e-09
9.4702e-09
9.7655e-09
9.98364e-09
1.01157e-08
1.01883e-08
1.02273e-08
1.02494e-08
1.02616e-08
1.02671e-08
1.02673e-08
1.02631e-08
1.02547e-08
1.02425e-08
1.02267e-08
1.02073e-08
1.01844e-08
1.0158e-08
1.0128e-08
1.00936e-08
1.00538e-08
1.00085e-08
9.95423e-09
9.88616e-09
9.79741e-09
9.67709e-09
9.50864e-09
9.27164e-09
8.95791e-09
8.61264e-09
8.36544e-09
8.3183e-09
8.33284e-09
8.19968e-09
7.75408e-09
7.78665e-09
7.87009e-09
8.12471e-09
9.1678e-09
9.33547e-09
6.84017e-09
5.08344e-09
7.2758e-09
2.33735e-09
8.58217e-09
1.88555e-08
2.25691e-08
1.32791e-08
1.17452e-08
1.04941e-08
1.04756e-08
1.07137e-08
1.09816e-08
1.11781e-08
1.12989e-08
1.13708e-08
1.14169e-08
1.14498e-08
1.14755e-08
1.14963e-08
1.15131e-08
1.15265e-08
1.15365e-08
1.15433e-08
1.15469e-08
1.15474e-08
1.15448e-08
1.15391e-08
1.15299e-08
1.15183e-08
1.15026e-08
1.1481e-08
1.1452e-08
1.14124e-08
1.13571e-08
1.12778e-08
1.11615e-08
1.0987e-08
1.0725e-08
1.03594e-08
9.95804e-09
9.71432e-09
9.72497e-09
9.84781e-09
9.79424e-09
9.62134e-09
8.75052e-09
9.08107e-09
1.00439e-08
1.05441e-08
9.40554e-09
5.81092e-09
7.19311e-09
5.56424e-09
7.41762e-09
1.31956e-09
1.25082e-09
8.97143e-09
1.2815e-08
1.17093e-08
1.18988e-08
1.22861e-08
1.26512e-08
1.29192e-08
1.31068e-08
1.3249e-08
1.33693e-08
1.34797e-08
1.35848e-08
1.36858e-08
1.37835e-08
1.38783e-08
1.39704e-08
1.40597e-08
1.41464e-08
1.42308e-08
1.4313e-08
1.43936e-08
1.44731e-08
1.45509e-08
1.46288e-08
1.47056e-08
1.47812e-08
1.48542e-08
1.4922e-08
1.49801e-08
1.50215e-08
1.50353e-08
1.50047e-08
1.49041e-08
1.47221e-08
1.45756e-08
1.47733e-08
1.53464e-08
1.56769e-08
1.58071e-08
1.56902e-08
1.59426e-08
1.65095e-08
1.71489e-08
1.73031e-08
1.54942e-08
1.15018e-08
1.45154e-08
1.22137e-08
9.70667e-09
9.93656e-09
2.17028e-08
9.96715e-09
8.67094e-09
8.82982e-09
9.19591e-09
9.52282e-09
9.74669e-09
9.8948e-09
1.00043e-08
1.0097e-08
1.01823e-08
1.0264e-08
1.03442e-08
1.04235e-08
1.05014e-08
1.05781e-08
1.06534e-08
1.07274e-08
1.08002e-08
1.08721e-08
1.09433e-08
1.10147e-08
1.10862e-08
1.11574e-08
1.12292e-08
1.13012e-08
1.13731e-08
1.14435e-08
1.15094e-08
1.15653e-08
1.16046e-08
1.16212e-08
1.16151e-08
1.15928e-08
1.15685e-08
1.16048e-08
1.17506e-08
1.1796e-08
1.14919e-08
1.15221e-08
1.14668e-08
1.08373e-08
1.00819e-08
9.96788e-09
9.02826e-09
5.47339e-09
5.51486e-09
8.02801e-10
4.08597e-09
6.51636e-09
4.19859e-10
1.16599e-08
1.01312e-08
1.01902e-08
1.04908e-08
1.07618e-08
1.0941e-08
1.10569e-08
1.11432e-08
1.12184e-08
1.12897e-08
1.1361e-08
1.14331e-08
1.15054e-08
1.15776e-08
1.16498e-08
1.17219e-08
1.17939e-08
1.18651e-08
1.19366e-08
1.20084e-08
1.20807e-08
1.2154e-08
1.22286e-08
1.2305e-08
1.23835e-08
1.24639e-08
1.25461e-08
1.263e-08
1.27122e-08
1.27879e-08
1.2852e-08
1.29098e-08
1.29916e-08
1.31339e-08
1.3261e-08
1.31516e-08
1.31357e-08
1.28048e-08
1.26636e-08
1.21982e-08
1.05306e-08
8.43331e-09
7.80597e-09
9.73972e-09
8.73511e-09
2.87712e-09
3.01992e-09
5.92761e-09
7.11377e-09
3.16038e-09
1.26804e-08
1.13011e-08
1.15366e-08
1.19457e-08
1.22762e-08
1.24988e-08
1.26585e-08
1.27919e-08
1.29162e-08
1.30373e-08
1.31579e-08
1.32785e-08
1.33996e-08
1.35209e-08
1.36427e-08
1.37652e-08
1.38886e-08
1.40145e-08
1.41417e-08
1.42708e-08
1.44022e-08
1.45371e-08
1.46764e-08
1.48204e-08
1.49715e-08
1.51309e-08
1.52999e-08
1.54798e-08
1.56719e-08
1.58768e-08
1.60961e-08
1.6334e-08
1.66188e-08
1.7024e-08
1.75637e-08
1.79755e-08
1.82718e-08
1.84722e-08
1.85148e-08
1.8147e-08
1.79415e-08
1.80805e-08
1.73212e-08
1.7125e-08
1.97803e-08
1.9136e-08
2.03342e-08
1.3233e-08
6.83715e-09
1.92656e-08
9.72444e-09
8.05537e-09
8.19219e-09
8.5221e-09
8.76579e-09
8.90394e-09
8.98629e-09
9.04734e-09
9.10268e-09
9.15965e-09
9.21759e-09
9.27707e-09
9.33848e-09
9.40066e-09
9.46452e-09
9.53021e-09
9.59762e-09
9.66664e-09
9.73785e-09
9.81145e-09
9.8881e-09
9.96842e-09
1.00535e-08
1.01459e-08
1.02447e-08
1.03509e-08
1.04656e-08
1.05897e-08
1.07249e-08
1.08723e-08
1.10361e-08
1.12204e-08
1.14393e-08
1.17507e-08
1.22533e-08
1.28372e-08
1.31566e-08
1.33455e-08
1.31271e-08
1.26108e-08
1.2721e-08
1.28736e-08
1.20366e-08
9.16732e-09
7.93959e-09
5.94303e-09
3.05362e-09
-1.08469e-09
-1.80154e-09
-5.56498e-09
1.42444e-08
1.25168e-08
1.2788e-08
1.3196e-08
1.34901e-08
1.36788e-08
1.38187e-08
1.39411e-08
1.40591e-08
1.41762e-08
1.42943e-08
1.44139e-08
1.45352e-08
1.46611e-08
1.4789e-08
1.49185e-08
1.50495e-08
1.5182e-08
1.5317e-08
1.54541e-08
1.5595e-08
1.57408e-08
1.58927e-08
1.60517e-08
1.62205e-08
1.64013e-08
1.65969e-08
1.68104e-08
1.70465e-08
1.73142e-08
1.7619e-08
1.79757e-08
1.84069e-08
1.89573e-08
1.97318e-08
2.08264e-08
2.19302e-08
2.281e-08
2.32217e-08
2.37562e-08
2.43251e-08
2.47735e-08
2.49733e-08
2.39624e-08
2.08677e-08
2.10465e-08
1.66747e-08
1.81968e-08
2.0944e-08
2.11492e-08
7.78676e-09
6.1126e-09
6.36436e-09
6.71954e-09
6.93033e-09
7.02985e-09
7.08172e-09
7.12052e-09
7.15586e-09
7.19105e-09
7.22781e-09
7.2667e-09
7.30782e-09
7.35005e-09
7.39446e-09
7.44133e-09
7.49005e-09
7.54082e-09
7.5942e-09
7.6533e-09
7.71681e-09
7.78477e-09
7.85797e-09
7.9371e-09
8.02366e-09
8.11904e-09
8.22499e-09
8.3436e-09
8.47726e-09
8.62894e-09
8.80618e-09
9.02585e-09
9.32202e-09
9.74431e-09
1.03713e-08
1.12938e-08
1.23806e-08
1.32437e-08
1.3873e-08
1.41489e-08
1.38734e-08
1.33704e-08
1.30972e-08
1.2535e-08
1.0054e-08
7.78978e-09
3.55372e-09
5.88158e-10
-2.18505e-09
-4.20617e-09
1.5488e-08
1.33548e-08
1.35158e-08
1.38217e-08
1.40071e-08
1.41049e-08
1.417e-08
1.42257e-08
1.42804e-08
1.43363e-08
1.4394e-08
1.44537e-08
1.45154e-08
1.45783e-08
1.46433e-08
1.47102e-08
1.47813e-08
1.48559e-08
1.4932e-08
1.50099e-08
1.5091e-08
1.51761e-08
1.52661e-08
1.53621e-08
1.54654e-08
1.55772e-08
1.56998e-08
1.58357e-08
1.59881e-08
1.61609e-08
1.63649e-08
1.6613e-08
1.69321e-08
1.73823e-08
1.80622e-08
1.90424e-08
2.02505e-08
2.14829e-08
2.25726e-08
2.31432e-08
2.30346e-08
2.24785e-08
2.21145e-08
2.2457e-08
2.18449e-08
1.82734e-08
1.68204e-08
1.16576e-08
1.29458e-09
2.08653e-10
7.7364e-09
6.08569e-09
6.57611e-09
7.00297e-09
7.21956e-09
7.32163e-09
7.38139e-09
7.42723e-09
7.46883e-09
7.5096e-09
7.55076e-09
7.59315e-09
7.63687e-09
7.68169e-09
7.72811e-09
7.77626e-09
7.82533e-09
7.87662e-09
7.93322e-09
7.99219e-09
8.05454e-09
8.12096e-09
8.19244e-09
8.27017e-09
8.35552e-09
8.44966e-09
8.55462e-09
8.67303e-09
8.80759e-09
8.96181e-09
9.14013e-09
9.35383e-09
9.62681e-09
1.0018e-08
1.06318e-08
1.16071e-08
1.29537e-08
1.4569e-08
1.61207e-08
1.74109e-08
1.84195e-08
1.89638e-08
1.88248e-08
1.89866e-08
1.9887e-08
1.87866e-08
1.7816e-08
1.11119e-08
6.42366e-09
1.6422e-09
1.09881e-08
8.87727e-09
9.11636e-09
9.39032e-09
9.50114e-09
9.52741e-09
9.52707e-09
9.52019e-09
9.51246e-09
9.50575e-09
9.5002e-09
9.49651e-09
9.49585e-09
9.49959e-09
9.50557e-09
9.51374e-09
9.52371e-09
9.53541e-09
9.54799e-09
9.56301e-09
9.58087e-09
9.60146e-09
9.62529e-09
9.65314e-09
9.6855e-09
9.72491e-09
9.77214e-09
9.82711e-09
9.8915e-09
9.96724e-09
1.00578e-08
1.01703e-08
1.03201e-08
1.05447e-08
1.09249e-08
1.16085e-08
1.27055e-08
1.40869e-08
1.55333e-08
1.68901e-08
1.79968e-08
1.86918e-08
1.87079e-08
1.75521e-08
1.69913e-08
1.59554e-08
1.23129e-08
8.96768e-09
5.70674e-09
1.33298e-09
1.63615e-08
1.44156e-08
1.49388e-08
1.53447e-08
1.55525e-08
1.56775e-08
1.578e-08
1.58762e-08
1.59708e-08
1.60654e-08
1.61605e-08
1.62563e-08
1.6352e-08
1.64471e-08
1.65426e-08
1.66387e-08
1.67346e-08
1.68312e-08
1.69301e-08
1.70326e-08
1.71378e-08
1.72467e-08
1.73606e-08
1.74804e-08
1.76074e-08
1.7743e-08
1.78897e-08
1.80511e-08
1.82307e-08
1.84312e-08
1.8659e-08
1.89226e-08
1.92418e-08
1.96454e-08
2.02061e-08
2.10514e-08
2.23577e-08
2.41375e-08
2.63091e-08
2.86522e-08
3.09151e-08
3.30005e-08
3.49629e-08
3.64082e-08
3.66889e-08
3.82171e-08
3.72847e-08
3.70932e-08
3.48474e-08
3.30892e-08
6.39895e-09
4.44745e-09
4.89456e-09
5.18676e-09
5.2701e-09
5.272e-09
5.24906e-09
5.21897e-09
5.18691e-09
5.15498e-09
5.12406e-09
5.09435e-09
5.06636e-09
5.03999e-09
5.01517e-09
4.99239e-09
4.9734e-09
4.95643e-09
4.94078e-09
4.92627e-09
4.91395e-09
4.90498e-09
4.89923e-09
4.89629e-09
4.89492e-09
4.89609e-09
4.90023e-09
4.90834e-09
4.92113e-09
4.94118e-09
4.9677e-09
5.00229e-09
5.05085e-09
5.1312e-09
5.2895e-09
5.62242e-09
6.27945e-09
7.36098e-09
8.82936e-09
1.05459e-08
1.23007e-08
1.3871e-08
1.5167e-08
1.63027e-08
1.65268e-08
1.60545e-08
1.54201e-08
1.25893e-08
4.47333e-09
-2.49587e-09
1.35463e-08
1.14093e-08
1.18671e-08
1.21446e-08
1.2228e-08
1.22454e-08
1.22455e-08
1.22408e-08
1.22349e-08
1.22292e-08
1.22266e-08
1.22263e-08
1.22266e-08
1.22276e-08
1.22281e-08
1.22298e-08
1.22337e-08
1.2239e-08
1.22456e-08
1.22536e-08
1.22635e-08
1.22748e-08
1.22879e-08
1.23038e-08
1.23256e-08
1.23517e-08
1.2379e-08
1.24111e-08
1.24487e-08
1.24944e-08
1.2548e-08
1.26114e-08
1.26863e-08
1.27842e-08
1.29352e-08
1.3215e-08
1.37599e-08
1.46945e-08
1.60637e-08
1.78346e-08
1.98926e-08
2.20514e-08
2.39796e-08
2.56131e-08
2.71682e-08
2.73952e-08
2.80724e-08
2.56637e-08
2.0689e-08
1.35388e-08
1.17637e-08
9.96307e-09
1.05859e-08
1.08979e-08
1.09997e-08
1.10377e-08
1.10582e-08
1.10728e-08
1.10851e-08
1.10969e-08
1.11085e-08
1.11204e-08
1.11288e-08
1.11388e-08
1.11538e-08
1.11697e-08
1.11853e-08
1.12018e-08
1.12195e-08
1.12385e-08
1.12591e-08
1.12815e-08
1.13061e-08
1.13332e-08
1.13631e-08
1.13957e-08
1.14358e-08
1.14815e-08
1.15337e-08
1.15919e-08
1.16585e-08
1.1735e-08
1.18235e-08
1.1929e-08
1.20695e-08
1.23015e-08
1.27226e-08
1.34822e-08
1.4677e-08
1.63506e-08
1.84684e-08
2.0977e-08
2.37448e-08
2.63309e-08
2.87216e-08
3.09228e-08
3.2277e-08
3.27839e-08
3.2212e-08
2.86487e-08
8.73391e-09
6.73212e-09
7.2948e-09
7.52072e-09
7.54627e-09
7.51481e-09
7.46741e-09
7.41449e-09
7.35961e-09
7.30477e-09
7.25027e-09
7.19666e-09
7.14834e-09
7.10232e-09
7.05651e-09
7.01226e-09
6.9695e-09
6.92848e-09
6.88886e-09
6.85065e-09
6.81397e-09
6.77891e-09
6.74518e-09
6.7108e-09
6.67453e-09
6.64172e-09
6.61395e-09
6.58556e-09
6.55714e-09
6.52804e-09
6.49741e-09
6.46429e-09
6.42789e-09
6.3841e-09
6.33988e-09
6.32982e-09
6.42424e-09
6.74118e-09
7.36644e-09
8.3852e-09
9.88072e-09
1.18368e-08
1.42083e-08
1.68822e-08
1.92913e-08
2.1643e-08
2.32478e-08
2.49014e-08
2.38338e-08
1.97302e-08
1.27843e-08
1.11156e-08
1.18017e-08
1.20605e-08
1.21276e-08
1.21458e-08
1.21498e-08
1.21482e-08
1.21439e-08
1.2138e-08
1.21321e-08
1.21263e-08
1.21284e-08
1.21272e-08
1.21232e-08
1.21196e-08
1.21166e-08
1.21144e-08
1.21131e-08
1.21123e-08
1.21119e-08
1.21127e-08
1.21149e-08
1.21235e-08
1.21394e-08
1.21568e-08
1.21725e-08
1.21863e-08
1.22028e-08
1.22222e-08
1.2244e-08
1.22667e-08
1.2291e-08
1.23283e-08
1.23816e-08
1.24466e-08
1.25565e-08
1.28096e-08
1.33368e-08
1.425e-08
1.55955e-08
1.74977e-08
2.00432e-08
2.31223e-08
2.66619e-08
3.0096e-08
3.3802e-08
3.69754e-08
3.79501e-08
3.60631e-08
6.51541e-09
4.74457e-09
5.37437e-09
5.53922e-09
5.51682e-09
5.44573e-09
5.35854e-09
5.26477e-09
5.16798e-09
5.06546e-09
4.96437e-09
4.86414e-09
4.76075e-09
4.66693e-09
4.58138e-09
4.4963e-09
4.41283e-09
4.33154e-09
4.25144e-09
4.17114e-09
4.08842e-09
4.00689e-09
3.92566e-09
3.84234e-09
3.75614e-09
3.66785e-09
3.57926e-09
3.49733e-09
3.4092e-09
3.31357e-09
3.20765e-09
3.0807e-09
2.93515e-09
2.76201e-09
2.55724e-09
2.33114e-09
2.12264e-09
1.93099e-09
1.842e-09
1.95353e-09
2.41906e-09
3.30034e-09
4.74987e-09
6.84976e-09
9.52632e-09
1.25186e-08
1.55966e-08
1.84009e-08
2.06418e-08
1.95417e-08
8.15796e-09
6.76211e-09
7.48e-09
7.65133e-09
7.64096e-09
7.58244e-09
7.50527e-09
7.41933e-09
7.32951e-09
7.25152e-09
7.17413e-09
7.09693e-09
7.01888e-09
6.9385e-09
6.85684e-09
6.77041e-09
6.68503e-09
6.60125e-09
6.51868e-09
6.44023e-09
6.37161e-09
6.30378e-09
6.23587e-09
6.16746e-09
6.09736e-09
6.02599e-09
5.95083e-09
5.86754e-09
5.77403e-09
5.66965e-09
5.55504e-09
5.44421e-09
5.31579e-09
5.16239e-09
4.97712e-09
4.75313e-09
4.47597e-09
4.22158e-09
3.99922e-09
3.8866e-09
4.00015e-09
4.44817e-09
5.39489e-09
7.10447e-09
9.58486e-09
1.28118e-08
1.65282e-08
2.07162e-08
2.4584e-08
2.59252e-08
1.05117e-08
9.11165e-09
9.78697e-09
9.93247e-09
9.93113e-09
9.89569e-09
9.84756e-09
9.79421e-09
9.73708e-09
9.67333e-09
9.61086e-09
9.54829e-09
9.48347e-09
9.41777e-09
9.3534e-09
9.30379e-09
9.25466e-09
9.2076e-09
9.16033e-09
9.11192e-09
9.06084e-09
9.01098e-09
8.96096e-09
8.91031e-09
8.85547e-09
8.80013e-09
8.74269e-09
8.68066e-09
8.625e-09
8.57068e-09
8.51008e-09
8.43284e-09
8.34137e-09
8.2287e-09
8.085e-09
7.90952e-09
7.72018e-09
7.51634e-09
7.30327e-09
7.12452e-09
7.09587e-09
7.31073e-09
7.87461e-09
9.07091e-09
1.1218e-08
1.4256e-08
1.81787e-08
2.28526e-08
2.78372e-08
3.12095e-08
3.8102e-09
2.68011e-09
3.36306e-09
3.4505e-09
3.38155e-09
3.26678e-09
3.13125e-09
2.9863e-09
2.83525e-09
2.67942e-09
2.52489e-09
2.37113e-09
2.22648e-09
2.08785e-09
1.95108e-09
1.81061e-09
1.67141e-09
1.53509e-09
1.39817e-09
1.26068e-09
1.1234e-09
9.86793e-10
8.49373e-10
7.09574e-10
5.78661e-10
4.44901e-10
3.05203e-10
1.56867e-10
-7.11209e-12
-1.92766e-10
-3.98251e-10
-6.31897e-10
-8.9992e-10
-1.20319e-09
-1.54162e-09
-1.94494e-09
-2.44069e-09
-3.03024e-09
-3.67958e-09
-4.38228e-09
-5.11271e-09
-5.80741e-09
-6.33326e-09
-6.50088e-09
-5.95395e-09
-4.40913e-09
-1.94111e-09
1.69216e-09
6.46015e-09
1.06383e-08
1.22911e-08
1.13571e-08
1.20436e-08
1.21628e-08
1.21637e-08
1.21325e-08
1.20864e-08
1.20331e-08
1.19771e-08
1.19268e-08
1.18765e-08
1.18262e-08
1.17706e-08
1.17138e-08
1.16573e-08
1.16008e-08
1.15447e-08
1.14895e-08
1.14399e-08
1.13943e-08
1.1349e-08
1.13043e-08
1.12599e-08
1.12149e-08
1.11636e-08
1.11123e-08
1.10592e-08
1.10041e-08
1.09442e-08
1.08882e-08
1.08276e-08
1.07574e-08
1.06746e-08
1.0572e-08
1.04333e-08
1.02718e-08
1.00854e-08
9.85978e-09
9.59144e-09
9.28879e-09
9.00055e-09
8.74367e-09
8.58583e-09
8.68598e-09
9.37424e-09
1.10219e-08
1.38967e-08
1.83033e-08
2.48049e-08
3.21831e-08
2.2138e-08
2.12169e-08
2.18609e-08
2.20328e-08
2.21481e-08
2.22585e-08
2.23678e-08
2.24765e-08
2.25823e-08
2.26854e-08
2.27878e-08
2.28917e-08
2.30003e-08
2.31075e-08
2.32133e-08
2.33188e-08
2.34233e-08
2.35259e-08
2.36259e-08
2.37245e-08
2.38232e-08
2.39236e-08
2.40269e-08
2.41319e-08
2.42474e-08
2.43714e-08
2.45032e-08
2.46443e-08
2.47965e-08
2.49592e-08
2.51396e-08
2.53407e-08
2.55655e-08
2.58184e-08
2.61189e-08
2.64582e-08
2.68336e-08
2.72673e-08
2.77751e-08
2.83868e-08
2.91092e-08
2.99975e-08
3.1074e-08
3.24393e-08
3.43311e-08
3.72072e-08
4.13424e-08
4.73914e-08
5.65522e-08
6.8319e-08
2.67018e-08
2.57882e-08
2.63784e-08
2.65687e-08
2.67408e-08
2.69226e-08
2.71085e-08
2.72993e-08
2.74974e-08
2.76969e-08
2.78959e-08
2.80949e-08
2.82888e-08
2.84811e-08
2.86717e-08
2.88619e-08
2.90519e-08
2.92414e-08
2.94291e-08
2.96199e-08
2.98105e-08
3.0004e-08
3.02028e-08
3.04058e-08
3.06137e-08
3.0831e-08
3.10626e-08
3.13108e-08
3.15825e-08
3.18806e-08
3.22211e-08
3.2603e-08
3.30296e-08
3.35174e-08
3.40697e-08
3.47107e-08
3.54628e-08
3.63526e-08
3.73901e-08
3.8596e-08
4.00479e-08
4.17773e-08
4.37823e-08
4.61666e-08
4.90668e-08
5.28331e-08
5.77448e-08
6.46539e-08
7.50643e-08
8.91127e-08
3.74297e-08
3.64827e-08
3.70157e-08
3.72571e-08
3.75301e-08
3.78387e-08
3.81738e-08
3.852e-08
3.88704e-08
3.92219e-08
3.95718e-08
3.99216e-08
4.02608e-08
4.05965e-08
4.09281e-08
4.12581e-08
4.15869e-08
4.19141e-08
4.22489e-08
4.25836e-08
4.29159e-08
4.32512e-08
4.35941e-08
4.39459e-08
4.43055e-08
4.46752e-08
4.50692e-08
4.54907e-08
4.59516e-08
4.64569e-08
4.70159e-08
4.76498e-08
4.83778e-08
4.92137e-08
5.01651e-08
5.12684e-08
5.25526e-08
5.40622e-08
5.58727e-08
5.79916e-08
6.04835e-08
6.34462e-08
6.68772e-08
7.08751e-08
7.55558e-08
8.11267e-08
8.79664e-08
9.67422e-08
1.09023e-07
1.25533e-07
4.98278e-08
4.87082e-08
4.91656e-08
4.94715e-08
4.9868e-08
5.03269e-08
5.08178e-08
5.13255e-08
5.18328e-08
5.2339e-08
5.28411e-08
5.33418e-08
5.38572e-08
5.43684e-08
5.48734e-08
5.53754e-08
5.58746e-08
5.63662e-08
5.68551e-08
5.73422e-08
5.78195e-08
5.82988e-08
5.87873e-08
5.92899e-08
5.98112e-08
6.03643e-08
6.09536e-08
6.15826e-08
6.22643e-08
6.301e-08
6.38356e-08
6.47628e-08
6.57999e-08
6.69906e-08
6.83856e-08
7.00188e-08
7.19283e-08
7.41611e-08
7.67546e-08
7.98634e-08
8.35306e-08
8.77594e-08
9.27313e-08
9.85278e-08
1.05158e-07
1.13026e-07
1.2233e-07
1.33596e-07
1.48321e-07
1.66781e-07
5.77873e-08
5.64659e-08
5.68428e-08
5.71723e-08
5.76241e-08
5.81523e-08
5.872e-08
5.93105e-08
5.99344e-08
6.05617e-08
6.11796e-08
6.17941e-08
6.24008e-08
6.30012e-08
6.35933e-08
6.41809e-08
6.47648e-08
6.5342e-08
6.59128e-08
6.64822e-08
6.70712e-08
6.76638e-08
6.82666e-08
6.88863e-08
6.9521e-08
7.01733e-08
7.08672e-08
7.16095e-08
7.24122e-08
7.32824e-08
7.42448e-08
7.5345e-08
7.66256e-08
7.80932e-08
7.97803e-08
8.17144e-08
8.39763e-08
8.66674e-08
8.98853e-08
9.36278e-08
9.80175e-08
1.03216e-07
1.09273e-07
1.16249e-07
1.24498e-07
1.33997e-07
1.45153e-07
1.58674e-07
1.75366e-07
1.94632e-07
6.42198e-08
6.25601e-08
6.28587e-08
6.32303e-08
6.37586e-08
6.43773e-08
6.5047e-08
6.57428e-08
6.6444e-08
6.716e-08
6.78941e-08
6.86246e-08
6.93498e-08
7.00671e-08
7.07687e-08
7.14621e-08
7.21517e-08
7.28364e-08
7.35157e-08
7.42158e-08
7.49104e-08
7.56105e-08
7.63184e-08
7.70477e-08
7.77945e-08
7.85606e-08
7.93688e-08
8.02391e-08
8.11846e-08
8.22467e-08
8.34218e-08
8.47422e-08
8.6239e-08
8.79418e-08
8.99014e-08
9.22299e-08
9.49726e-08
9.81824e-08
1.01934e-07
1.0644e-07
1.11711e-07
1.17873e-07
1.25104e-07
1.33501e-07
1.43304e-07
1.54734e-07
1.68192e-07
1.84195e-07
2.03743e-07
2.24384e-07
9.04157e-08
8.84988e-08
8.87246e-08
8.92094e-08
8.99396e-08
9.08197e-08
9.17776e-08
9.2757e-08
9.37505e-08
9.47421e-08
9.57249e-08
9.67042e-08
9.76734e-08
9.86369e-08
9.96182e-08
1.00583e-07
1.01539e-07
1.02491e-07
1.03413e-07
1.04326e-07
1.05243e-07
1.06166e-07
1.07093e-07
1.08047e-07
1.09039e-07
1.10093e-07
1.1119e-07
1.1237e-07
1.13644e-07
1.15031e-07
1.16547e-07
1.18239e-07
1.20168e-07
1.22425e-07
1.25039e-07
1.28051e-07
1.31549e-07
1.35638e-07
1.40518e-07
1.46209e-07
1.52811e-07
1.60547e-07
1.69454e-07
1.79787e-07
1.91645e-07
2.05422e-07
2.21307e-07
2.40049e-07
2.62335e-07
2.85396e-07
9.62161e-08
9.46381e-08
9.48028e-08
9.52403e-08
9.58852e-08
9.66337e-08
9.74446e-08
9.83203e-08
9.92222e-08
1.0012e-07
1.01006e-07
1.01886e-07
1.0276e-07
1.0362e-07
1.04455e-07
1.0526e-07
1.06053e-07
1.06845e-07
1.07663e-07
1.08471e-07
1.09285e-07
1.10103e-07
1.10923e-07
1.11759e-07
1.1262e-07
1.13511e-07
1.14417e-07
1.15379e-07
1.16416e-07
1.17553e-07
1.18874e-07
1.20343e-07
1.22002e-07
1.23886e-07
1.26004e-07
1.28426e-07
1.31311e-07
1.34733e-07
1.38653e-07
1.43147e-07
1.48521e-07
1.54636e-07
1.61605e-07
1.69772e-07
1.78914e-07
1.89563e-07
2.00874e-07
2.14781e-07
2.31283e-07
2.47438e-07
2.49397e-08
2.41868e-08
2.43423e-08
2.42844e-08
2.41692e-08
2.40583e-08
2.39343e-08
2.38009e-08
2.36706e-08
2.35208e-08
2.3338e-08
2.31606e-08
2.30014e-08
2.28506e-08
2.272e-08
2.26393e-08
2.25679e-08
2.2501e-08
2.23932e-08
2.2282e-08
2.21926e-08
2.21023e-08
2.20022e-08
2.19033e-08
2.18017e-08
2.17113e-08
2.16735e-08
2.16041e-08
2.15412e-08
2.1489e-08
2.14301e-08
2.13899e-08
2.13022e-08
2.11712e-08
2.10843e-08
2.11089e-08
2.11671e-08
2.10976e-08
2.11119e-08
2.14143e-08
2.16259e-08
2.20879e-08
2.28578e-08
2.36478e-08
2.514e-08
2.65498e-08
2.30159e-08
2.26927e-08
2.38743e-08
2.21846e-08
-8.91633e-08
-8.80342e-08
-8.78762e-08
-8.80068e-08
-8.82435e-08
-8.85852e-08
-8.89475e-08
-8.93409e-08
-8.97359e-08
-9.02077e-08
-9.06753e-08
-9.11121e-08
-9.15323e-08
-9.19286e-08
-9.23222e-08
-9.27228e-08
-9.31126e-08
-9.35059e-08
-9.4023e-08
-9.45347e-08
-9.50127e-08
-9.54617e-08
-9.58727e-08
-9.62754e-08
-9.67107e-08
-9.71334e-08
-9.75811e-08
-9.82354e-08
-9.89303e-08
-9.9671e-08
-1.00486e-07
-1.0135e-07
-1.0222e-07
-1.03373e-07
-1.04875e-07
-1.06546e-07
-1.08458e-07
-1.10962e-07
-1.13813e-07
-1.1724e-07
-1.21642e-07
-1.26517e-07
-1.32806e-07
-1.40077e-07
-1.48791e-07
-1.59665e-07
-1.8494e-07
-2.06981e-07
-2.30878e-07
-2.58106e-07
-8.73284e-07
-8.70355e-07
-8.70141e-07
-8.71205e-07
-8.73022e-07
-8.7525e-07
-8.77725e-07
-8.80324e-07
-8.83008e-07
-8.85614e-07
-8.88182e-07
-8.90775e-07
-8.93385e-07
-8.95995e-07
-8.98596e-07
-9.01184e-07
-9.03768e-07
-9.06335e-07
-9.08725e-07
-9.11117e-07
-9.13569e-07
-9.16069e-07
-9.18623e-07
-9.21262e-07
-9.23958e-07
-9.26811e-07
-9.29838e-07
-9.32866e-07
-9.36165e-07
-9.39825e-07
-9.43931e-07
-9.48623e-07
-9.54048e-07
-9.6012e-07
-9.67006e-07
-9.75236e-07
-9.85027e-07
-9.96217e-07
-1.00957e-06
-1.0254e-06
-1.04347e-06
-1.06487e-06
-1.08916e-06
-1.11736e-06
-1.15018e-06
-1.18756e-06
-1.21179e-06
-1.25274e-06
-1.30493e-06
-1.36577e-06
)
;

boundaryField
{
    top
    {
        type            zeroGradient;
    }
    bottom
    {
        type            zeroGradient;
    }
    downSlope
    {
        type            zeroGradient;
    }
    upSlope
    {
        type            zeroGradient;
    }
    sides
    {
        type            empty;
    }
}


// ************************************************************************* //
