/*--------------------------------*- C++ -*----------------------------------*\
| =========                 |                                                 |
| \\      /  F ield         | OpenFOAM: The Open Source CFD Toolbox           |
|  \\    /   O peration     | Version:  v1912                                 |
|   \\  /    A nd           | Website:  www.openfoam.com                      |
|    \\/     M anipulation  |                                                 |
\*---------------------------------------------------------------------------*/
FoamFile
{
    version     2.0;
    format      ascii;
    class       surfaceScalarField;
    location    "31536000";
    object      psi_F;
}
// * * * * * * * * * * * * * * * * * * * * * * * * * * * * * * * * * * * * * //

dimensions      [0 1 0 0 0 0 0];


internalField   nonuniform List<scalar> 
8365
(
-158.114
-158
-158.13
-158.316
-158.017
-158.046
-158
-158.006
-158
-158.003
-158
-158.001
-158
-158
-158
-158
-158
-158
-158
-158
-158
-158
-158
-158
-158
-158
-158
-158
-158
-158
-158
-158
-158
-158
-158
-158
-158
-158
-158
-158
-158
-158
-158
-158
-158
-158
-158
-158
-158
-158
-158
-158
-158
-158
-158
-158
-157.995
-158
-157.994
-146.192
-79.6058
-157.995
-1.32492
-2.07168
-1.23534
-1.4625
-0.815662
-1.05123
-0.434908
-0.612833
-0.16007
-0.287362
0.0217413
-0.0607555
0.133419
0.0786102
0.215462
0.164225
0.293116
0.243126
0.368774
0.319577
0.443099
0.394471
0.51641
0.468247
0.588898
0.54111
0.660734
0.613237
0.732044
0.684795
0.802841
0.755868
0.872921
0.826404
0.941246
0.896067
0.963293
-158.202
-157.976
-158.231
-158.565
-158.035
-158.08
-158.008
-158.018
-158.003
-158.007
-158.001
-158.003
-158.001
-158.001
-158
-158
-158
-158
-158
-158
-158
-158
-158
-158
-158
-158
-158
-158
-158
-158
-158
-158
-158
-158
-158
-158
-158
-158
-158
-158
-158
-158
-158
-158
-158
-158
-158
-158
-158
-158
-158
-158
-158
-158
-158
-158
-146.303
-157.999
-146.299
-104.548
-80.4538
-151.338
-2.20137
-3.66956
-1.278
-1.52503
-0.848111
-1.0859
-0.465017
-0.644602
-0.187798
-0.316478
-0.00365791
-0.087536
0.10963
0.0545681
0.192098
0.141086
0.269796
0.220024
0.345483
0.296502
0.419829
0.371417
0.493157
0.445212
0.565659
0.51809
0.637507
0.590227
0.708828
0.661795
0.77964
0.73288
0.849758
0.803436
0.91832
0.873158
0.940782
-158.339
-122.597
-158.413
-158.515
-158.063
-158.144
-158.017
-158.037
-158.006
-158.011
-158.002
-158.004
-158.001
-158.001
-158
-158
-158
-158
-158
-158
-158
-158
-158
-158
-158
-158
-158
-158
-158
-158
-158
-158
-158
-158
-158
-158
-158
-158
-158
-158
-158
-158
-158
-158
-158
-158
-158
-158
-158
-158
-158
-158
-158
-158
-158
-158
-116.513
-157.999
-109.914
-66.4891
-74.6061
-95.6943
-2.98616
-4.8172
-1.33244
-1.60424
-0.882085
-1.12284
-0.495787
-0.677136
-0.215963
-0.346101
-0.0290811
-0.114712
0.0862351
0.0307807
0.169218
0.118448
0.246936
0.197383
0.322642
0.273877
0.397006
0.348807
0.470349
0.422618
0.542863
0.495508
0.614721
0.567655
0.686052
0.639231
0.756881
0.710328
0.827041
0.780907
0.895822
0.850694
0.918672
-123.09
-76.3413
-158.247
-158.138
-158.118
-158.264
-158.031
-158.077
-158.009
-158.017
-158.003
-158.004
-158.001
-158.002
-158
-158.001
-158
-158
-158
-158
-158
-158
-158
-158
-158
-158
-158
-158
-158
-158
-158
-158
-158
-158
-158
-158
-158
-158
-158
-158
-158
-158
-158
-158
-158
-158
-158
-158
-158
-158
-158
-158
-158
-158
-158
-158
-108.052
-157.997
-52.7838
-53.8881
-26.3399
-40.8558
-3.43128
-5.31563
-1.39409
-1.69165
-0.917569
-1.16197
-0.527168
-0.710402
-0.244592
-0.376169
-0.0546201
-0.142366
0.0632007
0.00528965
0.146814
0.0962849
0.224526
0.175192
0.300244
0.251692
0.374621
0.326633
0.447978
0.400456
0.520501
0.473357
0.592366
0.54551
0.663708
0.617094
0.734554
0.688203
0.80476
0.758806
0.873743
0.828662
0.896959
-111.493
-58.782
-158.156
-135.471
-158.222
-158.164
-158.062
-158.145
-158.012
-158.035
-158.003
-158.004
-158.001
-158.001
-158
-158.001
-158
-158
-158
-158
-158
-158
-158
-158
-158
-158
-158
-158
-158
-158
-158
-158
-158
-158
-158
-158
-158
-158
-158
-158
-158
-158
-158
-158
-158
-158
-158
-158
-158
-158
-158
-158
-158
-158
-157.998
-157.99
-103.872
-154.614
-42.0566
-47.0977
-19.8895
-31.1154
-3.57472
-5.46665
-1.45895
-1.78141
-0.954468
-1.2031
-0.559115
-0.744366
-0.273681
-0.406628
-0.0822077
-0.170392
0.0385954
-0.0208051
0.124861
0.0744881
0.202557
0.153443
0.278279
0.229939
0.352666
0.304884
0.426033
0.378718
0.498564
0.451627
0.570436
0.523786
0.641786
0.595376
0.712651
0.666496
0.782905
0.737124
0.852073
0.807052
0.875635
-83.0159
-48.8675
-135.682
-97.2077
-158.089
-149.989
-158.117
-158.091
-158.026
-158.077
-158.002
-158.004
-158.001
-158.002
-158
-158
-158
-158
-158
-158
-158
-158
-158
-158
-158
-158
-158
-158
-158
-158
-158
-158
-158
-158
-158
-158
-158
-158
-158
-158
-158
-158
-158
-158
-158
-158
-158
-158
-158
-158
-158
-158
-157.99
-158
-154.636
-142.031
-97.8935
-128.014
-36.2092
-42.5457
-16.721
-26.0306
-3.67246
-5.5539
-1.52496
-1.87126
-0.99265
-1.246
-0.591587
-0.778994
-0.303075
-0.437433
-0.10875
-0.198627
0.0152973
-0.045666
0.103265
0.0529434
0.181019
0.132123
0.256738
0.208608
0.331131
0.283554
0.404507
0.357396
0.477043
0.430312
0.54892
0.502473
0.620279
0.574068
0.691162
0.645199
0.761465
0.715853
0.830805
0.785853
0.854695
-63.2373
-42.6059
-111.731
-72.769
-150.063
-122.459
-158.051
-154.816
-158.055
-158.051
-158.003
-158.015
-158.001
-158.004
-158
-158
-158
-158
-158
-158
-158
-158
-158
-158
-158
-158
-158
-158
-158
-158
-158
-158
-158
-158
-158
-158
-158
-158
-158
-158
-158
-158
-158
-158
-158
-158
-158
-158
-158
-158
-158
-157.995
-142.183
-157.99
-115.759
-113.559
-72.8915
-93.2636
-32.4013
-39.029
-14.88
-22.9336
-3.75198
-5.61601
-1.5917
-1.96082
-1.03199
-1.29046
-0.624544
-0.81425
-0.332719
-0.468546
-0.135304
-0.227014
-0.0078119
-0.0705572
0.0819934
0.0316078
0.159902
0.111222
0.235614
0.187692
0.310009
0.262632
0.383391
0.336481
0.455931
0.409401
0.527811
0.481564
0.599178
0.553162
0.67008
0.624304
0.740431
0.694984
0.809931
0.765055
0.834133
-52.2366
-38.2905
-83.7494
-59.2147
-127.416
-91.7287
-154.845
-133.519
-158.011
-154.328
-158.015
-158.008
-158.003
-158.002
-158
-158.001
-158
-158
-158
-158
-158
-158
-158
-158
-158
-158
-158
-158
-158
-158
-158
-158
-158
-158
-158
-158
-158
-158
-158
-158
-158
-158
-158
-158
-158
-158
-158
-158
-157.995
-157.999
-157.986
-149.91
-129.481
-143.281
-91.2842
-92.8372
-59.5215
-74.636
-29.5866
-36.143
-13.6804
-20.8423
-3.8242
-5.66882
-1.65898
-2.04999
-1.07236
-1.33632
-0.657951
-0.850097
-0.362573
-0.499934
-0.162027
-0.255513
-0.0309294
-0.0956923
0.0610254
0.0104518
0.139198
0.0907316
0.214897
0.167181
0.289291
0.242111
0.362678
0.315965
0.43522
0.388888
0.507101
0.46105
0.578474
0.53265
0.649394
0.603802
0.719794
0.674508
0.789441
0.744649
0.813941
-45.3308
-35.1207
-67.3416
-50.7338
-98.0954
-73.6187
-133.197
-103.564
-154.358
-134.872
-157.995
-149.812
-158
-156.596
-158.001
-157.994
-158
-157.994
-158
-157.995
-158
-157.996
-158
-157.996
-158
-157.996
-158
-157.997
-158
-157.997
-158
-157.997
-158
-157.997
-158
-157.998
-158
-157.998
-158
-157.998
-158
-157.998
-158
-157.998
-158
-157.997
-157.999
-157.996
-149.986
-156.781
-135.408
-129.599
-106.841
-116.809
-76.3236
-79.2359
-51.3312
-63.2516
-27.4182
-33.7697
-12.8383
-19.3309
-3.89398
-5.71945
-1.72672
-2.13876
-1.11368
-1.38342
-0.691775
-0.886498
-0.392604
-0.531567
-0.188936
-0.284091
-0.0541025
-0.121086
0.0403442
-0.0141133
0.118897
0.0706107
0.194579
0.147067
0.268969
0.221984
0.342358
0.29584
0.414901
0.368765
0.486782
0.440924
0.558161
0.512525
0.629098
0.583686
0.699545
0.654417
0.769329
0.724626
0.794114
-40.5665
-32.687
-57.103
-44.9149
-79.2572
-62.2498
-105.489
-83.9867
-130.541
-108.041
-148.498
-128.244
-156.602
-141.206
-157.987
-146.519
-157.99
-148.786
-157.991
-150.091
-157.992
-150.867
-157.993
-151.363
-157.993
-151.73
-157.993
-152.049
-157.994
-152.373
-157.994
-152.723
-157.995
-153.108
-157.995
-153.516
-157.996
-153.915
-157.996
-154.24
-157.996
-154.382
-157.995
-154.15
-157.993
-153.167
-156.788
-150.485
-136.516
-142.243
-111.219
-108.554
-89.3619
-96.8984
-66.2545
-69.656
-45.7405
-55.5575
-25.6979
-31.8008
-12.2176
-18.187
-3.96361
-5.77125
-1.79485
-2.22719
-1.15586
-1.43163
-0.725982
-0.923416
-0.422782
-0.563418
-0.215997
-0.312721
-0.0808557
-0.14658
0.0163691
-0.0389768
0.0989597
0.0507499
0.174651
0.12734
0.249034
0.202241
0.322425
0.276098
0.394967
0.349023
0.466846
0.421177
0.538229
0.492778
0.609184
0.563948
0.679677
0.634704
0.749588
0.704978
0.774645
-37.0668
-30.757
-50.1245
-40.667
-67.0888
-54.4712
-86.7076
-71.2092
-105.966
-89.4427
-121.198
-105.427
-131.351
-116.684
-137.502
-123.832
-141.04
-128.054
-143.101
-130.524
-144.361
-132.005
-145.215
-132.954
-145.895
-133.654
-146.532
-134.261
-147.199
-134.874
-147.928
-135.537
-148.713
-136.265
-149.512
-137.038
-150.229
-137.795
-150.691
-138.414
-150.602
-138.682
-149.399
-138.236
-145.77
-136.363
-136.126
-131.336
-114.48
-118.732
-94.3854
-93.4404
-77.301
-83.2865
-59.024
-62.56
-41.6545
-50.0035
-24.3024
-30.1503
-11.7449
-17.2929
-4.03419
-5.82576
-1.86335
-2.31532
-1.19881
-1.48084
-0.760541
-0.960815
-0.453083
-0.59546
-0.24306
-0.34138
-0.104489
-0.172058
-0.00440896
-0.0608205
0.0793076
0.031084
0.155106
0.107992
0.22948
0.182875
0.302871
0.256732
0.375409
0.329655
0.447285
0.401803
0.518672
0.473403
0.589644
0.54458
0.66018
0.61536
0.730209
0.685696
0.755528
-34.3814
-29.1881
-45.0593
-37.4275
-58.6674
-48.8115
-74.0582
-62.3068
-89.0566
-76.7421
-101.094
-89.4293
-109.363
-98.5593
-114.59
-104.487
-117.748
-108.113
-119.64
-110.28
-120.81
-111.59
-121.605
-112.431
-122.233
-113.047
-122.817
-113.577
-123.426
-114.105
-124.089
-114.674
-124.805
-115.298
-125.537
-115.961
-126.196
-116.611
-126.621
-117.142
-126.533
-117.37
-125.416
-116.976
-122.142
-115.35
-114.14
-111.09
-97.8424
-101.109
-82.4489
-82.4315
-68.6236
-73.5676
-53.5884
-57.1037
-38.5273
-45.8057
-23.1511
-28.7529
-11.3771
-16.578
-4.10624
-5.88363
-1.9322
-2.40322
-1.24246
-1.53096
-0.795421
-0.998659
-0.483484
-0.627671
-0.270133
-0.37005
-0.128176
-0.197521
-0.0251409
-0.082805
0.059943
0.0116092
0.135934
0.089014
0.210299
0.163878
0.283688
0.237733
0.356222
0.310655
0.428093
0.382795
0.499483
0.454391
0.570469
0.525575
0.641048
0.596378
0.711186
0.666774
0.736755
-32.2534
-27.8876
-41.2144
-34.8756
-52.5064
-44.5089
-65.0716
-55.7637
-77.2214
-67.6315
-87.0215
-78.0647
-93.8236
-85.6536
-98.1587
-90.6175
-100.797
-93.6736
-102.386
-95.5082
-103.369
-96.6195
-104.032
-97.3305
-104.55
-97.8453
-105.025
-98.2822
-105.515
-98.7125
-106.045
-99.1721
-106.617
-99.6738
-107.199
-100.205
-107.723
-100.726
-108.058
-101.15
-107.98
-101.328
-107.075
-101.002
-104.457
-99.6782
-98.203
-96.2574
-85.8064
-88.4215
-73.6297
-74.1277
-62.1064
-66.3158
-49.3591
-52.7845
-36.0534
-42.5232
-22.1885
-27.5592
-11.0872
-15.9971
-4.17994
-5.94502
-2.00136
-2.49092
-1.28676
-1.58189
-0.830593
-1.03691
-0.513964
-0.660028
-0.297194
-0.398714
-0.151936
-0.222947
-0.0458683
-0.104944
0.0408521
-0.0105612
0.117127
0.0703739
0.191482
0.145242
0.264869
0.219096
0.337397
0.292014
0.409262
0.364144
0.480653
0.435736
0.551654
0.506926
0.622273
0.577751
0.692512
0.648204
0.718322
-30.5254
-26.7924
-38.1973
-32.8148
-47.8085
-41.1295
-58.3838
-50.7572
-68.5529
-60.8032
-76.789
-69.6436
-82.549
-76.1293
-86.2397
-80.3971
-88.4951
-83.0364
-89.855
-84.6253
-90.6956
-85.5878
-91.2589
-86.2013
-91.6934
-86.6409
-92.0864
-87.009
-92.4873
-87.3671
-92.9188
-87.7463
-93.3816
-88.1581
-93.852
-88.5933
-94.2737
-89.0181
-94.5416
-89.3632
-94.4716
-89.5052
-93.7257
-89.2294
-91.5946
-88.1297
-86.5805
-85.3195
-76.8236
-78.9892
-66.8746
-67.6647
-57.0395
-60.7089
-45.9791
-49.2855
-34.047
-39.8884
-21.3752
-26.5316
-10.857
-15.5195
-4.25532
-6.00987
-2.07082
-2.57846
-1.33164
-1.63355
-0.866027
-1.07554
-0.544504
-0.692507
-0.324224
-0.427357
-0.175741
-0.248316
-0.069425
-0.127124
0.0191559
-0.0328427
0.098655
0.0519864
0.173023
0.12696
0.246407
0.200813
0.318927
0.273726
0.390784
0.345844
0.462176
0.41743
0.53319
0.488626
0.603848
0.559472
0.674179
0.629977
0.700222
-29.0947
-25.8583
-35.7688
-31.1174
-44.1115
-38.4077
-53.223
-46.8068
-61.9533
-55.5055
-69.0535
-63.1732
-74.0538
-68.8427
-77.2745
-72.5959
-79.2499
-74.9272
-80.4429
-76.3345
-81.1793
-77.187
-81.6696
-77.7284
-82.0434
-78.1125
-82.3771
-78.4303
-82.714
-78.7357
-83.0743
-79.0565
-83.4592
-79.4033
-83.8495
-79.7687
-84.1983
-80.1245
-84.418
-80.4125
-84.3541
-80.5284
-83.7234
-80.2897
-81.9414
-79.3531
-77.8071
-76.9853
-69.8927
-71.7349
-61.5469
-62.5025
-52.9913
-56.25
-43.2197
-46.3976
-32.388
-37.7292
-20.6822
-25.6409
-10.674
-15.1235
-4.33232
-6.07798
-2.14057
-2.66587
-1.37704
-1.68588
-0.901695
-1.1145
-0.575085
-0.725087
-0.351206
-0.455964
-0.199485
-0.27361
-0.0903535
-0.149261
0.000158846
-0.0525385
0.0804552
0.0337993
0.154913
0.109023
0.228295
0.182875
0.300806
0.255784
0.372654
0.327888
0.444044
0.399468
0.515071
0.470668
0.585764
0.541533
0.656182
0.612089
0.682449
-27.8918
-25.053
-33.7742
-29.6969
-41.1299
-36.1714
-49.1261
-43.6138
-56.772
-51.2819
-63.0167
-58.0557
-67.4442
-63.1011
-70.3113
-66.4618
-72.0764
-68.5589
-73.1442
-69.8281
-73.8025
-70.5972
-74.2382
-71.084
-74.5668
-71.4264
-74.8566
-71.7062
-75.1463
-71.9721
-75.4541
-72.2493
-75.7818
-72.5476
-76.1133
-72.8611
-76.4088
-73.1658
-76.5933
-73.4115
-76.5343
-73.5081
-75.9889
-73.2974
-74.4642
-72.4831
-70.9746
-70.4455
-64.3942
-65.9957
-57.2443
-58.2909
-49.686
-52.6234
-40.9276
-43.9769
-30.9947
-35.9295
-20.0876
-24.8643
-10.5288
-14.7934
-4.41082
-6.14908
-2.21056
-2.75316
-1.42292
-1.7388
-0.937568
-1.15376
-0.60569
-0.757746
-0.378126
-0.484521
-0.223172
-0.298816
-0.111258
-0.171355
-0.018728
-0.0722506
0.062528
0.015808
0.137145
0.0914226
0.210525
0.165278
0.283026
0.238181
0.354863
0.31027
0.426252
0.381841
0.49729
0.453045
0.568017
0.523928
0.638514
0.59453
0.664997
-26.8673
-24.3524
-32.1091
-28.4925
-38.6774
-34.304
-45.7995
-40.9824
-52.6031
-47.8405
-58.1836
-53.9132
-62.1662
-58.4681
-64.7594
-61.5211
-66.3621
-63.4351
-67.3334
-64.5967
-67.9315
-65.3008
-68.3254
-65.7451
-68.6193
-66.0551
-68.8756
-66.3056
-69.1293
-66.5411
-69.3974
-66.7848
-69.6818
-67.0459
-69.9689
-67.3197
-70.2242
-67.5853
-70.3822
-67.7988
-70.3271
-67.8808
-69.8469
-67.6919
-68.5179
-66.9719
-65.5158
-65.1883
-59.9326
-61.3497
-53.7018
-54.7945
-46.939
-49.619
-38.9962
-41.9217
-29.8098
-34.4086
-19.5747
-24.1836
-10.4147
-14.5171
-4.4907
-6.2229
-2.28077
-2.84033
-1.46922
-1.79224
-0.973618
-1.1933
-0.636301
-0.790464
-0.404969
-0.513013
-0.246785
-0.32392
-0.132159
-0.193384
-0.0375452
-0.0920025
0.0448615
-0.00400332
0.119713
0.0741371
0.193091
0.148014
0.265581
0.22091
0.337405
0.292982
0.408792
0.364544
0.47984
0.435751
0.550598
0.506651
0.621169
0.577296
0.64786
-25.9856
-23.7385
-30.7001
-27.46
-36.6275
-32.7236
-43.0482
-38.7795
-49.1814
-44.9862
-54.2333
-50.4961
-57.8618
-54.6566
-60.2375
-57.4628
-61.7116
-59.2303
-62.6066
-60.306
-63.1573
-60.9583
-63.5181
-61.3689
-63.7849
-61.6531
-64.0149
-61.8805
-64.2406
-62.0919
-64.4777
-62.3093
-64.7284
-62.5411
-64.981
-62.7837
-65.2051
-63.0186
-65.3427
-63.2069
-65.2909
-63.2776
-64.8618
-63.1061
-63.6858
-62.4609
-61.0624
-60.8776
-56.2448
-57.5174
-50.7383
-51.8494
-44.6225
-47.0922
-37.3489
-40.1576
-28.7916
-33.1082
-19.13
-23.5843
-10.3262
-14.2855
-4.5718
-6.29914
-2.35117
-2.92738
-1.5159
-1.84616
-1.00982
-1.23306
-0.666901
-0.82322
-0.431723
-0.541427
-0.270307
-0.348911
-0.15304
-0.215332
-0.058274
-0.111723
0.025447
-0.023823
0.102592
0.0571018
0.175987
0.131075
0.248465
0.203965
0.320275
0.276019
0.391657
0.34757
0.462715
0.418779
0.533502
0.489694
0.60414
0.56038
0.631032
-25.2198
-23.1969
-29.4944
-26.5666
-34.8912
-31.371
-40.7382
-36.9107
-46.3266
-42.5837
-50.949
-47.6332
-54.2898
-51.4705
-56.4893
-54.0748
-57.8594
-55.7228
-58.6929
-56.7286
-59.2054
-57.3389
-59.5397
-57.722
-59.7847
-57.9855
-59.9936
-58.1941
-60.1969
-58.3862
-60.4093
-58.5823
-60.6333
-58.7907
-60.8584
-59.0082
-61.0577
-59.2186
-61.1792
-59.3866
-61.1302
-59.4484
-60.7423
-59.2911
-59.6887
-58.7065
-57.366
-57.2848
-53.1498
-54.3068
-48.2259
-49.3381
-42.6451
-44.9401
-35.9296
-38.6292
-27.9089
-31.9854
-18.7432
-23.0546
-10.2591
-14.0912
-4.65397
-6.37751
-2.42173
-3.01428
-1.5629
-1.90048
-1.04614
-1.27303
-0.697471
-0.855991
-0.458375
-0.56975
-0.293725
-0.373778
-0.173827
-0.237181
-0.0771021
-0.131353
0.00798901
-0.0417334
0.0857361
0.0402713
0.159205
0.114455
0.23167
0.18734
0.303465
0.259373
0.374842
0.330912
0.445908
0.402122
0.516722
0.473052
0.587422
0.543775
0.614508
-24.5497
-22.7166
-28.4526
-25.7873
-33.4039
-30.2022
-38.7739
-35.3079
-43.912
-40.5365
-48.1796
-45.2031
-51.2826
-48.7713
-53.3366
-51.2078
-54.6212
-52.7567
-55.4042
-53.7047
-55.8854
-54.2803
-56.1979
-54.6409
-56.4251
-54.8872
-56.617
-55.0804
-56.8021
-55.2566
-56.9944
-55.4354
-57.1966
-55.6245
-57.3995
-55.8216
-57.5788
-56.0119
-57.6873
-56.1635
-57.6407
-56.2181
-57.2865
-56.0726
-56.3328
-55.5379
-54.2536
-54.2488
-50.5188
-51.5817
-46.0717
-47.1745
-40.9396
-43.0873
-34.6961
-37.2944
-27.1381
-31.0077
-18.4056
-22.5849
-10.2101
-13.9284
-4.73707
-6.45773
-2.4924
-3.10103
-1.61018
-1.95515
-1.08255
-1.31316
-0.727995
-0.888757
-0.484913
-0.597968
-0.317024
-0.398508
-0.19452
-0.258918
-0.0958162
-0.150892
-0.00929546
-0.0595462
0.0691391
0.0236368
0.142738
0.0981458
0.215191
0.171028
0.286969
0.243039
0.35834
0.314565
0.429414
0.385776
0.500253
0.456718
0.571009
0.527476
0.598282
-23.9595
-22.2885
-27.5451
-25.1029
-32.1177
-29.1839
-37.0856
-33.92
-41.8461
-38.7735
-45.8161
-43.1174
-48.7196
-46.4586
-50.6519
-48.7535
-51.865
-50.2192
-52.606
-51.1187
-53.0612
-51.6653
-53.3557
-52.007
-53.5682
-52.239
-53.7459
-52.4194
-53.9159
-52.5825
-54.0916
-52.7467
-54.2759
-52.92
-54.4605
-53.1001
-54.6232
-53.2737
-54.721
-53.4117
-54.6766
-53.4603
-54.3505
-53.3248
-53.4797
-52.832
-51.6008
-51.6535
-48.2578
-49.243
-44.2069
-45.2938
-39.4555
-41.4775
-33.6158
-36.1206
-26.4606
-30.1503
-18.1103
-22.1671
-10.1764
-13.7924
-4.82094
-6.53955
-2.56315
-3.1876
-1.6577
-2.01011
-1.11903
-1.35342
-0.758456
-0.921497
-0.511325
-0.626069
-0.340193
-0.423092
-0.215104
-0.280531
-0.114454
-0.170322
-0.0264594
-0.0773141
0.0527907
0.00657002
0.126581
0.082138
0.199022
0.155024
0.270781
0.22701
0.342146
0.298522
0.413226
0.369733
0.484087
0.440687
0.554894
0.511476
0.582349
-23.4367
-21.9054
-26.7489
-24.4983
-30.9962
-28.2903
-35.6211
-32.7084
-40.0609
-37.2417
-43.7783
-41.3103
-46.5124
-44.4577
-48.3415
-46.6319
-49.4942
-48.0267
-50.1997
-48.8851
-50.633
-49.4072
-50.9124
-49.7329
-51.1124
-49.9529
-51.2783
-50.1225
-51.4356
-50.2744
-51.5975
-50.4265
-51.7668
-50.5863
-51.9361
-50.7521
-52.085
-50.9118
-52.1739
-51.0383
-52.1314
-51.082
-51.829
-50.955
-51.028
-50.4978
-49.3163
-49.4127
-46.2967
-47.2169
-42.579
-43.6462
-38.1543
-40.0678
-32.6636
-35.0819
-25.8621
-29.3936
-17.8515
-21.7946
-10.1558
-13.6793
-4.90544
-6.62271
-2.63392
-3.27394
-1.7054
-2.06531
-1.15555
-1.39377
-0.788836
-0.954191
-0.537599
-0.654038
-0.363222
-0.447519
-0.235564
-0.302007
-0.133015
-0.18963
-0.0441257
-0.0950191
0.0360679
-0.0107106
0.110723
0.0663939
0.183155
0.139321
0.254895
0.211281
0.326252
0.282778
0.397337
0.353988
0.468219
0.424952
0.539073
0.495769
0.566704
-22.9712
-21.5613
-26.046
-23.9612
-30.0113
-27.5013
-34.3405
-31.6432
-38.5051
-35.9002
-42.0057
-39.7318
-44.5945
-42.712
-46.3351
-44.7822
-47.4361
-46.1161
-48.1114
-46.9392
-48.5261
-47.4403
-48.7926
-47.7525
-48.9821
-47.9622
-49.1379
-48.1225
-49.2846
-48.2649
-49.4347
-48.4067
-49.5912
-48.555
-49.7475
-48.7087
-49.8849
-48.8565
-49.9663
-48.9733
-49.9254
-49.0129
-49.6434
-48.8932
-48.9017
-48.4666
-47.3312
-47.4613
-44.5819
-45.4472
-41.1479
-42.1931
-37.0058
-38.8249
-31.8195
-34.1579
-25.3309
-28.7223
-17.6245
-21.4618
-10.1464
-13.586
-4.99044
-6.70697
-2.70469
-3.36002
-1.75325
-2.1207
-1.19208
-1.43419
-0.819119
-0.986816
-0.563722
-0.681862
-0.386098
-0.471779
-0.25589
-0.323336
-0.151468
-0.208805
-0.0614481
-0.11262
0.0197622
-0.027352
0.0951316
0.0508681
0.167587
0.123912
0.239305
0.195846
0.310654
0.267326
0.381743
0.338535
0.452643
0.409509
0.52354
0.480352
0.55134
-22.555
-21.2512
-25.4221
-23.482
-29.141
-26.8008
-33.213
-30.7009
-37.1391
-34.7174
-40.452
-38.343
-42.9149
-41.1778
-44.579
-43.1576
-45.6354
-44.4386
-46.2846
-45.2313
-46.6833
-45.7143
-46.9388
-46.0147
-47.1193
-46.2156
-47.2664
-46.368
-47.404
-46.5023
-47.544
-46.6351
-47.6897
-46.7737
-47.8349
-46.9169
-47.9623
-47.0545
-48.0373
-47.163
-47.998
-47.199
-47.7336
-47.0858
-47.043
-46.6857
-45.5929
-45.7493
-43.072
-43.8903
-39.8816
-40.9041
-35.9862
-37.7225
-31.0675
-33.3321
-24.8574
-28.1239
-17.4251
-21.1638
-10.1466
-13.5096
-5.07578
-6.79212
-2.77539
-3.44579
-1.80121
-2.17622
-1.22859
-1.47463
-0.849287
-1.01935
-0.589684
-0.709527
-0.408812
-0.495861
-0.276069
-0.344507
-0.169792
-0.227836
-0.078372
-0.130097
0.00389669
-0.0435874
0.0797867
0.0355379
0.152309
0.108792
0.224005
0.180699
0.295345
0.252162
0.366438
0.323368
0.437355
0.394351
0.508289
0.465216
0.536254
-22.1815
-20.971
-24.8656
-23.0526
-28.3676
-26.1757
-32.2142
-29.8627
-35.9321
-33.6683
-39.0811
-37.1135
-41.4339
-39.8208
-43.0312
-41.7215
-44.0489
-42.9563
-44.6755
-43.7224
-45.0603
-44.1897
-45.3063
-44.48
-45.4791
-44.6732
-45.6187
-44.8187
-45.7483
-44.9459
-45.8797
-45.071
-46.0159
-45.201
-46.1516
-45.3352
-46.2704
-45.464
-46.34
-45.5653
-46.3021
-45.5983
-46.053
-45.4908
-45.4068
-45.1139
-44.0605
-44.2374
-41.7344
-42.5122
-38.7551
-39.7546
-35.0765
-36.7395
-30.3946
-32.591
-24.4341
-27.5883
-17.2499
-20.8967
-10.1551
-13.448
-5.16136
-6.87795
-2.84599
-3.53122
-1.84922
-2.23182
-1.26506
-1.51507
-0.879322
-1.05178
-0.615472
-0.737022
-0.431353
-0.519757
-0.296093
-0.36551
-0.187977
-0.246714
-0.0951617
-0.147439
-0.0118049
-0.0597073
0.0646793
0.0203915
0.137317
0.093955
0.208991
0.165835
0.28032
0.237278
0.351416
0.308482
0.422347
0.379472
0.493316
0.450358
0.52144
-21.8451
-20.7171
-24.3672
-22.6665
-27.677
-25.6157
-31.3248
-29.1136
-34.8593
-32.7329
-37.8642
-36.019
-40.1202
-38.6138
-41.6589
-40.4446
-42.6425
-41.6388
-43.2494
-42.3817
-43.6222
-42.8352
-43.8599
-43.1166
-44.0259
-43.3032
-44.1591
-43.4427
-44.2818
-43.5637
-44.4056
-43.682
-44.5337
-43.8046
-44.661
-43.9309
-44.7723
-44.0519
-44.8371
-44.147
-44.8005
-44.1774
-44.565
-44.0749
-43.9576
-43.7185
-42.7014
-42.8946
-40.5431
-41.2856
-37.748
-38.7248
-34.2612
-35.8589
-29.7901
-31.9234
-24.0543
-27.1071
-17.0961
-20.6569
-10.1707
-13.3992
-5.24704
-6.96426
-2.91642
-3.61625
-1.89724
-2.28744
-1.30146
-1.55548
-0.909209
-1.08407
-0.641076
-0.764331
-0.453712
-0.543456
-0.315952
-0.386336
-0.206013
-0.265429
-0.111834
-0.164634
-0.0273707
-0.0757362
0.0498011
0.00471074
0.122605
0.0793904
0.194255
0.151247
0.265574
0.222671
0.336671
0.293872
0.407616
0.364868
0.478615
0.435773
0.506893
-21.5413
-20.4867
-23.919
-22.3181
-27.0578
-25.1119
-30.5288
-28.4411
-33.9011
-31.8949
-36.7784
-35.0399
-38.9488
-37.5349
-40.4355
-39.3037
-41.3892
-40.4619
-41.9788
-41.1842
-42.3411
-41.6256
-42.5715
-41.8993
-42.7316
-42.08
-42.859
-42.2143
-42.9757
-42.3299
-43.0929
-42.4422
-43.2138
-42.5583
-43.3338
-42.6776
-43.4386
-42.7919
-43.4993
-42.8814
-43.4638
-42.9096
-43.2403
-42.8116
-42.6671
-42.4733
-41.4897
-41.6958
-39.4769
-40.1885
-36.8438
-37.7985
-33.5277
-35.0669
-29.2453
-31.3201
-23.7128
-26.6736
-16.9612
-20.4415
-10.1925
-13.3615
-5.3327
-7.05087
-2.98664
-3.70082
-1.94524
-2.34304
-1.33776
-1.59581
-0.938929
-1.11622
-0.666483
-0.791443
-0.47588
-0.566949
-0.335636
-0.406976
-0.223889
-0.283974
-0.128387
-0.181673
-0.0435094
-0.091653
0.0344383
-0.0110132
0.108162
0.0650653
0.179793
0.13693
0.2511
0.208335
0.322199
0.279532
0.393155
0.350533
0.464181
0.421454
0.492609
-21.2661
-20.2771
-23.5147
-22.003
-26.5003
-24.6572
-29.8136
-27.8351
-33.0414
-31.1411
-35.8051
-34.1602
-37.8992
-36.5661
-39.3399
-38.2796
-40.267
-39.4058
-40.8413
-40.1099
-41.1942
-40.5407
-41.4182
-40.8075
-41.5731
-40.983
-41.6956
-41.1126
-41.8069
-41.2234
-41.9182
-41.3306
-42.0328
-41.4408
-42.1464
-41.5541
-42.2454
-41.6623
-42.3025
-41.747
-42.2682
-41.7732
-42.0553
-41.6793
-41.5125
-41.3572
-40.4044
-40.6209
-38.5188
-39.2031
-36.0289
-36.9623
-32.8653
-34.3519
-28.7528
-30.7733
-23.4051
-26.2819
-16.8429
-20.2479
-10.2196
-13.3337
-5.41823
-7.13762
-3.0566
-3.78489
-1.99318
-2.39857
-1.37394
-1.63604
-0.968466
-1.14819
-0.691682
-0.818343
-0.497847
-0.590225
-0.355138
-0.427422
-0.241598
-0.30234
-0.144792
-0.198548
-0.0590171
-0.107428
0.0197461
-0.0259446
0.0939612
0.0509445
0.1656
0.12288
0.236895
0.194263
0.307994
0.265457
0.37896
0.336463
0.450009
0.407397
0.478582
-21.0163
-20.0861
-23.1488
-21.7171
-25.9966
-24.2456
-29.1684
-27.2873
-32.2669
-30.4604
-34.9291
-33.3668
-36.9549
-35.6928
-38.3544
-37.3567
-39.2578
-38.4543
-39.8185
-39.1422
-40.1633
-39.5635
-40.3816
-39.8243
-40.5319
-39.9953
-40.6499
-40.1207
-40.7565
-40.2273
-40.8627
-40.3297
-40.9716
-40.4348
-41.0795
-40.5426
-41.1735
-40.6455
-41.2273
-40.7259
-41.194
-40.7504
-40.9907
-40.6602
-40.4749
-40.3526
-39.4284
-39.6531
-37.6544
-38.3146
-35.2919
-36.2048
-32.2653
-33.7044
-28.3064
-30.2764
-23.1273
-25.9272
-16.7396
-20.0738
-10.2514
-13.3144
-5.50352
-7.22435
-3.12623
-3.8684
-2.041
-2.45396
-1.40996
-1.67613
-0.997803
-1.17997
-0.716662
-0.845019
-0.519604
-0.613278
-0.37445
-0.447664
-0.259132
-0.320522
-0.161038
-0.215252
-0.0742185
-0.12305
0.00538307
-0.0405672
0.0799887
0.0370125
0.151669
0.109089
0.222952
0.180452
0.294051
0.251642
0.365025
0.322651
0.436095
0.393597
0.464808
-20.789
-19.9119
-22.8168
-21.4572
-25.5403
-23.8718
-28.5845
-26.7903
-31.5667
-29.8438
-34.1376
-32.6487
-36.1022
-34.9027
-37.4646
-36.522
-38.3469
-37.594
-38.8955
-38.2674
-39.2329
-38.6803
-39.4463
-38.9357
-39.5925
-39.1026
-39.7066
-39.2244
-39.809
-39.3271
-39.9105
-39.4254
-40.0144
-39.5259
-40.1173
-39.6288
-40.2067
-39.727
-40.2577
-39.8035
-40.2253
-39.8265
-40.0307
-39.7396
-39.5392
-39.4451
-38.5473
-38.7786
-36.8721
-37.5107
-34.6234
-35.5168
-31.7204
-33.1163
-27.9008
-29.8238
-22.876
-25.6053
-16.6494
-19.9172
-10.287
-13.3026
-5.58847
-7.31092
-3.1955
-3.95129
-2.08866
-2.50919
-1.44581
-1.71605
-1.02692
-1.21154
-0.741412
-0.871458
-0.541144
-0.636096
-0.393564
-0.467696
-0.276485
-0.338511
-0.177119
-0.231779
-0.0892631
-0.138511
-0.00881002
-0.055052
0.0662365
0.0232595
0.137995
0.095553
0.209266
0.166896
0.280365
0.238082
0.351346
0.309094
0.422433
0.38005
0.451282
-20.5819
-19.7526
-22.5149
-21.2204
-25.1256
-23.5316
-28.0544
-26.3384
-30.9316
-29.2835
-33.4202
-31.9967
-35.3295
-34.1856
-36.6586
-35.7647
-37.5219
-36.8135
-38.0597
-37.474
-38.3906
-37.8794
-38.5995
-38.13
-38.7421
-38.2933
-38.8526
-38.4118
-38.9513
-38.5111
-39.0486
-38.6057
-39.1481
-38.7021
-39.2464
-38.8006
-39.3317
-38.8945
-39.3802
-38.9676
-39.3487
-38.9892
-39.1619
-38.9054
-38.6922
-38.6228
-37.7493
-37.986
-36.1618
-36.7811
-34.0153
-34.8902
-31.2243
-32.5809
-27.5316
-29.4109
-22.6485
-25.3126
-16.571
-19.7763
-10.3261
-13.2974
-5.67298
-7.39718
-3.26435
-4.03351
-2.13614
-2.56418
-1.48145
-1.75577
-1.05581
-1.24287
-0.765921
-0.897648
-0.562456
-0.658671
-0.412473
-0.48751
-0.29365
-0.356302
-0.193027
-0.248122
-0.104166
-0.153804
-0.022856
-0.0694247
0.0526978
0.00967763
0.124575
0.082267
0.195833
0.15359
0.266932
0.224772
0.337918
0.295786
0.40902
0.36675
0.438001
-20.3928
-19.607
-22.2396
-21.0042
-24.7478
-23.2213
-27.5718
-25.9263
-30.3539
-28.773
-32.768
-31.403
-34.6272
-33.533
-35.9262
-35.0756
-36.7724
-36.1036
-37.3005
-36.7524
-37.6256
-37.151
-37.8306
-37.3973
-37.9699
-37.5574
-38.0773
-37.673
-38.1725
-37.7692
-38.2661
-37.8604
-38.3616
-37.9531
-38.4558
-38.0477
-38.5375
-38.1377
-38.5837
-38.2078
-38.5531
-38.2282
-38.3733
-38.1472
-37.9235
-37.8753
-37.0244
-37.2655
-35.5153
-36.1172
-33.4608
-34.3182
-30.7716
-32.0922
-27.1949
-29.0333
-22.4423
-25.0462
-16.5033
-19.6497
-10.3681
-13.298
-5.75696
-7.48301
-3.33273
-4.11501
-2.18338
-2.6189
-1.51687
-1.79526
-1.08445
-1.27396
-0.790179
-0.923575
-0.583535
-0.680995
-0.431171
-0.507099
-0.310622
-0.373889
-0.208757
-0.264277
-0.11893
-0.168922
-0.0367658
-0.0836848
0.0393668
-0.00512015
0.111401
0.0692178
0.182648
0.14053
0.253745
0.211708
0.324736
0.282723
0.39585
0.353693
0.424959
-20.22
-19.4737
-21.9882
-20.8066
-24.4029
-22.9377
-27.1315
-25.5497
-29.827
-28.3068
-32.1734
-30.8612
-33.9872
-32.9375
-35.2589
-34.4469
-36.0897
-35.456
-36.6091
-36.0943
-36.929
-36.4869
-37.1304
-36.7294
-37.2668
-36.8865
-37.3713
-36.9995
-37.4635
-37.093
-37.5538
-37.1811
-37.6456
-37.2705
-37.7361
-37.3615
-37.8145
-37.4481
-37.8588
-37.5153
-37.8289
-37.5347
-37.6556
-37.4563
-37.2237
-37.1943
-36.3642
-36.6088
-34.9254
-35.5116
-32.9542
-33.795
-30.3577
-31.6454
-26.8873
-28.6876
-22.2553
-24.8033
-16.445
-19.5361
-10.4125
-13.3037
-5.84031
-7.5683
-3.40057
-4.19572
-2.23036
-2.67331
-1.55203
-1.83449
-1.11283
-1.30477
-0.814175
-0.949229
-0.604371
-0.703059
-0.449651
-0.526455
-0.327394
-0.391266
-0.224303
-0.280239
-0.133546
-0.183861
-0.0519029
-0.0977963
0.0248614
-0.0197609
0.0984629
0.0563701
0.169706
0.12771
0.240802
0.198884
0.311796
0.2699
0.382919
0.340874
0.412152
-20.0617
-19.3515
-21.7582
-20.6257
-24.0873
-22.678
-26.7287
-25.2048
-29.3453
-27.88
-31.6301
-30.3654
-33.4025
-32.3928
-34.6494
-33.872
-35.4662
-34.8639
-35.9778
-35.4928
-36.293
-35.88
-36.4912
-36.119
-36.625
-36.2736
-36.727
-36.3841
-36.8165
-36.4752
-36.9037
-36.5605
-36.9922
-36.6468
-37.0794
-36.7346
-37.1548
-36.8181
-37.1972
-36.8828
-37.1681
-36.9013
-37.0008
-36.8252
-36.5852
-36.5722
-35.7616
-36.009
-34.386
-34.9579
-32.4904
-33.3155
-29.9787
-31.236
-26.606
-28.3706
-22.0856
-24.5816
-16.3952
-19.4341
-10.4591
-13.3139
-5.92296
-7.65294
-3.46784
-4.27559
-2.27702
-2.72734
-1.58691
-1.87342
-1.14092
-1.33529
-0.8379
-0.974597
-0.624958
-0.724856
-0.467906
-0.545573
-0.343962
-0.408428
-0.239659
-0.296002
-0.147982
-0.198616
-0.0655316
-0.111736
0.0118648
-0.0328971
0.085732
0.0437002
0.157002
0.115126
0.228096
0.186296
0.299093
0.257312
0.370223
0.32829
0.399577
-19.9167
-19.2395
-21.5474
-20.4598
-23.7981
-22.4398
-26.3595
-24.8885
-28.9041
-27.4886
-31.1326
-29.9109
-32.8671
-31.8936
-34.0915
-33.3452
-34.8956
-34.3216
-35.4001
-34.9418
-35.7112
-35.3241
-35.9066
-35.5601
-36.038
-35.7123
-36.1376
-35.8207
-36.2246
-35.9095
-36.3091
-35.9924
-36.3946
-36.0759
-36.4787
-36.1607
-36.5515
-36.2414
-36.5923
-36.3038
-36.5638
-36.3215
-36.402
-36.2476
-36.0013
-36.0028
-35.2103
-35.4599
-33.8918
-34.4507
-32.065
-32.8753
-29.6311
-30.8604
-26.3485
-28.0797
-21.9315
-24.3791
-16.3531
-19.3427
-10.5074
-13.3281
-6.00483
-7.73684
-3.53449
-4.35458
-2.32333
-2.78097
-1.62149
-1.91204
-1.16872
-1.36551
-0.861343
-0.999668
-0.645288
-0.746378
-0.485933
-0.564446
-0.360322
-0.42537
-0.254823
-0.311564
-0.162242
-0.213182
-0.0789807
-0.125507
-0.000946298
-0.045865
0.0732066
0.0312044
0.144532
0.102772
0.215624
0.17394
0.286622
0.244956
0.357757
0.315935
0.387229
-19.7838
-19.1368
-21.3539
-20.3076
-23.5325
-22.221
-26.0206
-24.5978
-28.4991
-27.129
-30.676
-29.4934
-32.376
-31.4351
-33.5798
-32.8616
-34.3724
-33.8237
-34.8705
-34.4362
-35.1778
-34.8141
-35.3706
-35.0473
-35.4999
-35.1974
-35.5975
-35.3039
-35.6822
-35.3906
-35.7641
-35.4712
-35.847
-35.5522
-35.9283
-35.6344
-35.9986
-35.7124
-36.038
-35.7728
-36.0102
-35.7897
-35.8534
-35.7179
-35.4663
-35.4808
-34.7049
-34.9564
-33.4383
-33.9854
-31.6743
-32.4707
-29.3119
-30.5154
-26.1124
-27.8123
-21.7916
-24.1941
-16.318
-19.261
-10.5571
-13.3457
-6.08585
-7.81989
-3.60046
-4.43262
-2.36926
-2.83414
-1.65575
-1.9503
-1.19621
-1.3954
-0.884495
-1.02443
-0.665355
-0.767616
-0.503724
-0.583069
-0.376468
-0.442088
-0.269789
-0.32692
-0.176321
-0.227557
-0.0922721
-0.139105
-0.0136004
-0.0586972
0.0608804
0.0188753
0.13229
0.0906437
0.203381
0.161811
0.274379
0.232826
0.345517
0.303806
0.375104
-19.6617
-19.0425
-21.1762
-20.1677
-23.2884
-22.0197
-25.709
-24.3302
-28.1267
-26.7981
-30.2563
-29.1093
-31.9247
-31.0134
-33.1097
-32.4168
-33.8918
-33.366
-34.3841
-33.9714
-34.688
-34.3454
-34.8785
-34.5761
-35.0059
-34.7243
-35.1015
-34.829
-35.1842
-34.9139
-35.2639
-34.9924
-35.3442
-35.0711
-35.4231
-35.1509
-35.4912
-35.2265
-35.5292
-35.285
-35.502
-35.3013
-35.3498
-35.2314
-34.9753
-35.0012
-34.241
-34.4939
-33.0215
-33.5577
-31.315
-32.0983
-29.0184
-30.1979
-25.8959
-27.5665
-21.6647
-24.0249
-16.289
-19.1882
-10.608
-13.3664
-6.16595
-7.90203
-3.66571
-4.50968
-2.41477
-2.88681
-1.68965
-1.9882
-1.22338
-1.42495
-0.907347
-1.04888
-0.685152
-0.788565
-0.521275
-0.601436
-0.392397
-0.458577
-0.284556
-0.342068
-0.190216
-0.241738
-0.105412
-0.152526
-0.0261089
-0.0714062
0.0487479
0.00670721
0.120273
0.0787376
0.191364
0.149905
0.262361
0.220919
0.3335
0.291898
0.363197
-19.5495
-18.9559
-21.0127
-20.0391
-23.0636
-21.8344
-25.4219
-24.0837
-27.7838
-26.493
-29.8699
-28.7554
-31.5092
-30.625
-32.677
-32.0071
-33.4496
-32.9445
-33.9367
-33.5435
-34.2375
-33.9139
-34.4259
-34.1424
-34.5516
-34.2889
-34.6455
-34.3921
-34.7263
-34.4752
-34.8039
-34.5519
-34.8819
-34.6285
-34.9585
-34.706
-35.0246
-34.7794
-35.0613
-34.8362
-35.0348
-34.8519
-34.8869
-34.7838
-34.5239
-34.5601
-33.8144
-34.0685
-32.6379
-33.1641
-30.9842
-31.755
-28.7484
-29.9057
-25.6972
-27.3402
-21.5495
-23.8702
-16.2657
-19.1233
-10.6599
-13.3897
-6.24506
-7.98318
-3.7302
-4.5857
-2.45983
-2.93894
-1.72319
-2.02568
-1.25021
-1.45414
-0.929891
-1.07299
-0.704673
-0.809218
-0.538582
-0.619542
-0.408106
-0.474833
-0.299119
-0.357003
-0.203924
-0.255722
-0.118403
-0.165765
-0.0384788
-0.0839894
0.0368044
-0.00657149
0.108476
0.067042
0.179566
0.138217
0.250562
0.20923
0.321701
0.280207
0.351506
-19.4465
-18.8765
-20.8622
-19.9208
-22.8564
-21.6636
-25.1572
-23.8562
-27.4675
-26.2116
-29.5137
-28.4289
-31.1263
-30.2666
-32.2782
-31.6293
-33.0421
-32.5558
-33.5245
-33.1491
-33.8226
-33.5163
-34.0091
-33.7428
-34.1332
-33.8878
-34.2256
-33.9894
-34.3046
-34.0711
-34.3803
-34.146
-34.4563
-34.2206
-34.5307
-34.2961
-34.595
-34.3675
-34.6307
-34.4228
-34.6047
-34.4379
-34.4608
-34.3715
-34.1084
-34.1538
-33.4217
-33.6767
-32.2845
-32.8015
-30.6793
-31.4385
-28.4997
-29.6363
-25.5148
-27.1319
-21.4451
-23.7288
-16.2475
-19.0659
-10.7125
-13.4154
-6.32312
-8.06327
-3.79387
-4.66064
-2.5044
-2.99049
-1.75634
-2.06274
-1.27669
-1.48296
-0.952118
-1.09677
-0.723913
-0.829568
-0.555639
-0.637382
-0.423591
-0.490853
-0.313477
-0.371723
-0.217442
-0.269508
-0.131236
-0.178821
-0.0519607
-0.0964176
0.0237833
-0.0196647
0.0968879
0.0555282
0.167985
0.126744
0.238979
0.197755
0.310116
0.268729
0.340026
-19.3517
-18.8036
-20.7235
-19.8119
-22.6651
-21.506
-24.9128
-23.6461
-27.1755
-25.9515
-29.1848
-28.1272
-30.7728
-29.9356
-31.9102
-31.2804
-32.6662
-32.197
-33.1443
-32.785
-33.4399
-33.1494
-33.6248
-33.374
-33.7475
-33.5177
-33.8384
-33.618
-33.9159
-33.6982
-33.9898
-33.7715
-34.0639
-33.8444
-34.1364
-33.918
-34.1989
-33.9876
-34.2336
-34.0414
-34.2083
-34.0561
-34.068
-33.9912
-33.7255
-33.7792
-33.0597
-33.3154
-31.9585
-32.4671
-30.398
-31.1462
-28.2705
-29.3879
-25.3473
-26.94
-21.3505
-23.5995
-16.2339
-19.0152
-10.7657
-13.4432
-6.40009
-8.14224
-3.8567
-4.73446
-2.54845
-3.04143
-1.78907
-2.09935
-1.30281
-1.51139
-0.974021
-1.1202
-0.742866
-0.849609
-0.572444
-0.654952
-0.438848
-0.506633
-0.327626
-0.386226
-0.230767
-0.283092
-0.143889
-0.191692
-0.064013
-0.108674
0.0121846
-0.031336
0.0854873
0.0441775
0.156617
0.115481
0.227608
0.186491
0.298741
0.25746
0.328754
-19.2645
-18.7366
-20.5955
-19.7115
-22.4885
-21.3604
-24.6868
-23.4518
-26.9056
-25.711
-28.8808
-27.8482
-30.4461
-29.6295
-31.5703
-30.9579
-32.319
-31.8655
-32.7933
-32.4487
-33.0867
-32.8104
-33.2701
-33.0335
-33.3914
-33.1759
-33.4811
-33.275
-33.5571
-33.354
-33.6294
-33.4258
-33.7017
-33.497
-33.7725
-33.5689
-33.8334
-33.6369
-33.8672
-33.6893
-33.8424
-33.7036
-33.7056
-33.6402
-33.3722
-33.4333
-32.7257
-32.9819
-31.6575
-32.1583
-30.1384
-30.8762
-28.0592
-29.1586
-25.1935
-26.7632
-21.2649
-23.4813
-16.2245
-18.9706
-10.8192
-13.4727
-6.47592
-8.22003
-3.91863
-4.80711
-2.59195
-3.09172
-1.82138
-2.13548
-1.32855
-1.53942
-0.995593
-1.14327
-0.761527
-0.869336
-0.588992
-0.672248
-0.453876
-0.522171
-0.341566
-0.40051
-0.243898
-0.296473
-0.156365
-0.204375
-0.0758903
-0.120763
0.000759779
-0.0428404
0.0742725
0.0329875
0.145456
0.104424
0.216444
0.175433
0.287573
0.246397
0.317686
-19.1843
-18.6752
-20.4775
-19.619
-22.3252
-21.226
-24.4778
-23.2721
-26.6558
-25.4883
-28.5995
-27.59
-30.144
-29.3462
-31.2559
-30.6594
-31.9981
-31.5588
-32.4688
-32.1377
-32.7602
-32.4971
-32.9423
-32.7187
-33.0625
-32.86
-33.1509
-32.9581
-33.2256
-33.0358
-33.2964
-33.1063
-33.3672
-33.176
-33.4363
-33.2462
-33.4958
-33.3127
-33.5288
-33.364
-33.5045
-33.3779
-33.3709
-33.3159
-33.046
-33.1138
-32.4173
-32.6739
-31.3795
-31.8731
-29.8986
-30.6266
-27.8644
-28.947
-25.0523
-26.6003
-21.1877
-23.3733
-16.2189
-18.9318
-10.873
-13.5037
-6.55055
-8.29661
-3.97964
-4.87856
-2.63487
-3.14132
-1.85324
-2.17112
-1.35391
-1.56703
-1.01683
-1.16598
-0.779892
-0.888744
-0.60528
-0.689267
-0.468672
-0.537464
-0.355293
-0.414572
-0.256833
-0.30965
-0.168663
-0.21687
-0.087608
-0.132682
-0.0105112
-0.0542012
0.0632384
0.0219523
0.1345
0.0935687
0.205484
0.164577
0.276608
0.235535
0.306818
-19.1105
-18.6188
-20.3685
-19.5338
-22.1742
-21.1016
-24.2843
-23.1056
-26.4245
-25.282
-28.3391
-27.3507
-29.8642
-29.0839
-30.9649
-30.3831
-31.7011
-31.2749
-32.1687
-31.8499
-32.4583
-32.2072
-32.6391
-32.4275
-32.7583
-32.5678
-32.8457
-32.6649
-32.9192
-32.7415
-32.9886
-32.8108
-33.0579
-32.8791
-33.1255
-32.9479
-33.1837
-33.0129
-33.2159
-33.063
-33.1921
-33.0767
-33.0616
-33.0159
-32.7445
-32.8184
-32.1323
-32.3892
-31.1225
-31.6095
-29.677
-30.3958
-27.6846
-28.7515
-24.9226
-26.4503
-21.118
-23.2748
-16.2167
-18.8981
-10.9269
-13.5361
-6.62396
-8.37192
-4.0397
-4.94878
-2.67719
-3.1902
-1.88463
-2.20623
-1.37888
-1.59422
-1.03771
-1.18832
-0.797956
-0.907829
-0.621306
-0.706004
-0.483233
-0.552509
-0.368807
-0.428411
-0.269572
-0.322622
-0.18078
-0.229175
-0.0991714
-0.144429
-0.0216375
-0.0654282
0.0523804
0.0110672
0.123743
0.0829114
0.194725
0.15392
0.265842
0.224872
0.296146
-19.0427
-18.5672
-20.2678
-19.4552
-22.0343
-20.9866
-24.1049
-22.9513
-26.2101
-25.0907
-28.0977
-27.1288
-29.605
-28.8406
-30.6955
-30.127
-31.4261
-31.0119
-31.8909
-31.5833
-32.1789
-31.9388
-32.3586
-32.158
-32.4769
-32.2973
-32.5632
-32.3935
-32.6356
-32.4692
-32.7038
-32.5373
-32.7717
-32.6043
-32.8379
-32.6717
-32.8949
-32.7354
-32.9264
-32.7846
-32.9031
-32.7979
-32.7754
-32.7385
-32.4657
-32.5452
-31.8687
-32.1258
-30.8849
-31.3656
-29.4722
-30.1823
-27.5187
-28.571
-24.8036
-26.3121
-21.0554
-23.185
-16.2176
-18.8692
-10.9807
-13.5696
-6.6961
-8.44594
-4.09876
-5.01774
-2.71887
-3.23833
-1.91554
-2.24081
-1.40344
-1.62096
-1.05825
-1.21028
-0.815717
-0.926585
-0.637066
-0.722458
-0.497558
-0.567305
-0.382106
-0.442026
-0.282112
-0.335388
-0.192716
-0.241289
-0.110583
-0.156002
-0.0326246
-0.0765225
0.0416944
-0.000385385
0.113184
0.072445
0.184162
0.143459
0.255271
0.214402
0.285669
-18.9802
-18.5198
-20.1748
-19.3827
-21.9048
-20.8801
-23.9386
-22.8083
-26.0112
-24.9132
-27.8738
-26.923
-29.3647
-28.615
-30.4457
-29.8895
-31.1714
-30.7681
-31.6336
-31.3364
-31.9202
-31.6901
-32.0989
-31.9083
-32.2163
-32.0468
-32.3018
-32.1423
-32.3731
-32.217
-32.4402
-32.284
-32.5068
-32.3499
-32.5717
-32.4161
-32.6276
-32.4786
-32.6585
-32.5268
-32.6357
-32.5399
-32.5106
-32.4816
-32.2077
-32.2922
-31.6249
-31.8821
-30.665
-31.14
-29.2828
-29.9848
-27.3657
-28.4043
-24.6945
-26.1849
-20.9993
-23.1032
-16.2213
-18.8448
-11.0344
-13.6041
-6.76694
-8.51862
-4.1568
-5.0854
-2.7599
-3.28569
-1.94596
-2.27483
-1.42759
-1.64726
-1.07844
-1.23186
-0.83317
-0.94501
-0.652558
-0.738626
-0.511646
-0.581849
-0.39519
-0.455415
-0.294454
-0.347947
-0.204469
-0.253212
-0.12184
-0.1674
-0.0441792
-0.0874687
0.0304663
-0.011684
0.102813
0.0621496
0.173792
0.133188
0.244893
0.204123
0.275381
-18.9228
-18.4765
-20.0888
-19.3159
-21.7848
-20.7816
-23.7843
-22.6757
-25.8267
-24.7485
-27.6661
-26.732
-29.1418
-28.4056
-30.2141
-29.6693
-30.9352
-30.5421
-31.3951
-31.1074
-31.6804
-31.4597
-31.8584
-31.677
-31.975
-31.8148
-32.0596
-31.9095
-32.13
-31.9834
-32.196
-32.0495
-32.2614
-32.1143
-32.3252
-32.1792
-32.38
-32.2406
-32.4104
-32.288
-32.388
-32.3009
-32.2654
-32.2437
-31.9689
-32.0581
-31.3993
-31.6566
-30.4616
-30.9312
-29.1078
-29.802
-27.2246
-28.2503
-24.5945
-26.0678
-20.9491
-23.0288
-16.2275
-18.8244
-11.0878
-13.6394
-6.83646
-8.58995
-4.21379
-5.15175
-2.80026
-3.33225
-1.97586
-2.30828
-1.45132
-1.67309
-1.09826
-1.25305
-0.850312
-0.9631
-0.66778
-0.754505
-0.525494
-0.596141
-0.408057
-0.468578
-0.306596
-0.360299
-0.216039
-0.264944
-0.132929
-0.178623
-0.0548772
-0.0982558
0.0200927
-0.0220966
0.0926161
0.0520089
0.163611
0.123105
0.234703
0.194031
0.265279
-18.87
-18.4368
-20.0094
-19.2543
-21.6735
-20.6904
-23.6411
-22.5526
-25.6553
-24.5955
-27.4732
-26.5545
-28.9349
-28.2112
-29.9992
-29.4648
-30.7162
-30.3324
-31.1741
-30.8952
-31.4583
-31.2462
-31.6355
-31.4626
-31.7514
-31.5998
-31.8353
-31.6938
-31.9048
-31.7669
-31.9698
-31.8321
-32.0341
-31.8959
-32.0968
-31.9598
-32.1507
-32.0202
-32.1805
-32.0667
-32.1586
-32.0794
-32.0384
-32.0233
-31.7477
-31.8412
-31.1904
-31.4477
-30.2733
-30.738
-28.9459
-29.6329
-27.0945
-28.1081
-24.5029
-25.9601
-20.9045
-22.9614
-16.2361
-18.8077
-11.141
-13.6753
-6.90463
-8.65991
-4.2697
-5.21675
-2.83991
-3.37797
-2.00525
-2.34114
-1.47461
-1.69845
-1.11772
-1.27384
-0.867142
-0.980853
-0.682732
-0.770095
-0.539103
-0.61018
-0.420706
-0.481514
-0.31854
-0.372443
-0.227425
-0.276485
-0.143851
-0.189669
-0.0653806
-0.108885
0.00991133
-0.0323126
0.0825881
0.0420181
0.153615
0.113206
0.224698
0.184123
0.255361
-18.8215
-18.4006
-19.9359
-19.1975
-21.5703
-20.6058
-23.5082
-22.4383
-25.4962
-24.4534
-27.2941
-26.3897
-28.7428
-28.0307
-29.7998
-29.275
-30.5131
-30.1378
-30.9691
-30.6983
-31.2524
-31.0481
-31.4289
-31.2639
-31.5441
-31.4005
-31.6274
-31.4939
-31.6961
-31.5664
-31.7602
-31.6307
-31.8235
-31.6936
-31.8851
-31.7565
-31.9381
-31.8159
-31.9676
-31.8617
-31.9461
-31.8743
-31.828
-31.8191
-31.543
-31.6403
-30.997
-31.2543
-30.0991
-30.5591
-28.7963
-29.4764
-26.9747
-27.9768
-24.4192
-25.8611
-20.8649
-22.9003
-16.2468
-18.7945
-11.1938
-13.7118
-6.97143
-8.72847
-4.32453
-5.2804
-2.87885
-3.42285
-2.03409
-2.3734
-1.49748
-1.72334
-1.13681
-1.29423
-0.883657
-0.998265
-0.697411
-0.785392
-0.55247
-0.623964
-0.433139
-0.494222
-0.330283
-0.38438
-0.238628
-0.287834
-0.154606
-0.200539
-0.0757234
-0.119353
-0.000115538
-0.0423754
0.0727245
0.0321719
0.143802
0.103487
0.214875
0.174394
0.245623
-18.777
-18.3676
-19.8681
-19.1452
-21.4747
-20.5276
-23.3847
-22.3322
-25.3483
-24.3214
-27.1277
-26.2365
-28.5645
-27.8629
-29.6147
-29.0988
-30.3247
-29.9572
-30.779
-30.5157
-31.0614
-30.8645
-31.2373
-31.0797
-31.3521
-31.2158
-31.4347
-31.3087
-31.5027
-31.3805
-31.5659
-31.4441
-31.6283
-31.506
-31.689
-31.568
-31.7412
-31.6265
-31.7702
-31.6717
-31.7491
-31.6841
-31.6332
-31.63
-31.3533
-31.4542
-30.818
-31.0753
-29.9379
-30.3936
-28.6581
-29.3317
-26.8643
-27.8557
-24.3428
-25.7703
-20.8301
-22.8451
-16.2594
-18.7845
-11.2461
-13.7488
-7.03685
-8.79562
-4.37824
-5.34267
-2.91706
-3.46686
-2.06239
-2.40504
-1.5199
-1.74774
-1.15553
-1.31423
-0.899855
-1.01534
-0.711816
-0.800397
-0.565597
-0.637493
-0.445353
-0.506703
-0.341827
-0.396109
-0.249646
-0.298992
-0.165192
-0.211233
-0.0859137
-0.129662
-0.00999902
-0.052298
0.0630215
0.0224659
0.134167
0.0939448
0.20523
0.164843
0.236063
-18.7361
-18.3374
-19.8053
-19.097
-21.3859
-20.4551
-23.2699
-22.2337
-25.2108
-24.1986
-26.9731
-26.0941
-28.3988
-27.7071
-29.4429
-28.9352
-30.1498
-29.7897
-30.6027
-30.3463
-30.8844
-30.6943
-31.0598
-30.909
-31.1741
-31.0446
-31.2561
-31.137
-31.3234
-31.2082
-31.3858
-31.2711
-31.4474
-31.3323
-31.5072
-31.3934
-31.5587
-31.4511
-31.5873
-31.4956
-31.5666
-31.5079
-31.4526
-31.4547
-31.1777
-31.2818
-30.6523
-30.9095
-29.7888
-30.2404
-28.5305
-29.198
-26.7627
-27.7441
-24.2732
-25.687
-20.7997
-22.7955
-16.2737
-18.7773
-11.2979
-13.786
-7.10087
-8.86136
-4.43082
-5.40356
-2.95451
-3.50999
-2.09014
-2.43606
-1.54187
-1.77165
-1.17387
-1.33381
-0.915735
-1.03206
-0.725947
-0.815109
-0.578482
-0.650767
-0.45735
-0.518956
-0.353172
-0.407631
-0.260481
-0.309959
-0.175609
-0.221751
-0.0959554
-0.139808
-0.0197453
-0.062087
0.0534752
0.0128965
0.124707
0.0845765
0.195761
0.155466
0.226676
-18.6987
-18.31
-19.7473
-19.0527
-21.3036
-20.3879
-23.1633
-22.1422
-25.0831
-24.0845
-26.8294
-25.9618
-28.2449
-27.5623
-29.2834
-28.7833
-29.9876
-29.6342
-30.4393
-30.1892
-30.7203
-30.5364
-30.8953
-30.7507
-31.0091
-30.886
-31.0906
-30.9779
-31.1573
-31.0485
-31.219
-31.1108
-31.2797
-31.1712
-31.3387
-31.2315
-31.3895
-31.2885
-31.4178
-31.3325
-31.3976
-31.3447
-31.2854
-31.2924
-31.0151
-31.1222
-30.499
-30.7561
-29.6509
-30.0987
-28.4126
-29.0744
-26.6693
-27.6412
-24.2099
-25.6108
-20.7734
-22.751
-16.2895
-18.7729
-11.3491
-13.8236
-7.16348
-8.92567
-4.48226
-5.46304
-2.9912
-3.55221
-2.11732
-2.46643
-1.5634
-1.79507
-1.19184
-1.35299
-0.931297
-1.04845
-0.739804
-0.829527
-0.591126
-0.663785
-0.46913
-0.530982
-0.364318
-0.418946
-0.271133
-0.320735
-0.185858
-0.232093
-0.105851
-0.149794
-0.0293586
-0.0717451
0.0440824
0.00315449
0.115419
0.0753773
0.186464
0.146259
0.21746
-18.6643
-18.2851
-19.6938
-19.0119
-21.2272
-20.3257
-23.0643
-22.0572
-24.9643
-23.9785
-26.6959
-25.8387
-28.102
-27.4278
-29.1354
-28.6422
-29.8371
-29.4899
-30.2877
-30.0435
-30.5682
-30.3901
-30.7428
-30.604
-30.8562
-30.739
-30.9372
-30.8305
-31.0034
-30.9007
-31.0644
-30.9623
-31.1244
-31.0221
-31.1827
-31.0816
-31.2328
-31.1379
-31.2608
-31.1813
-31.2409
-31.1935
-31.1306
-31.142
-30.8645
-30.9745
-30.3571
-30.6141
-29.5234
-29.9678
-28.3039
-28.9602
-26.5835
-27.5465
-24.1524
-25.5412
-20.7508
-22.7113
-16.3068
-18.771
-11.3997
-13.8613
-7.22468
-8.98856
-4.53254
-5.52113
-3.02712
-3.59352
-2.14394
-2.49616
-1.58447
-1.81798
-1.20943
-1.37175
-0.946539
-1.06448
-0.753386
-0.843652
-0.603529
-0.676549
-0.480694
-0.542781
-0.375265
-0.430055
-0.281602
-0.331322
-0.195938
-0.242261
-0.1156
-0.159618
-0.0391439
-0.0812662
0.0345354
-0.00651574
0.106299
0.0663349
0.177336
0.137219
0.208411
-18.6329
-18.2626
-19.6443
-18.9743
-21.1564
-20.2682
-22.9722
-21.9783
-24.8539
-23.8799
-26.5718
-25.7244
-27.9692
-27.3028
-28.998
-28.5112
-29.6975
-29.356
-30.1472
-29.9084
-30.4272
-30.2545
-30.6015
-30.4682
-30.7146
-30.6029
-30.7952
-30.694
-30.8609
-30.7637
-30.9212
-30.8248
-30.9806
-30.8839
-31.0381
-30.9428
-31.0877
-30.9984
-31.1154
-31.0414
-31.0959
-31.0535
-30.9872
-31.0028
-30.7253
-30.8377
-30.2259
-30.4828
-29.4057
-29.8467
-28.2038
-28.855
-26.5049
-27.4595
-24.1004
-25.4776
-20.7317
-22.676
-16.3253
-18.7714
-11.4497
-13.899
-7.28446
-9.05002
-4.58166
-5.5778
-3.06225
-3.6339
-2.16997
-2.52524
-1.60508
-1.84039
-1.22665
-1.3901
-0.961462
-1.08018
-0.766695
-0.857483
-0.615692
-0.689058
-0.492041
-0.554355
-0.386016
-0.440959
-0.291889
-0.341721
-0.205851
-0.252254
-0.125197
-0.16928
-0.0485534
-0.0906428
0.0253664
-0.0157118
0.0973354
0.0574356
0.168375
0.128343
0.199528
-18.6042
-18.2422
-19.5986
-18.9399
-21.0907
-20.2149
-22.8867
-21.9051
-24.7513
-23.7883
-26.4565
-25.6181
-27.8459
-27.1868
-28.8705
-28.3897
-29.5681
-29.2319
-30.0169
-29.7833
-30.2966
-30.129
-30.4707
-30.3424
-30.5835
-30.4768
-30.6637
-30.5677
-30.7289
-30.637
-30.7887
-30.6976
-30.8474
-30.7561
-30.9043
-30.8143
-30.9533
-30.8693
-30.9808
-30.9119
-30.9617
-30.924
-30.8546
-30.8741
-30.5964
-30.7113
-30.1047
-30.3615
-29.297
-29.735
-28.1116
-28.7579
-26.4329
-27.3796
-24.0536
-25.4198
-20.7159
-22.6448
-16.345
-18.774
-11.4989
-13.9368
-7.34283
-9.11006
-4.6296
-5.63305
-3.09658
-3.67334
-2.19543
-2.55365
-1.62523
-1.86229
-1.24348
-1.40804
-0.976066
-1.09552
-0.779729
-0.871022
-0.627614
-0.701314
-0.503173
-0.565703
-0.396569
-0.451659
-0.301995
-0.351931
-0.215595
-0.262073
-0.134641
-0.178782
-0.0577188
-0.0998732
0.0164378
-0.0246559
0.0885224
0.0486728
0.159576
0.119628
0.190807
-18.5781
-18.2238
-19.5565
-18.9082
-21.0298
-20.1656
-22.8073
-21.8371
-24.6559
-23.7031
-26.3494
-25.5194
-27.7315
-27.079
-28.7522
-28.2769
-29.4482
-29.1169
-29.8963
-29.6673
-30.1758
-30.0127
-30.3496
-30.226
-30.4622
-30.3603
-30.5421
-30.4509
-30.6068
-30.5198
-30.6661
-30.5799
-30.7241
-30.6378
-30.7805
-30.6955
-30.829
-30.7499
-30.8563
-30.7921
-30.8375
-30.8042
-30.7319
-30.755
-30.4774
-30.5944
-29.9928
-30.2494
-29.1968
-29.632
-28.0268
-28.6686
-26.3671
-27.3064
-24.0114
-25.3674
-20.703
-22.6175
-16.3656
-18.7785
-11.5475
-13.9746
-7.39977
-9.16868
-4.67637
-5.6869
-3.13011
-3.71184
-2.22029
-2.58141
-1.64492
-1.88368
-1.25994
-1.42557
-0.990351
-1.11053
-0.792492
-0.884269
-0.639298
-0.713317
-0.514091
-0.576827
-0.406928
-0.462155
-0.31192
-0.361955
-0.225174
-0.27172
-0.143931
-0.188124
-0.0667291
-0.108957
0.00765816
-0.0334475
0.0798561
0.0400419
0.150937
0.11107
0.182246
-18.5542
-18.2073
-19.5177
-18.8792
-20.9734
-20.12
-22.7335
-21.774
-24.5674
-23.624
-26.2499
-25.4277
-27.6253
-26.9789
-28.6426
-28.1724
-29.3371
-29.0103
-29.7847
-29.56
-30.0639
-29.9052
-30.2376
-30.1184
-30.35
-30.2525
-30.4296
-30.3429
-30.4939
-30.4114
-30.5527
-30.4711
-30.6102
-30.5285
-30.666
-30.5857
-30.7141
-30.6396
-30.7411
-30.6814
-30.7227
-30.6935
-30.6186
-30.645
-30.3674
-30.4865
-29.8895
-30.146
-29.1045
-29.537
-27.9489
-28.5864
-26.3072
-27.2394
-23.9737
-25.3199
-20.693
-22.5938
-16.3872
-18.7848
-11.5953
-14.0123
-7.45531
-9.22589
-4.72196
-5.73934
-3.16284
-3.7494
-2.24457
-2.60849
-1.66416
-1.90456
-1.27602
-1.44269
-1.00432
-1.12519
-0.804982
-0.897225
-0.650744
-0.725069
-0.524796
-0.587729
-0.417092
-0.47245
-0.321667
-0.371794
-0.234586
-0.281196
-0.153068
-0.197307
-0.0755955
-0.117894
-0.000985861
-0.0421025
0.0713329
0.0315394
0.142455
0.102668
0.173841
-18.5325
-18.1925
-19.4819
-18.8527
-20.9211
-20.0779
-22.6651
-21.7154
-24.4851
-23.5506
-26.1575
-25.3425
-27.5269
-26.8861
-28.541
-28.0755
-29.2342
-28.9117
-29.6815
-29.4608
-29.9606
-29.8058
-30.1341
-30.0189
-30.2463
-30.153
-30.3256
-30.2431
-30.3896
-30.3114
-30.4479
-30.3706
-30.5049
-30.4276
-30.5602
-30.4842
-30.6079
-30.5377
-30.6348
-30.5792
-30.6167
-30.5913
-30.5139
-30.5435
-30.266
-30.3869
-29.7943
-30.0507
-29.0197
-29.4496
-27.8776
-28.511
-26.2526
-27.1783
-23.9402
-25.2771
-20.6856
-22.5734
-16.4096
-18.7927
-11.6424
-14.0499
-7.50943
-9.28171
-4.76637
-5.79037
-3.19476
-3.786
-2.26826
-2.6349
-1.68292
-1.92493
-1.29172
-1.45939
-1.01797
-1.13951
-0.817202
-0.909893
-0.661953
-0.736571
-0.535289
-0.598409
-0.427063
-0.482545
-0.331236
-0.381448
-0.243833
-0.290501
-0.162052
-0.206331
-0.0843225
-0.126685
-0.00950061
-0.0506283
0.0629497
0.0231618
0.134128
0.0944171
0.165589
-18.5129
-18.1794
-19.449
-18.8284
-20.8726
-20.0389
-22.6015
-21.6611
-24.4087
-23.4824
-26.0719
-25.2635
-27.4356
-26.8001
-28.447
-27.9858
-29.1391
-28.8205
-29.5861
-29.3691
-29.8651
-29.7141
-30.0386
-29.9272
-30.1506
-30.0611
-30.2297
-30.1511
-30.2933
-30.2191
-30.3512
-30.278
-30.4078
-30.3345
-30.4626
-30.3907
-30.5099
-30.4437
-30.5366
-30.4849
-30.5189
-30.497
-30.4174
-30.4499
-30.1725
-30.2952
-29.7067
-29.963
-28.9417
-29.3693
-27.8123
-28.4419
-26.2032
-27.1225
-23.9105
-25.2387
-20.6806
-22.5562
-16.4328
-18.8022
-11.6887
-14.0872
-7.56216
-9.33613
-4.8096
-5.84
-3.22586
-3.82164
-2.29136
-2.66064
-1.70123
-1.94479
-1.30704
-1.47569
-1.03131
-1.15349
-0.829154
-0.922273
-0.672928
-0.747825
-0.545572
-0.60887
-0.436842
-0.49244
-0.340629
-0.39092
-0.252917
-0.299637
-0.170884
-0.215198
-0.0929132
-0.135329
-0.0178903
-0.0590296
0.0547035
0.0149065
0.125952
0.0863154
0.157489
-18.4951
-18.1677
-19.4187
-18.8062
-20.8278
-20.003
-22.5426
-21.6108
-24.3378
-23.4191
-25.9924
-25.1902
-27.351
-26.7204
-28.36
-27.9027
-29.0512
-28.7362
-29.498
-29.2845
-29.777
-29.6295
-29.9505
-29.8426
-30.0624
-29.9765
-30.1413
-30.0663
-30.2046
-30.1341
-30.2621
-30.1926
-30.3182
-30.2488
-30.3726
-30.3045
-30.4195
-30.3571
-30.4461
-30.398
-30.4288
-30.4102
-30.3285
-30.3637
-30.0865
-30.2108
-29.6262
-29.8823
-28.8702
-29.2956
-27.7527
-28.3788
-26.1584
-27.0719
-23.8845
-25.2043
-20.6778
-22.5418
-16.4565
-18.8132
-11.7342
-14.1244
-7.61351
-9.38919
-4.85166
-5.88825
-3.25615
-3.85634
-2.31386
-2.6857
-1.71908
-1.96414
-1.322
-1.49157
-1.04433
-1.16713
-0.840839
-0.934368
-0.68367
-0.758833
-0.555647
-0.619113
-0.446432
-0.502138
-0.349846
-0.400211
-0.261838
-0.308606
-0.179565
-0.223909
-0.10137
-0.143829
-0.0261583
-0.0673099
0.0465915
0.00677091
0.117925
0.0783601
0.149538
-18.479
-18.1573
-19.3908
-18.786
-20.7864
-19.9699
-22.4879
-21.5643
-24.2721
-23.3605
-25.9188
-25.1223
-27.2728
-26.6466
-28.2796
-27.826
-28.9701
-28.6583
-29.4167
-29.2065
-29.6958
-29.5515
-29.8693
-29.7647
-29.9811
-29.8986
-30.0598
-29.9883
-30.1228
-30.0558
-30.18
-30.1141
-30.2357
-30.1698
-30.2897
-30.2251
-30.3363
-30.2774
-30.3628
-30.3181
-30.3458
-30.3303
-30.2467
-30.2845
-30.0074
-30.1332
-29.5523
-29.8083
-28.8047
-29.2281
-27.6984
-28.3211
-26.1182
-27.0261
-23.8618
-25.1738
-20.6772
-22.5302
-16.4809
-18.8254
-11.779
-14.1613
-7.66348
-9.44088
-4.89255
-5.93512
-3.28562
-3.89007
-2.33578
-2.7101
-1.73647
-1.98298
-1.33658
-1.50706
-1.05705
-1.18043
-0.852259
-0.94618
-0.694181
-0.769597
-0.565515
-0.629139
-0.455833
-0.511641
-0.35889
-0.409322
-0.270598
-0.317409
-0.188096
-0.232466
-0.109694
-0.152184
-0.0343073
-0.0754692
0.0386113
-0.00176808
0.110044
0.0705464
0.141733
-18.4645
-18.1483
-19.3653
-18.7676
-20.7481
-19.9394
-22.4373
-21.5211
-24.2112
-23.3061
-25.8507
-25.0594
-27.2004
-26.5783
-28.2054
-27.7552
-28.8953
-28.5866
-29.3419
-29.1346
-29.6211
-29.4798
-29.7947
-29.6931
-29.9064
-29.827
-29.985
-29.9166
-30.0477
-29.9839
-30.1046
-30.0419
-30.1599
-30.0973
-30.2135
-30.1523
-30.2598
-30.2042
-30.2862
-30.2447
-30.2696
-30.2569
-30.1716
-30.2117
-29.9348
-30.0621
-29.4847
-29.7405
-28.745
-29.1664
-27.6492
-28.2686
-26.082
-26.9847
-23.8424
-25.1469
-20.6784
-22.5212
-16.5057
-18.8388
-11.8229
-14.198
-7.71208
-9.49123
-4.93228
-5.98062
-3.31429
-3.92287
-2.3571
-2.73382
-1.75341
-2.00131
-1.35079
-1.52213
-1.06946
-1.19341
-0.863417
-0.957712
-0.704463
-0.780119
-0.575179
-0.638952
-0.465048
-0.520951
-0.367762
-0.418256
-0.279199
-0.326047
-0.196478
-0.240869
-0.117885
-0.160395
-0.0428531
-0.0835001
0.0302424
-0.0101507
0.102305
0.0628627
0.134071
-18.4515
-18.1404
-19.3419
-18.751
-20.7127
-19.9113
-22.3904
-21.4813
-24.1548
-23.2558
-25.7876
-25.0012
-27.1336
-26.5153
-28.137
-27.6898
-28.8265
-28.5205
-29.2731
-29.0686
-29.5524
-29.414
-29.7261
-29.6274
-29.8379
-29.7614
-29.9162
-29.8509
-29.9788
-29.918
-30.0353
-29.9757
-30.0903
-30.0309
-30.1436
-30.0855
-30.1896
-30.137
-30.216
-30.1773
-30.1997
-30.1897
-30.1028
-30.145
-29.8684
-29.9969
-29.4228
-29.6786
-28.6905
-29.1102
-27.6046
-28.221
-26.0498
-26.9476
-23.8258
-25.1233
-20.6815
-22.5145
-16.5309
-18.8534
-11.866
-14.2343
-7.75935
-9.54026
-4.97086
-6.02478
-3.34215
-3.95471
-2.37785
-2.75688
-1.76989
-2.01915
-1.36463
-1.53681
-1.08156
-1.20605
-0.874315
-0.968966
-0.714518
-0.790401
-0.584639
-0.648553
-0.474078
-0.530069
-0.376463
-0.427014
-0.287641
-0.334523
-0.204712
-0.249119
-0.125937
-0.168464
-0.0507268
-0.0913985
0.022539
-0.0178499
0.0946974
0.0552997
0.12655
-18.44
-18.1336
-19.3205
-18.7359
-20.6801
-19.8855
-22.3471
-21.4444
-24.1027
-23.2093
-25.7294
-24.9474
-27.072
-26.4571
-28.074
-27.6297
-28.7632
-28.4598
-29.21
-29.008
-29.4895
-29.3536
-29.6633
-29.5673
-29.775
-29.7013
-29.8533
-29.7908
-29.9156
-29.8577
-29.9719
-29.9152
-30.0266
-29.97
-30.0795
-30.0243
-30.1253
-30.0756
-30.1516
-30.1157
-30.1356
-30.1281
-30.0398
-30.0841
-29.8077
-29.9374
-29.3664
-29.6221
-28.6411
-29.059
-27.5644
-28.178
-26.0213
-26.9143
-23.8121
-25.1029
-20.6863
-22.51
-16.5565
-18.8689
-11.9082
-14.2703
-7.80528
-9.58799
-5.00829
-6.0676
-3.3692
-3.98562
-2.398
-2.77928
-1.78593
-2.03648
-1.37811
-1.5511
-1.09336
-1.21837
-0.884956
-0.979946
-0.724348
-0.800446
-0.593899
-0.657945
-0.482925
-0.538997
-0.384997
-0.435598
-0.295927
-0.342837
-0.212799
-0.25722
-0.133854
-0.176391
-0.058452
-0.0991664
0.0149788
-0.0253992
0.0872198
0.0478545
0.119168
-18.4297
-18.1279
-19.301
-18.7222
-20.6501
-19.8618
-22.307
-21.4104
-24.0545
-23.1663
-25.6756
-24.8977
-27.0153
-26.4035
-28.0161
-27.5743
-28.7052
-28.4042
-29.1521
-28.9525
-29.4319
-29.2984
-29.6058
-29.5123
-29.7176
-29.6464
-29.7957
-29.7358
-29.8579
-29.8027
-29.9139
-29.8599
-29.9683
-29.9145
-30.021
-29.9685
-30.0665
-30.0195
-30.0928
-30.0595
-30.0771
-30.072
-29.9822
-30.0285
-29.7523
-29.8832
-29.3151
-29.5707
-28.5963
-29.0127
-27.5283
-28.1392
-25.9961
-26.8848
-23.8009
-25.0854
-20.6926
-22.5076
-16.5825
-18.8854
-11.9497
-14.306
-7.84991
-9.63443
-5.0446
-6.1091
-3.39546
-4.0156
-2.41758
-2.80102
-1.80151
-2.05333
-1.39124
-1.56499
-1.10486
-1.23037
-0.895343
-0.990654
-0.733957
-0.810258
-0.602961
-0.667129
-0.491592
-0.547738
-0.393363
-0.44401
-0.304057
-0.350992
-0.220741
-0.265171
-0.141634
-0.184179
-0.0660453
-0.106804
0.00754342
-0.0328206
0.0798688
0.040524
0.111921
-18.4205
-18.123
-19.2832
-18.71
-20.6224
-19.8401
-22.2701
-21.3791
-24.01
-23.1266
-25.6261
-24.852
-26.9631
-26.3542
-27.9629
-27.5236
-28.652
-28.3532
-29.0993
-28.9018
-29.3793
-29.2481
-29.5534
-29.4622
-29.6652
-29.5964
-29.7433
-29.6858
-29.8052
-29.7525
-29.861
-29.8096
-29.9152
-29.8639
-29.9676
-29.9177
-30.013
-29.9685
-30.0392
-30.0083
-30.0238
-30.0209
-29.9299
-29.9779
-29.702
-29.8339
-29.2687
-29.5241
-28.556
-28.9709
-27.496
-28.1045
-25.9742
-26.8587
-23.7921
-25.0706
-20.7003
-22.5071
-16.6087
-18.9027
-11.9904
-14.3413
-7.89324
-9.67961
-5.07979
-6.14931
-3.42093
-4.04465
-2.43659
-2.82211
-1.81666
-2.06968
-1.40401
-1.57849
-1.11607
-1.24205
-0.905478
-1.00109
-0.743346
-0.819838
-0.611827
-0.676109
-0.50008
-0.556294
-0.401565
-0.452252
-0.312034
-0.358989
-0.228539
-0.272975
-0.14928
-0.191828
-0.0735125
-0.114313
0.000225812
-0.0401225
0.0726417
0.0333052
0.104809
-18.4125
-18.1191
-19.267
-18.699
-20.597
-19.8202
-22.236
-21.3503
-23.969
-23.0901
-25.5805
-24.8098
-26.9151
-26.3089
-27.9143
-27.4771
-28.6034
-28.3066
-29.051
-28.8556
-29.3314
-29.2022
-29.5056
-29.4166
-29.6175
-29.551
-29.6955
-29.6404
-29.7574
-29.707
-29.8129
-29.7639
-29.8669
-29.818
-29.919
-29.8715
-29.9642
-29.9221
-29.9904
-29.9618
-29.9754
-29.9745
-29.8824
-29.932
-29.6565
-29.7893
-29.2267
-29.4821
-28.5197
-28.9333
-27.4674
-28.0735
-25.9553
-26.8359
-23.7856
-25.0585
-20.7094
-22.5084
-16.6351
-18.9208
-12.0302
-14.3762
-7.9353
-9.72354
-5.11387
-6.18824
-3.44561
-4.07279
-2.45503
-2.84255
-1.83138
-2.08555
-1.41642
-1.59161
-1.12698
-1.25341
-0.915365
-1.01127
-0.752519
-0.82919
-0.620499
-0.684887
-0.508392
-0.564668
-0.409604
-0.460326
-0.31986
-0.366831
-0.236195
-0.280633
-0.156793
-0.199339
-0.0808569
-0.121693
-0.00697827
-0.0473099
0.0655362
0.0261957
0.0978274
-18.4056
-18.1159
-19.2523
-18.6891
-20.5737
-19.802
-22.2046
-21.3237
-23.9313
-23.0564
-25.5386
-24.7711
-26.8712
-26.2674
-27.8698
-27.4346
-28.5592
-28.2642
-29.0072
-28.8136
-29.2879
-29.1607
-29.4624
-29.3754
-29.5743
-29.5099
-29.6523
-29.5993
-29.714
-29.6659
-29.7694
-29.7226
-29.8231
-29.7765
-29.875
-29.8298
-29.9201
-29.8802
-29.9463
-29.9198
-29.9315
-29.9326
-29.8394
-29.8906
-29.6153
-29.7491
-29.189
-29.4442
-28.4873
-28.8996
-27.4422
-28.0461
-25.9392
-26.8161
-23.7813
-25.0488
-20.7197
-22.5113
-16.6617
-18.9395
-12.0692
-14.4107
-7.97612
-9.76626
-5.14687
-6.22592
-3.46952
-4.10003
-2.47291
-2.86236
-1.84566
-2.10095
-1.42849
-1.60436
-1.13761
-1.26447
-0.925008
-1.02118
-0.761478
-0.838317
-0.62898
-0.693466
-0.516529
-0.572861
-0.417482
-0.468235
-0.327535
-0.374519
-0.24371
-0.288148
-0.164173
-0.206715
-0.0880812
-0.128946
-0.014072
-0.0543863
0.0585498
0.0191932
0.090975
-18.3995
-18.1134
-19.239
-18.6804
-20.5523
-19.7855
-22.1758
-21.2994
-23.8966
-23.0255
-25.5002
-24.7356
-26.8311
-26.2294
-27.8293
-27.3959
-28.519
-28.2257
-28.9675
-28.7756
-29.2485
-29.1232
-29.4233
-29.3382
-29.5353
-29.4728
-29.6132
-29.5623
-29.6748
-29.6288
-29.7301
-29.6854
-29.7835
-29.7391
-29.8353
-29.7921
-29.8802
-29.8424
-29.9064
-29.8819
-29.892
-29.8948
-29.8007
-29.8533
-29.5784
-29.713
-29.1552
-29.4104
-28.4586
-28.8697
-27.4202
-28.0219
-25.9258
-26.7992
-23.7788
-25.0413
-20.7311
-22.5158
-16.6884
-18.959
-12.1074
-14.4448
-8.0157
-9.80778
-5.1788
-6.26236
-3.49267
-4.12639
-2.49024
-2.88154
-1.85952
-2.11587
-1.44023
-1.61673
-1.14795
-1.27522
-0.934409
-1.03084
-0.770226
-0.847221
-0.637272
-0.701849
-0.524495
-0.580876
-0.425202
-0.47598
-0.335063
-0.382055
-0.251086
-0.29552
-0.171423
-0.213957
-0.0951873
-0.136073
-0.0210581
-0.0613544
0.0516803
0.0122955
0.0842496
-18.3944
-18.1117
-19.227
-18.6727
-20.5327
-19.7704
-22.1493
-21.2771
-23.8648
-22.9971
-25.4651
-24.7031
-26.7945
-26.1948
-27.7926
-27.3607
-28.4826
-28.1908
-28.9316
-28.7413
-29.2131
-29.0894
-29.388
-29.3047
-29.5002
-29.4396
-29.5781
-29.5291
-29.6396
-29.5955
-29.6947
-29.652
-29.748
-29.7055
-29.7995
-29.7584
-29.8444
-29.8085
-29.8706
-29.8479
-29.8565
-29.861
-29.766
-29.82
-29.5453
-29.6807
-29.1252
-29.3803
-28.4333
-28.8433
-27.4011
-28.0009
-25.9148
-26.7849
-23.7783
-25.0359
-20.7436
-22.5218
-16.7152
-18.979
-12.1449
-14.4785
-8.05409
-9.84812
-5.20967
-6.29759
-3.51506
-4.15186
-2.50702
-2.90009
-1.87296
-2.13033
-1.45162
-1.62874
-1.15802
-1.28567
-0.943572
-1.04025
-0.778767
-0.855907
-0.645379
-0.710037
-0.532291
-0.588716
-0.432765
-0.483563
-0.342445
-0.389441
-0.258325
-0.302751
-0.178543
-0.221066
-0.102177
-0.143075
-0.0279389
-0.0682167
0.0449256
0.00550061
0.0776489
-18.39
-18.1105
-19.2162
-18.6659
-20.5149
-19.7567
-22.1251
-21.2567
-23.8357
-22.9712
-25.433
-24.6734
-26.7613
-26.1633
-27.7593
-27.3289
-28.4498
-28.1594
-28.8994
-28.7105
-29.1813
-29.0591
-29.3565
-29.2748
-29.4688
-29.4099
-29.5467
-29.4994
-29.6081
-29.5658
-29.6631
-29.6222
-29.7162
-29.6756
-29.7676
-29.7283
-29.8123
-29.7782
-29.8386
-29.8176
-29.8247
-29.8308
-29.735
-29.7903
-29.516
-29.6521
-29.0986
-29.3537
-28.4111
-28.8201
-27.3849
-27.9829
-25.9061
-26.7732
-23.7794
-25.0325
-20.757
-22.5291
-16.7421
-18.9995
-12.1815
-14.5118
-8.09129
-9.88732
-5.23951
-6.33163
-3.53671
-4.17648
-2.52326
-2.91804
-1.88599
-2.14433
-1.46268
-1.64038
-1.16781
-1.29582
-0.952501
-1.0494
-0.787103
-0.864378
-0.653303
-0.718036
-0.53992
-0.596383
-0.440173
-0.490988
-0.349682
-0.396679
-0.265428
-0.309844
-0.185535
-0.228044
-0.109052
-0.149953
-0.0347162
-0.0749735
0.0382837
-0.00158716
0.0711695
-18.3864
-18.1099
-19.2065
-18.66
-20.4986
-19.7444
-22.1029
-21.238
-23.8091
-22.9475
-25.4039
-24.6463
-26.7312
-26.1347
-27.7293
-27.3002
-28.4204
-28.1312
-28.8705
-28.683
-29.1529
-29.0322
-29.3284
-29.2483
-29.4408
-29.3835
-29.5188
-29.4732
-29.5801
-29.5395
-29.6349
-29.5958
-29.6879
-29.649
-29.7392
-29.7016
-29.7838
-29.7514
-29.8101
-29.7908
-29.7966
-29.8041
-29.7076
-29.764
-29.49
-29.6269
-29.0754
-29.3303
-28.392
-28.8
-27.3713
-27.9675
-25.8996
-26.7638
-23.7822
-25.031
-20.7714
-22.5376
-16.769
-19.0204
-12.2173
-14.5446
-8.12734
-9.92539
-5.26834
-6.36451
-3.55762
-4.20024
-2.53897
-2.93538
-1.89861
-2.15788
-1.47342
-1.65167
-1.17733
-1.30568
-0.9612
-1.05831
-0.795238
-0.872637
-0.661046
-0.725846
-0.547384
-0.60388
-0.447429
-0.498256
-0.356777
-0.403771
-0.272397
-0.3168
-0.1924
-0.234892
-0.115813
-0.156708
-0.0417809
-0.0816205
0.031361
-0.008539
0.0648033
-18.3835
-18.1099
-19.1979
-18.6549
-20.4839
-19.7332
-22.0828
-21.2211
-23.7849
-22.9259
-25.3774
-24.6218
-26.704
-26.1089
-27.7023
-27.2744
-28.3941
-28.1061
-28.8449
-28.6586
-29.1278
-29.0084
-29.3036
-29.2249
-29.4161
-29.3603
-29.4941
-29.4501
-29.5554
-29.5164
-29.6101
-29.5726
-29.663
-29.6257
-29.7141
-29.6781
-29.7586
-29.7278
-29.785
-29.7672
-29.7717
-29.7806
-29.6835
-29.741
-29.4674
-29.6048
-29.0552
-29.3101
-28.3757
-28.7829
-27.3601
-27.9548
-25.8952
-26.7566
-23.7864
-25.0312
-20.7866
-22.5473
-16.7958
-19.0418
-12.2524
-14.577
-8.16225
-9.96236
-5.29616
-6.39624
-3.57782
-4.22318
-2.55416
-2.95213
-1.91083
-2.17099
-1.48384
-1.66262
-1.18658
-1.31526
-0.969672
-1.06698
-0.803174
-0.880688
-0.668612
-0.733472
-0.554687
-0.61121
-0.454535
-0.50537
-0.363732
-0.41072
-0.279234
-0.323622
-0.19914
-0.241613
-0.122456
-0.163343
-0.0483198
-0.0881555
0.0249609
-0.0149561
0.0585432
-18.3812
-18.1103
-19.1902
-18.6505
-20.4705
-19.7232
-22.0644
-21.2057
-23.7629
-22.9063
-25.3535
-24.5995
-26.6795
-26.0857
-27.6783
-27.2513
-28.3708
-28.0838
-28.8223
-28.6371
-29.1057
-28.9875
-29.2818
-29.2044
-29.3945
-29.3401
-29.4725
-29.4299
-29.5337
-29.4962
-29.5884
-29.5523
-29.6411
-29.6054
-29.6921
-29.6577
-29.7366
-29.7073
-29.763
-29.7466
-29.75
-29.7602
-29.6625
-29.721
-29.4477
-29.5857
-29.0379
-29.2928
-28.362
-28.7684
-27.3513
-27.9444
-25.8926
-26.7514
-23.7921
-25.033
-20.8025
-22.5581
-16.8227
-19.0636
-12.2867
-14.6089
-8.19605
-9.99825
-5.32302
-6.42687
-3.59731
-4.24529
-2.56884
-2.96831
-1.92267
-2.18367
-1.49394
-1.67322
-1.19558
-1.32455
-0.977922
-1.07541
-0.810916
-0.888534
-0.676003
-0.740916
-0.561829
-0.618375
-0.461493
-0.512332
-0.370549
-0.417528
-0.28594
-0.33031
-0.205756
-0.248208
-0.128984
-0.169858
-0.054734
-0.0945802
0.0186828
-0.0212471
0.052387
-18.3795
-18.1111
-19.1835
-18.6468
-20.4585
-19.7142
-22.0477
-21.1918
-23.7431
-22.8885
-25.332
-24.5795
-26.6577
-26.0649
-27.657
-27.2309
-28.3502
-28.0641
-28.8024
-28.6183
-29.0864
-28.9693
-29.2628
-29.1867
-29.3757
-29.3226
-29.4538
-29.4125
-29.515
-29.4788
-29.5695
-29.5349
-29.6221
-29.5878
-29.673
-29.6401
-29.7175
-29.6896
-29.744
-29.7289
-29.7313
-29.7426
-29.6444
-29.7038
-29.4309
-29.5695
-29.0234
-29.2781
-28.3509
-28.7564
-27.3446
-27.9364
-25.8918
-26.7482
-23.799
-25.0363
-20.8191
-22.5699
-16.8495
-19.0856
-12.3202
-14.6404
-8.22877
-10.0331
-5.34891
-6.4564
-3.61611
-4.26661
-2.58301
-2.98391
-1.93412
-2.19592
-1.50374
-1.68348
-1.20431
-1.33358
-0.985953
-1.08361
-0.818466
-0.896179
-0.683223
-0.748181
-0.568815
-0.625378
-0.468305
-0.519144
-0.377229
-0.424196
-0.292518
-0.336867
-0.212251
-0.254678
-0.135397
-0.176255
-0.0610366
-0.100895
0.0125127
-0.027429
0.046332
-18.3784
-18.1123
-19.1776
-18.6438
-20.4476
-19.7062
-22.0327
-21.1792
-23.7251
-22.8725
-25.3127
-24.5615
-26.6383
-26.0464
-27.6382
-27.2129
-28.3323
-28.047
-28.7853
-28.602
-29.0698
-28.9537
-29.2466
-29.1715
-29.3596
-29.3077
-29.4377
-29.3977
-29.4989
-29.4641
-29.5534
-29.5201
-29.6059
-29.573
-29.6567
-29.6251
-29.7011
-29.6745
-29.7277
-29.7138
-29.7153
-29.7277
-29.6291
-29.6894
-29.4168
-29.5559
-29.0113
-29.2661
-28.342
-28.7469
-27.34
-27.9304
-25.8927
-26.7468
-23.8071
-25.041
-20.8363
-22.5826
-16.8763
-19.108
-12.353
-14.6714
-8.26044
-10.0669
-5.37387
-6.48487
-3.63424
-4.28714
-2.59669
-2.99895
-1.94519
-2.20776
-1.51323
-1.69342
-1.2128
-1.34233
-0.993769
-1.09159
-0.825828
-0.903626
-0.690273
-0.755272
-0.575646
-0.632221
-0.474975
-0.52581
-0.383775
-0.430727
-0.298969
-0.343295
-0.218625
-0.261026
-0.141697
-0.182535
-0.0672321
-0.107102
0.006445
-0.0335085
0.040376
-18.3777
-18.1139
-19.1724
-18.6413
-20.4379
-19.6991
-22.0192
-21.1679
-23.7091
-22.8581
-25.2955
-24.5455
-26.6212
-26.0301
-27.6218
-27.1972
-28.3168
-28.0322
-28.7706
-28.5882
-29.0556
-28.9406
-29.2328
-29.1588
-29.346
-29.2953
-29.4242
-29.3854
-29.4854
-29.4518
-29.5398
-29.5078
-29.5923
-29.5606
-29.643
-29.6126
-29.6874
-29.662
-29.714
-29.7013
-29.7019
-29.7154
-29.6163
-29.6774
-29.4052
-29.5447
-29.0017
-29.2564
-28.3353
-28.7396
-27.3372
-27.9264
-25.8951
-26.7471
-23.8164
-25.047
-20.8541
-22.5961
-16.9029
-19.1306
-12.385
-14.702
-8.29107
-10.0997
-5.39792
-6.51231
-3.6517
-4.3069
-2.60989
-3.01345
-1.95589
-2.21918
-1.52243
-1.70304
-1.22104
-1.35081
-1.00137
-1.09933
-0.833005
-0.91088
-0.697158
-0.76219
-0.582325
-0.638908
-0.481503
-0.53233
-0.390189
-0.437122
-0.305295
-0.349596
-0.22488
-0.267253
-0.147885
-0.1887
-0.0733237
-0.113201
0.00047625
-0.0394899
0.0345169
-18.3775
-18.1159
-19.168
-18.6394
-20.4292
-19.6929
-22.007
-21.1579
-23.6947
-22.8453
-25.2802
-24.5313
-26.6062
-26.0158
-27.6077
-27.1836
-28.3037
-28.0197
-28.7582
-28.5765
-29.0439
-28.9297
-29.2214
-29.1484
-29.3348
-29.2851
-29.4131
-29.3754
-29.4743
-29.4418
-29.5286
-29.4978
-29.581
-29.5505
-29.6317
-29.6025
-29.676
-29.6518
-29.7028
-29.6912
-29.6909
-29.7054
-29.6059
-29.6678
-29.396
-29.5359
-28.9943
-29.249
-28.3307
-28.7344
-27.3363
-27.9243
-25.899
-26.7489
-23.8266
-25.0542
-20.8724
-22.6104
-16.9294
-19.1534
-12.4164
-14.7321
-8.32069
-10.1315
-5.42108
-6.53873
-3.6685
-4.32592
-2.62262
-3.02741
-1.96623
-2.23021
-1.53134
-1.71234
-1.22904
-1.35904
-1.00877
-1.10687
-0.840001
-0.917944
-0.703879
-0.768939
-0.588855
-0.645441
-0.487892
-0.538709
-0.396473
-0.443385
-0.311498
-0.355771
-0.231018
-0.273361
-0.153962
-0.194752
-0.0793137
-0.119194
-0.00539637
-0.0453763
0.0287527
-18.3777
-18.1181
-19.1642
-18.6379
-20.4216
-19.6874
-21.9962
-21.1489
-23.682
-22.8339
-25.2669
-24.5187
-26.5932
-26.0033
-27.5957
-27.172
-28.2927
-28.0092
-28.7481
-28.5671
-29.0343
-28.9209
-29.2122
-29.1401
-29.3258
-29.2771
-29.4042
-29.3675
-29.4654
-29.434
-29.5197
-29.4899
-29.572
-29.5426
-29.6227
-29.5945
-29.667
-29.6438
-29.6938
-29.6832
-29.6823
-29.6976
-29.5978
-29.6604
-29.389
-29.5293
-28.9891
-29.2437
-28.328
-28.7311
-27.3369
-27.9239
-25.9042
-26.7522
-23.8379
-25.0626
-20.8912
-22.6254
-16.9558
-19.1764
-12.447
-14.7617
-8.34932
-10.1624
-5.44337
-6.56417
-3.68468
-4.3442
-2.63489
-3.04085
-1.97622
-2.24084
-1.53996
-1.72133
-1.2368
-1.36702
-1.01597
-1.11418
-0.84682
-0.924822
-0.710441
-0.775522
-0.595238
-0.651823
-0.494145
-0.544947
-0.402628
-0.449518
-0.31758
-0.361823
-0.237041
-0.279352
-0.159931
-0.200692
-0.085204
-0.125082
-0.0111752
-0.0511702
0.0230815
-18.3783
-18.1206
-19.1611
-18.6369
-20.4148
-19.6827
-21.9866
-21.141
-23.6707
-22.8238
-25.2553
-24.5078
-26.5822
-25.9926
-27.5856
-27.1623
-28.2837
-28.0006
-28.74
-28.5595
-29.0268
-28.9142
-29.2051
-29.1338
-29.3189
-29.2711
-29.3974
-29.3617
-29.4586
-29.4282
-29.5129
-29.4841
-29.5651
-29.5367
-29.6157
-29.5886
-29.6601
-29.6379
-29.687
-29.6773
-29.6757
-29.6918
-29.5919
-29.655
-29.384
-29.5247
-28.9857
-29.2403
-28.3271
-28.7297
-27.3392
-27.9252
-25.9106
-26.7569
-23.85
-25.072
-20.9104
-22.641
-16.982
-19.1995
-12.4769
-14.7909
-8.377
-10.1924
-5.46481
-6.58864
-3.70023
-4.36177
-2.6467
-3.05378
-1.98586
-2.2511
-1.54831
-1.73002
-1.24433
-1.37475
-1.02297
-1.12129
-0.853464
-0.931517
-0.716846
-0.781942
-0.601476
-0.658056
-0.500264
-0.551049
-0.408658
-0.455521
-0.323542
-0.367754
-0.24295
-0.285227
-0.165791
-0.206522
-0.0909963
-0.130866
-0.0168623
-0.0568739
0.0175016
-18.3792
-18.1233
-19.1585
-18.6364
-20.4089
-19.6786
-21.9782
-21.134
-23.6609
-22.815
-25.2452
-24.4983
-26.5728
-25.9836
-27.5774
-27.1543
-28.2766
-27.9939
-28.7338
-28.5539
-29.0212
-28.9093
-29.1999
-29.1294
-29.3139
-29.267
-29.3925
-29.3577
-29.4537
-29.4242
-29.508
-29.4802
-29.5602
-29.5328
-29.6108
-29.5846
-29.6552
-29.6339
-29.6822
-29.6734
-29.6712
-29.688
-29.5879
-29.6516
-29.381
-29.522
-28.9843
-29.2388
-28.3278
-28.73
-27.3429
-27.9279
-25.9182
-26.7629
-23.8629
-25.0824
-20.9299
-22.6573
-17.0081
-19.2227
-12.5061
-14.8196
-8.40375
-10.2214
-5.48542
-6.61219
-3.71518
-4.37865
-2.65807
-3.06621
-1.99517
-2.26098
-1.55639
-1.73842
-1.25164
-1.38223
-1.02977
-1.12819
-0.859937
-0.938034
-0.723097
-0.788203
-0.607574
-0.664145
-0.506252
-0.557015
-0.414564
-0.461399
-0.329387
-0.373566
-0.248747
-0.290989
-0.171545
-0.212242
-0.0966924
-0.136547
-0.0224596
-0.0624892
0.0120114
-18.3804
-18.1262
-19.1565
-18.6362
-20.4038
-19.6752
-21.9708
-21.128
-23.6524
-22.8073
-25.2368
-24.4903
-26.5652
-25.9762
-27.5709
-27.1481
-28.2713
-27.9889
-28.7294
-28.5499
-29.0175
-28.9061
-29.1965
-29.1268
-29.3108
-29.2646
-29.3895
-29.3555
-29.4507
-29.4221
-29.505
-29.478
-29.5572
-29.5306
-29.6077
-29.5824
-29.6521
-29.6317
-29.6792
-29.6712
-29.6685
-29.6861
-29.5857
-29.65
-29.3798
-29.521
-28.9845
-29.239
-28.3301
-28.7319
-27.3479
-27.9321
-25.9269
-26.77
-23.8766
-25.0936
-20.9498
-22.6741
-17.034
-19.246
-12.5346
-14.8479
-8.42959
-10.2495
-5.50523
-6.63483
-3.72954
-4.39484
-2.66902
-3.07815
-2.00415
-2.2705
-1.5642
-1.74653
-1.25872
-1.38948
-1.03639
-1.13489
-0.866243
-0.944375
-0.729196
-0.794308
-0.613532
-0.67009
-0.51211
-0.562849
-0.420348
-0.467152
-0.335116
-0.37926
-0.254433
-0.296639
-0.177194
-0.217856
-0.102294
-0.142127
-0.0279687
-0.0680181
0.00660913
-18.3819
-18.1293
-19.1549
-18.6363
-20.3994
-19.6724
-21.9645
-21.1228
-23.6452
-22.8008
-25.2297
-24.4835
-26.5591
-25.9702
-27.5661
-27.1433
-28.2676
-27.9855
-28.7267
-28.5476
-29.0154
-28.9046
-29.1949
-29.1258
-29.3093
-29.2639
-29.3881
-29.3549
-29.4494
-29.4216
-29.5037
-29.4776
-29.5559
-29.5301
-29.6064
-29.5819
-29.6508
-29.6312
-29.6781
-29.6708
-29.6676
-29.6858
-29.5853
-29.6501
-29.3802
-29.5218
-28.9863
-29.2408
-28.3338
-28.7352
-27.3542
-27.9376
-25.9366
-26.7783
-23.891
-25.1057
-20.97
-22.6913
-17.0597
-19.2694
-12.5625
-14.8757
-8.45454
-10.2768
-5.52426
-6.65658
-3.74333
-4.41038
-2.67954
-3.08963
-2.0128
-2.27966
-1.57175
-1.75436
-1.26559
-1.3965
-1.04282
-1.14139
-0.872385
-0.950546
-0.735148
-0.80026
-0.619355
-0.675896
-0.51784
-0.568553
-0.426013
-0.472784
-0.340732
-0.384838
-0.260011
-0.302178
-0.18274
-0.223364
-0.107802
-0.147607
-0.0333914
-0.0734614
0.00112039
-18.3837
-18.1326
-19.1538
-18.6368
-20.3957
-19.6701
-21.9591
-21.1183
-23.6391
-22.7952
-25.224
-24.478
-26.5545
-25.9655
-27.5628
-27.14
-28.2655
-27.9836
-28.7255
-28.5468
-29.0149
-28.9046
-29.1948
-29.1263
-29.3095
-29.2647
-29.3884
-29.3559
-29.4497
-29.4227
-29.504
-29.4786
-29.5562
-29.5312
-29.6067
-29.583
-29.6511
-29.6323
-29.6785
-29.6719
-29.6683
-29.6871
-29.5865
-29.6518
-29.3823
-29.5241
-28.9897
-29.2441
-28.339
-28.74
-27.3616
-27.9443
-25.9472
-26.7875
-23.9059
-25.1185
-20.9905
-22.7091
-17.0851
-19.2928
-12.5897
-14.903
-8.47864
-10.3033
-5.54253
-6.67748
-3.75656
-4.42527
-2.68966
-3.10064
-2.02115
-2.28848
-1.57905
-1.76192
-1.27225
-1.4033
-1.04907
-1.14771
-0.878367
-0.956549
-0.740955
-0.806061
-0.625043
-0.681564
-0.523446
-0.57413
-0.431559
-0.478295
-0.346236
-0.390304
-0.265482
-0.30761
-0.188183
-0.228769
-0.113218
-0.152989
-0.0389001
-0.0788181
-0.00430152
-18.3857
-18.136
-19.1531
-18.6376
-20.3927
-19.6683
-21.9545
-21.1147
-23.6341
-22.7907
-25.2195
-24.4736
-26.5512
-25.9622
-27.5609
-27.1381
-28.2649
-27.9831
-28.7259
-28.5474
-29.0159
-28.906
-29.1962
-29.1282
-29.3111
-29.267
-29.3902
-29.3583
-29.4515
-29.4252
-29.5058
-29.4812
-29.558
-29.5337
-29.6085
-29.5855
-29.653
-29.6348
-29.6805
-29.6745
-29.6705
-29.6899
-29.5893
-29.6549
-29.3858
-29.5278
-28.9944
-29.2488
-28.3453
-28.7461
-27.3702
-27.9522
-25.9587
-26.7977
-23.9215
-25.1321
-21.0112
-22.7272
-17.1104
-19.3162
-12.6163
-14.9299
-8.5019
-10.3289
-5.56007
-6.69755
-3.76924
-4.43954
-2.69938
-3.1112
-2.02918
-2.29697
-1.5861
-1.76921
-1.2787
-1.40987
-1.05514
-1.15383
-0.884191
-0.962389
-0.746619
-0.811716
-0.630601
-0.687098
-0.52893
-0.579582
-0.436991
-0.483689
-0.351629
-0.395658
-0.270848
-0.312934
-0.193526
-0.234071
-0.118541
-0.158272
-0.0441721
-0.0840868
-0.00947148
-18.3879
-19.1528
-20.3903
-21.9508
-23.6301
-25.2162
-26.5491
-27.5603
-28.2656
-28.7276
-29.0183
-29.199
-29.3142
-29.3933
-29.4547
-29.509
-29.5612
-29.6118
-29.6563
-29.6839
-29.6742
-29.5934
-29.3908
-29.0005
-28.3529
-27.3797
-25.971
-23.9376
-21.032
-17.1354
-12.6423
-8.52434
-5.57688
-3.7814
-2.70871
-2.03693
-1.59292
-1.28495
-1.06103
-0.889863
-0.752145
-0.63603
-0.534293
-0.442308
-0.356915
-0.27611
-0.19877
-0.123771
-0.0493397
)
;

boundaryField
{
    top
    {
        type            calculated;
        value           nonuniform List<scalar> 
50
(
-18.1401
-18.6404
-19.6699
-21.1154
-22.791
-24.4741
-25.9632
-27.1399
-27.9855
-28.5505
-28.9095
-29.1319
-29.2709
-29.3623
-29.4292
-29.4852
-29.5377
-29.5895
-29.6388
-29.6786
-29.694
-29.6592
-29.5324
-29.2539
-28.7519
-27.9588
-26.8054
-25.1414
-22.7387
-19.3302
-14.9455
-10.3438
-6.70971
-4.44888
-3.11874
-2.3035
-1.77517
-1.41549
-1.15924
-0.967655
-0.816896
-0.69222
-0.584665
-0.488746
-0.400696
-0.31796
-0.239086
-0.16328
-0.0890887
-0.0144162
)
;
    }
    bottom
    {
        type            calculated;
        value           nonuniform List<scalar> 
50
(
-157.989
-158.217
-158.022
-157.989
-157.989
-157.989
-157.989
-157.989
-157.989
-157.989
-157.989
-157.989
-157.989
-157.989
-157.989
-157.989
-157.989
-157.989
-157.989
-157.989
-157.989
-157.989
-157.989
-157.989
-157.989
-157.989
-157.989
-157.989
-157.989
-157.978
-157.987
-1.20253
-1.42542
-1.02337
-0.586057
-0.261862
-0.0363813
0.101761
0.186974
0.265847
0.342282
0.417164
0.490931
0.563786
0.635906
0.707459
0.778526
0.849052
0.918688
0.985701
)
;
    }
    downSlope
    {
        type            calculated;
        value           nonuniform List<scalar> 
85
(
0.988614
0.966044
0.943877
0.922105
0.900722
0.879721
0.859094
0.838836
0.818939
0.799397
0.780203
0.761352
0.742838
0.724654
0.706794
0.689253
0.672025
0.655105
0.638486
0.622164
0.606133
0.590388
0.574924
0.559736
0.54482
0.530169
0.515779
0.501647
0.487767
0.474134
0.460744
0.447594
0.434678
0.421993
0.409534
0.397297
0.385279
0.373475
0.361881
0.350495
0.339312
0.328328
0.31754
0.306945
0.296539
0.286319
0.27628
0.266421
0.256738
0.247228
0.237888
0.228714
0.219703
0.210854
0.202163
0.193626
0.185242
0.177007
0.16892
0.160977
0.153175
0.145513
0.137987
0.130596
0.123337
0.116207
0.109204
0.102326
0.0955714
0.088937
0.0824209
0.0760211
0.0697356
0.0635621
0.0574989
0.0515438
0.045695
0.0399505
0.0343086
0.0287673
0.0233249
0.0179797
0.0127298
0.00757353
0.00250931
)
;
    }
    upSlope
    {
        type            calculated;
        value           nonuniform List<scalar> 
85
(
-158
-158
-157.952
-87.8732
-65.0151
-52.6602
-45.1425
-40.1145
-36.4991
-33.7668
-31.6264
-29.9032
-28.4859
-27.3
-26.2939
-25.4304
-24.6822
-24.0286
-23.4536
-22.9449
-22.4924
-22.0882
-21.7258
-21.3997
-21.1053
-20.839
-20.5975
-20.3779
-20.1781
-19.9958
-19.8294
-19.6773
-19.538
-19.4105
-19.2936
-19.1864
-19.088
-18.9977
-18.9149
-18.8388
-18.7689
-18.7048
-18.646
-18.5921
-18.5427
-18.4974
-18.4559
-18.4181
-18.3835
-18.3519
-18.3232
-18.2971
-18.2734
-18.252
-18.2326
-18.2152
-18.1996
-18.1856
-18.1732
-18.1622
-18.1525
-18.1441
-18.1368
-18.1305
-18.1253
-18.1209
-18.1173
-18.1145
-18.1124
-18.1109
-18.1101
-18.1098
-18.1099
-18.1106
-18.1116
-18.1131
-18.1148
-18.1169
-18.1192
-18.1218
-18.1247
-18.1277
-18.1309
-18.1342
-18.1377
)
;
    }
    sides
    {
        type            empty;
        value           nonuniform 0();
    }
}


// ************************************************************************* //
